0.000000000000000000e+00
0.000000000000000000e+00
0.000000000000000000e+00
0.000000000000000000e+00
0.000000000000000000e+00
0.000000000000000000e+00
0.000000000000000000e+00
0.000000000000000000e+00
0.000000000000000000e+00
0.000000000000000000e+00
0.000000000000000000e+00
0.000000000000000000e+00
0.000000000000000000e+00
0.000000000000000000e+00
0.000000000000000000e+00
0.000000000000000000e+00
0.000000000000000000e+00
0.000000000000000000e+00
0.000000000000000000e+00
0.000000000000000000e+00
0.000000000000000000e+00
0.000000000000000000e+00
0.000000000000000000e+00
0.000000000000000000e+00
0.000000000000000000e+00
0.000000000000000000e+00
0.000000000000000000e+00
0.000000000000000000e+00
0.000000000000000000e+00
0.000000000000000000e+00
0.000000000000000000e+00
0.000000000000000000e+00
0.000000000000000000e+00
0.000000000000000000e+00
0.000000000000000000e+00
0.000000000000000000e+00
0.000000000000000000e+00
0.000000000000000000e+00
0.000000000000000000e+00
0.000000000000000000e+00
0.000000000000000000e+00
0.000000000000000000e+00
0.000000000000000000e+00
0.000000000000000000e+00
0.000000000000000000e+00
0.000000000000000000e+00
0.000000000000000000e+00
0.000000000000000000e+00
0.000000000000000000e+00
0.000000000000000000e+00
0.000000000000000000e+00
0.000000000000000000e+00
0.000000000000000000e+00
0.000000000000000000e+00
0.000000000000000000e+00
0.000000000000000000e+00
0.000000000000000000e+00
0.000000000000000000e+00
0.000000000000000000e+00
0.000000000000000000e+00
0.000000000000000000e+00
0.000000000000000000e+00
0.000000000000000000e+00
0.000000000000000000e+00
0.000000000000000000e+00
0.000000000000000000e+00
0.000000000000000000e+00
0.000000000000000000e+00
0.000000000000000000e+00
0.000000000000000000e+00
0.000000000000000000e+00
0.000000000000000000e+00
0.000000000000000000e+00
0.000000000000000000e+00
0.000000000000000000e+00
0.000000000000000000e+00
0.000000000000000000e+00
0.000000000000000000e+00
0.000000000000000000e+00
0.000000000000000000e+00
0.000000000000000000e+00
0.000000000000000000e+00
0.000000000000000000e+00
0.000000000000000000e+00
0.000000000000000000e+00
0.000000000000000000e+00
0.000000000000000000e+00
0.000000000000000000e+00
0.000000000000000000e+00
0.000000000000000000e+00
0.000000000000000000e+00
0.000000000000000000e+00
0.000000000000000000e+00
0.000000000000000000e+00
0.000000000000000000e+00
0.000000000000000000e+00
0.000000000000000000e+00
0.000000000000000000e+00
0.000000000000000000e+00
0.000000000000000000e+00
0.000000000000000000e+00
0.000000000000000000e+00
0.000000000000000000e+00
0.000000000000000000e+00
0.000000000000000000e+00
0.000000000000000000e+00
0.000000000000000000e+00
0.000000000000000000e+00
0.000000000000000000e+00
0.000000000000000000e+00
0.000000000000000000e+00
0.000000000000000000e+00
0.000000000000000000e+00
0.000000000000000000e+00
0.000000000000000000e+00
0.000000000000000000e+00
0.000000000000000000e+00
0.000000000000000000e+00
0.000000000000000000e+00
0.000000000000000000e+00
0.000000000000000000e+00
0.000000000000000000e+00
0.000000000000000000e+00
0.000000000000000000e+00
0.000000000000000000e+00
0.000000000000000000e+00
0.000000000000000000e+00
0.000000000000000000e+00
0.000000000000000000e+00
0.000000000000000000e+00
0.000000000000000000e+00
0.000000000000000000e+00
0.000000000000000000e+00
0.000000000000000000e+00
0.000000000000000000e+00
0.000000000000000000e+00
0.000000000000000000e+00
0.000000000000000000e+00
0.000000000000000000e+00
0.000000000000000000e+00
0.000000000000000000e+00
0.000000000000000000e+00
0.000000000000000000e+00
0.000000000000000000e+00
0.000000000000000000e+00
0.000000000000000000e+00
0.000000000000000000e+00
0.000000000000000000e+00
0.000000000000000000e+00
0.000000000000000000e+00
0.000000000000000000e+00
0.000000000000000000e+00
0.000000000000000000e+00
0.000000000000000000e+00
0.000000000000000000e+00
0.000000000000000000e+00
0.000000000000000000e+00
0.000000000000000000e+00
0.000000000000000000e+00
0.000000000000000000e+00
0.000000000000000000e+00
0.000000000000000000e+00
0.000000000000000000e+00
0.000000000000000000e+00
0.000000000000000000e+00
0.000000000000000000e+00
0.000000000000000000e+00
0.000000000000000000e+00
0.000000000000000000e+00
0.000000000000000000e+00
9.324756639526244478e-03
8.215771864946760233e-03
7.639710177553911755e-03
2.022209621244901515e-03
9.829715773385124325e-03
1.197681523551436672e-02
7.701494079968394454e-03
4.172429768275644560e-03
4.612097906702488054e-04
6.246558708452270951e-03
6.355433899206572659e-03
1.672127525437306110e-03
1.163716448699402472e-03
1.367322823320489891e-02
4.263968316833769215e-03
6.395328664896305151e-03
1.140493914939272367e-03
-9.974131018857814411e-06
7.256599111641597738e-03
3.126508645082508309e-03
2.421126624576519504e-02
6.033076645565175165e-03
1.058024128418547094e-02
1.747031828345231921e-02
9.649384240615612937e-05
4.067108730082949659e-03
9.779285263615789328e-03
1.196474613695812893e-02
9.036047758252237216e-03
2.666126236812828895e-03
3.250202954834659208e-02
8.342950633763905957e-03
1.172397636229003878e-02
2.968795153553122675e-03
5.009878759962151963e-03
4.120859795719742855e-03
1.021088516784456404e-02
7.054322526944899197e-03
1.561395896345944834e-02
1.077466570976143116e-03
6.898631135837128558e-03
3.270441337657640363e-03
3.463261680329486614e-02
9.926055120657181763e-03
1.226976394798250450e-02
1.693589887593065224e-02
7.719527140112866954e-03
8.150665920193160899e-03
3.565238394640760783e-02
1.578597640549710482e-02
1.245940782885972611e-02
1.735569762413447653e-03
2.887310295089184214e-02
4.860360976138703923e-03
6.512832759909358178e-03
1.334757503558830875e-02
1.203492658091410289e-02
1.584823566665753691e-02
4.316142450455634841e-03
1.186560528852742720e-02
1.526347031688370104e-02
4.556290824965428601e-03
9.433529636812001962e-03
9.017851811817616942e-03
2.439061908822564434e-02
1.307673872359835926e-03
3.227471824753126023e-03
2.318671735780318630e-03
7.390890470874061750e-03
2.864121517852577514e-03
5.266264399008869015e-03
4.420233928290379435e-03
6.680764000672282169e-03
6.221038264509360510e-04
6.699988299658478190e-03
1.478586269522622152e-03
-1.059662850888164892e-03
-2.382309440596263456e-04
1.545863816216928692e-02
8.205919562709697301e-03
-3.782892291545926228e-04
7.285000544879626470e-03
4.857375888441633344e-03
7.076648132927626858e-03
9.807440039279800501e-03
3.976753726231182368e-03
4.873127126138602702e-03
2.693442381070308873e-03
6.837869872968062313e-03
5.486203416316988088e-03
1.163386076078228373e-02
-4.189446493661717072e-04
1.039716392676644664e-03
4.285149185611589716e-03
1.633648055419088460e-02
3.320395784561616485e-03
3.849800759646315913e-03
7.070423222636856376e-04
1.033895693939516219e-02
1.504108577808121149e-02
2.541339703894945207e-02
4.884561971532994616e-03
1.501794722362040889e-02
-1.779922368880245223e-04
6.908121172228975579e-03
3.412671990893902888e-03
3.112398407090936642e-03
1.102392940331258821e-02
4.969965756428887209e-03
3.649989839697603301e-03
5.665227498876703079e-03
6.555225062367945471e-03
1.174096319740409837e-03
2.066169472990590783e-03
8.287489470272498340e-03
5.846807577255109037e-03
1.678786758471289067e-02
5.482669682516504162e-03
-9.507459787624067751e-03
1.963602682607532013e-02
6.014423311720559599e-03
1.053646984051367225e-02
6.056192970694341919e-03
8.095278599642077985e-04
9.596372377796414527e-03
5.245306757921964699e-03
2.143178514301892230e-03
1.032196927548096037e-03
1.623838166989521881e-02
3.795936576765140610e-03
1.460951353506353143e-03
1.606248685264578466e-02
9.265578232500572622e-03
5.058044616833732784e-03
7.992425005415134537e-03
1.121102954514984450e-02
2.124916032925740390e-03
7.191989793733511403e-03
6.961487003010632252e-03
5.358398163503784407e-04
1.723086894981250543e-03
5.198870858529013907e-03
5.996889374253866652e-03
4.016092091212741105e-03
3.002739029967145014e-03
6.376761622221403629e-03
7.722031290124303782e-03
4.902638335966277329e-03
3.596667826806268205e-04
5.416550310346727494e-03
8.290879232535997099e-04
2.802818163328674259e-03
6.267669570396231134e-03
1.081466424765449921e-02
8.843815079978436730e-03
9.321023919051315415e-03
6.910935767175934753e-03
1.724560174552846464e-02
7.806744830171265942e-03
1.369244557202430827e-03
9.962671079291562232e-03
1.518093006268250722e-02
3.882698009677472764e-03
3.175609986571028241e-03
3.050602567890295727e-02
1.447190862747380589e-02
1.881320123890566770e-02
6.136506051760479835e-02
9.532696117905439109e-03
2.185550989646391565e-02
7.139490195237489442e-03
3.366176092233773287e-02
7.357150754612907552e-03
1.104627878794281655e-02
1.364708816625199647e-02
4.759201626895511860e-04
1.405012088228740387e-02
9.460764768247681596e-04
5.432145389317046685e-03
7.296341201778247347e-03
7.862966442083535457e-03
8.125557383393450933e-03
1.561855648799315719e-03
4.527031465009269742e-03
6.981893262814669633e-03
2.119380578989803546e-02
4.096617358035544235e-03
4.974625700562390097e-03
6.681060644148153170e-03
6.355665062545960307e-04
4.131045629056777878e-03
5.790727969549248899e-03
1.485627865224359127e-02
6.393289155247154458e-03
1.347288867333253700e-03
1.456945303795897234e-02
2.212434942689404070e-03
1.731589514465841848e-03
1.611029848977552255e-03
4.247312165997395132e-03
-9.993070007636032162e-04
1.196935602829851675e-02
5.099432715107498487e-03
3.684841668398950235e-03
8.415151480052630514e-03
9.706610545793435685e-03
6.228531058616276588e-03
-4.636650829429098510e-04
1.876653587707767176e-02
6.612461452944688733e-03
4.548991511841215737e-03
8.320599318162123087e-03
8.278740909625359121e-03
6.822359402929354007e-03
1.302784892059208333e-02
-3.005254345643696996e-03
8.445980962826121416e-03
7.635138346547867307e-03
1.121841615796564766e-02
4.427970385705731066e-03
9.953849415224482258e-03
8.834268432786394551e-03
-6.409478668020933195e-04
3.459081979846873045e-03
8.142747281554464298e-03
-7.713141100777420010e-04
5.306159136816330363e-03
-1.682904280430193647e-03
2.532443397201353946e-02
3.996354226215421100e-03
3.717130683866945451e-02
3.921962049592268851e-03
4.168863608573730034e-02
2.336907975059290127e-02
3.597772846110274675e-02
3.979055535458289605e-02
6.796767662351145718e-03
6.122700108545786959e-03
5.047040306634652598e-03
6.090957785044369063e-03
2.723903583359827546e-02
1.460925553354519915e-02
6.764379549031841743e-03
2.495008198726776996e-02
6.415765025123633565e-03
1.365661346681448264e-02
1.253485298951433589e-02
6.296488540684600649e-03
1.164493556241847673e-02
4.017640035008088716e-03
4.677156264655753931e-03
2.192738524316090523e-02
-1.598769028385389410e-03
1.260774121295232808e-02
8.929561951372386175e-03
1.215559072569168814e-02
-5.210443356108385334e-03
4.309296285781948239e-03
2.728835550183885197e-03
4.511289577181605386e-03
7.799419257484203373e-03
6.653493212278576568e-03
4.997860497713143071e-03
1.488694849720228509e-02
5.103117321973160009e-02
9.843022436610598946e-02
9.696020417702912913e-04
1.802571784746493169e-02
2.598715771572681493e-02
9.393187186614816372e-03
2.795606458415278439e-02
1.725452348225148605e-02
1.015129359084285341e-03
1.601026218504228438e-02
2.333262755497344729e-02
-3.881328100822259691e-03
2.917895996615067766e-02
1.094693520085328418e-03
1.201189038545618162e-02
9.642296193140168642e-03
1.197103392466904344e-02
1.407816541614035494e-02
1.198070094877141771e-02
-9.894001678083640811e-04
2.024138961007728235e-03
1.319234489692494051e-02
1.532315488888827404e-02
2.768618456074407180e-02
8.081972960980577866e-03
2.551222797361996086e-02
1.524893531731117552e-02
2.711620530049430391e-02
2.136249534409660061e-02
1.247755090185901153e-02
1.010071680008001009e-02
3.932048592517455726e-03
1.284370095150148133e-02
4.375230617737113983e-03
3.441529679980546985e-02
-4.805741231325355231e-03
1.009350799663111600e-02
8.343300530990247973e-03
8.999190663557053282e-04
1.533293968558860701e-02
2.754286067462698509e-02
5.609574579420155936e-03
1.316318146973126900e-02
8.052249487125436381e-03
1.328529100819669968e-02
4.460578591080533242e-03
2.764328468513976497e-02
-1.185837647694072119e-03
3.425486479576712873e-02
3.597090010930026902e-04
5.275348239807112552e-03
8.095496478645486729e-03
1.117615292465191056e-02
-4.502046605695151586e-04
1.987457385743702024e-02
1.101583922608134584e-02
2.032453787265591644e-02
1.370281458067378402e-02
3.907406045328832428e-02
-1.334172289057120259e-03
9.976755509699241492e-03
1.723798284176896248e-02
2.717345869781297163e-02
5.631896333569468005e-03
-7.276725392742959195e-03
3.436892080789886485e-03
1.221504471721949038e-03
2.906305343138767400e-02
9.371424697783136554e-03
1.330889204077560003e-03
3.244803530268425967e-02
7.365734895548313108e-03
3.708410999346802885e-03
6.518750034440876605e-03
5.124143650739354820e-04
1.298850391789899313e-02
4.625379505783616153e-03
7.030221045091239896e-05
6.127723061315156795e-04
6.104179925709467790e-03
7.492073544513277485e-03
2.317089128055586575e-03
1.737212586060120356e-02
4.726135802096794597e-03
-2.492146122562395334e-03
1.885843829737450517e-02
3.913928199417339958e-03
3.982460293567173341e-03
6.509346976909033758e-03
1.930639443530007913e-04
1.030678443806826335e-02
4.968674028634788298e-03
1.035531228617997228e-02
2.573190516915673832e-03
6.862299957305513162e-03
9.522512296965469263e-04
-1.025699268094110855e-03
1.351365283984667931e-02
5.421501739096556971e-03
9.386374741136767905e-04
-1.718768156454447346e-03
5.470846592123865260e-03
-3.874396661857814651e-03
1.349488153917339367e-02
-3.410976328755789869e-04
1.000495272325621805e-02
9.316201478548777294e-04
2.087784154278148931e-03
1.512651480070725286e-02
3.044174999163650613e-02
1.143896297953387632e-02
5.489227770530514562e-03
6.009059314162348668e-03
1.768141190761552892e-02
6.265761015822131699e-03
7.717285906551518693e-03
3.034963282085141600e-03
3.931509243969392997e-03
1.081560880184890411e-02
1.653413366366809911e-02
3.783292587482689831e-03
-3.168020465102031665e-04
4.724254298289372149e-03
7.626496693130282306e-03
-2.726020506726342099e-04
2.884368693981299511e-03
1.042207210486029330e-02
9.361226518006342950e-03
-4.155506615262041618e-03
6.590173136564069466e-03
1.228044530998359616e-03
4.568604046526521766e-03
4.769376881804683610e-03
7.777830392613413468e-03
1.767043195123946947e-02
1.415370748561901263e-03
7.927105425999392274e-03
1.125604767817504209e-02
3.733509531426779625e-03
1.135973164305609240e-02
1.459645992886130124e-02
2.672037473207287961e-03
7.664695038016430297e-03
2.243316003859625266e-03
4.080701815873071306e-03
-1.096109582147965960e-03
1.213822701585253253e-02
-2.989341656588380414e-05
1.054575593456031322e-02
4.519041929353973669e-03
1.619684365961250160e-03
-6.189308615291611200e-06
-3.069819309927826131e-03
-1.390512115701780403e-03
6.220421362110507661e-03
1.144076548513106931e-02
-2.541584595980916038e-03
1.064662597436254014e-02
5.217776404735330678e-03
-6.136200856868595684e-04
5.461928812154198502e-03
1.290647352559361888e-02
6.704140149139335356e-03
7.394690560897979742e-03
1.570989707128725085e-02
8.036646365108854329e-03
8.024932912836209645e-03
4.777415374658298443e-03
5.265308960048407753e-03
1.947663347024561949e-03
1.637202180208699020e-03
8.078921467381625782e-04
8.252468167334025759e-03
4.535525280134474965e-03
2.361999347413267641e-02
3.998490230048857294e-05
1.465234633379324837e-03
2.070400231767510063e-02
8.711259439969266808e-04
4.094532610619604912e-03
5.985265003647470376e-03
3.361563581656916780e-03
3.706234784864900593e-03
1.988640638876138910e-03
4.589246295027453806e-03
3.140481729796722708e-03
-5.324910358789903793e-04
3.911792120420325494e-03
2.455634138158015525e-02
7.704675333644683084e-04
1.664074893475329942e-02
1.191990084785410115e-04
-4.049730097392167764e-03
6.119292029999237603e-03
2.582026310881089040e-02
6.685323667855785825e-04
1.461752635320715150e-02
7.777139906637358692e-03
1.393917640450803574e-02
3.018103753177855432e-03
7.549258603185504679e-03
1.749039362132087530e-03
5.994773653653428375e-03
8.184419449487743969e-03
1.456307492115658988e-03
2.302868154123973582e-03
1.977508134896621000e-03
2.541688764862429315e-03
8.418006044725584794e-03
1.140327884157184800e-02
3.330909992918195100e-03
7.002736713208078390e-03
6.758511162754988338e-03
1.376058401912265937e-02
5.087166216968252996e-03
1.327173109698496882e-03
2.935307874056494563e-03
1.315364116378069147e-03
1.698706902508191618e-02
3.482674154991922781e-03
6.170515040369199851e-03
-1.354332815786274012e-03
1.133556510629948888e-03
3.410932830140806990e-04
2.008570163388683112e-03
3.929795187653265139e-03
4.638911900046801748e-03
5.188515690130480855e-03
-2.114861811477864503e-03
1.435520947366759718e-03
2.515100297380618542e-03
5.836544196621121228e-03
7.482364638953581913e-03
9.868696106415937412e-04
1.607346072085356729e-03
7.920583866120873943e-04
6.138841615498677549e-04
4.894948270408684687e-03
1.445079384137878953e-02
2.823200805999622181e-03
-1.395552588913864063e-03
8.769489628391094471e-03
1.214288829686010693e-02
3.677991011540584707e-03
3.474271922229051502e-03
3.703345096968145567e-03
1.824867777909564351e-02
5.801136468378104670e-03
4.472555799581215061e-03
1.490303377440717683e-03
1.116679571589968261e-03
1.471380743610382685e-03
-2.656215339642875638e-04
4.294051971431137905e-03
7.208652264218466839e-03
3.184191459188173440e-03
1.032692709526451987e-02
7.853171156040313419e-04
-1.312074892748265166e-03
-2.192135665492050359e-03
6.011559062684564657e-04
4.505840127875046161e-03
4.419008546535386703e-03
6.210107319419332431e-03
5.033729643086741652e-03
1.321464801980242040e-03
1.414424945087833577e-03
3.481181372097689325e-03
6.317515840514629361e-03
1.844541081273374638e-03
-1.748305557097128756e-03
6.225091016091855584e-03
1.333641797752833230e-02
2.043089154071955384e-03
1.177884644475876014e-02
3.078473503116096175e-04
3.134302500918749457e-03
1.551423123887076287e-03
1.725662283421341070e-03
4.516604466871286007e-03
1.056217848014532994e-02
-1.114739463008637948e-03
1.136494139332564109e-02
1.102315370099248709e-02
5.566189389514359168e-03
-1.078453952233070657e-03
-1.491538831984024795e-03
3.407661375664510547e-03
6.973427416046296297e-03
-9.007779613456987512e-04
-2.862924122113812749e-03
9.566715827931209642e-03
2.145799533616774349e-03
9.337970420281831163e-04
6.460740760094148619e-03
-9.650935633201849703e-04
2.744830453950602121e-03
9.605115542906986735e-04
3.438526164047278275e-03
4.610865456326357359e-03
2.230486500047662623e-04
4.880809980987972120e-03
3.845022269036077293e-03
-2.170228699462609535e-03
1.400778574775634298e-03
1.135642540340588320e-03
4.683835137111590219e-03
3.473184035937575652e-03
7.055970639329124314e-03
1.555166809868801766e-03
3.442513250696562378e-03
9.321049185070231363e-03
2.115037004228198687e-03
9.186183445459216931e-03
6.849319880673327646e-04
5.159926201888408778e-04
1.598407439197021022e-03
-1.814303128680149401e-03
1.340159109143834217e-03
8.503895792102325601e-03
7.241878721780050862e-03
7.473575492027101884e-03
-2.006880471115491619e-03
1.781643647065122476e-03
2.793566518442008439e-03
9.620565522215889648e-05
5.881744069041461298e-03
3.281556277250972323e-03
1.819575837452647301e-03
3.368849748933777123e-03
1.183011489318603520e-03
4.982910486137170566e-03
5.550614700720263653e-04
2.281307434997043807e-03
8.206594064021676196e-04
6.233084492460867071e-03
1.728388572946930541e-03
6.429192828803331327e-04
4.110209608444746927e-03
2.749796177944037641e-03
4.645322817346329847e-03
4.396992789861171869e-03
6.434832683203973135e-03
2.472307092431060178e-03
1.462782025845519446e-03
3.137081767728361684e-04
2.111301705816618149e-03
1.320023804833771490e-03
-1.637245144037077901e-03
2.213212195559444498e-03
2.646059597282438437e-03
6.154946810412681955e-03
3.704583886869330586e-03
1.232771668154407363e-02
6.885171966667904403e-03
1.124416716372707292e-03
7.971442589771872422e-03
3.651515951554417001e-03
3.192519481419948176e-04
-2.598872007072838743e-03
1.101025186251496481e-03
2.455793496920522477e-03
5.234885756874824853e-03
3.116543787489049928e-03
-1.482767816189957052e-03
9.642387616816149899e-04
8.263339924760939887e-04
4.222197671916672057e-03
-7.802215441475036364e-04
-5.156942736600195849e-04
1.806462712783664121e-03
3.735727042231979083e-03
5.998774025216338252e-04
-5.018147813882084703e-03
5.924853745617041090e-03
2.902824264402742568e-04
9.172448637709495166e-04
-2.023280784433147041e-03
-5.670904927768827958e-04
-2.786204354048234548e-04
6.438231937013800740e-03
-6.405789795307263246e-04
1.820506390351439270e-03
3.328766656460557284e-03
1.147664863387151159e-02
7.116828733489014925e-04
8.911715810167350482e-03
8.350794445021745074e-03
-6.369537657309562884e-04
1.952212133715365214e-02
5.603475108258671594e-02
1.378588812474807780e-02
7.919817828425757683e-03
3.432265875380846685e-03
4.160259363999626800e-03
6.349749027004787313e-03
-2.979117389852453147e-03
3.698697827684005457e-03
1.590386815027010348e-02
-4.007077853190825663e-03
4.361676190916639363e-03
-6.432732013155899363e-04
6.105287706435124848e-03
4.467060191450092886e-03
4.658862904498899983e-03
1.192261981143117938e-03
2.962130858902580995e-04
2.394641052847685300e-03
4.816784549118478288e-03
5.147044764360545269e-03
1.067700469132969003e-03
4.586891674412812980e-03
9.209062448368898063e-03
3.074398025250394545e-03
1.215613979449349687e-02
8.443437188031347254e-03
8.881170388018621437e-03
5.742876315240817015e-03
8.728070360700560665e-03
2.001546612591234347e-04
2.809040640257317711e-03
4.677754278894209923e-03
3.215031934087481981e-03
6.621373063603135621e-03
7.488361451575849433e-03
-4.618142542741457998e-04
9.577076791247807197e-03
-1.461609476046451389e-05
1.164840608941519057e-02
2.265360595426184169e-03
7.562018260123702304e-03
1.218106763938567403e-03
7.634115014397009971e-03
-2.145943842008743527e-03
2.886440820329373648e-04
4.471078508533093097e-03
9.476955534860964994e-03
4.684140607360891273e-02
1.954130225546460951e-03
1.087858117290291075e-02
5.758090127168442873e-03
2.125196185853709882e-02
2.996937598106937974e-03
1.804252391720826548e-02
3.088921432970555356e-03
3.609742221564292506e-03
5.717750668487989532e-03
1.975715773267621572e-02
4.422559852114693428e-03
3.914171419887272772e-04
2.833057434565846786e-04
2.499895778062580579e-02
5.160352805678131843e-03
2.337296263133556602e-03
1.356221340061312779e-03
5.307240363893704627e-03
9.923042838636125795e-04
6.534679537021931099e-03
1.660834184007516784e-02
-5.108680283801679198e-03
6.856140347331393832e-03
2.181207866866854451e-05
2.253729575907359017e-03
1.871608961889617085e-04
-6.991770388425110668e-04
2.485492709117283726e-03
-1.847155490948289465e-03
3.740256316393733658e-03
2.159773708987878203e-03
2.302179502367972426e-03
2.793502181598882424e-03
4.305962670212153988e-03
2.012143872382311446e-03
6.826333897110368164e-03
-1.375589939135454061e-03
1.830905468493945103e-03
1.388562341953141627e-02
2.731981417225610911e-03
3.411544198615574369e-03
1.638180982012385836e-03
3.359768930394644963e-03
1.816107761044703783e-03
1.216403635048322537e-02
4.811737944421413428e-03
6.472134275376668563e-03
9.554875432385644650e-04
4.888634463945343289e-03
2.279214928814423703e-03
1.183092717437181536e-02
1.056079667194878557e-02
5.358753150024542222e-03
9.924452484452771575e-03
4.391131742883244010e-03
3.657075280021396344e-03
1.496428966149625532e-03
1.793610730877891538e-02
3.730572806252408294e-03
5.683487176362481130e-03
1.946150895470416141e-03
2.155175005593773854e-02
-7.921846998083605963e-04
1.747276627066373864e-02
3.147821405935794393e-03
1.133885933421133630e-03
1.472478108650614485e-03
2.136607933368491873e-03
1.492974338325208771e-03
1.668114976520614426e-03
9.428437986780478092e-03
3.667917757127795927e-03
1.663597636742118399e-03
5.477835218049553583e-03
8.439255752114009634e-03
4.516793643098905575e-03
5.463140433236826632e-03
1.260778610095175493e-02
5.173568053634072794e-03
5.757363619255119989e-04
-1.480284295072789450e-05
3.824361069694814669e-03
1.223133127815288941e-02
4.626832932145561253e-03
2.655411449863274119e-03
9.078121333588148184e-03
6.713420764410935916e-03
2.860254163773504749e-03
-2.936958021362677399e-04
4.029736998374560449e-04
8.563358207786453055e-04
4.606063892836578409e-04
1.029746360534259178e-02
8.369211737537599885e-04
8.076962139341607510e-04
2.546534939129025017e-03
-1.765072803918350201e-03
9.557017326340721056e-03
8.222130333428352006e-03
9.623505849253351100e-04
6.717804837180287730e-03
2.201120250629553989e-03
7.760607211203997963e-03
5.156250159018828730e-03
5.701745624542934980e-03
2.815732916954723566e-03
1.082653782433941336e-02
2.731302733662647683e-03
3.690272151103795792e-03
1.854391981613922246e-03
3.345337698286860069e-03
3.415658490270071304e-03
7.541167711354153196e-03
1.484208318504072650e-02
3.892581048401273216e-04
1.083987785367832718e-02
4.229559746308233885e-03
-1.891966363873650745e-03
5.082562145857775181e-03
8.972941979202215743e-03
3.869496620644625150e-03
1.128003790341545499e-02
2.776300998302775290e-03
3.200783071834175340e-03
1.185970161035504976e-03
4.885621673592050775e-03
1.449849377619576683e-02
2.748058140530781727e-03
2.110630175069912618e-03
1.429320608632794970e-04
5.720222610833372232e-03
4.983262298545718984e-03
3.987328705477985111e-03
1.047493313727259267e-03
1.865704221094245316e-02
5.626113843552984703e-03
1.987990051946494224e-03
1.363149331556271068e-03
1.492119998133372696e-03
1.040673814630537278e-03
9.955836717456121449e-03
8.785112230034657424e-03
2.054632680383618182e-03
-7.474008071530307802e-04
1.727689408371382634e-03
4.077975290554751442e-03
4.030787990905943322e-03
-2.447008511211325524e-03
1.438757620141889286e-02
1.282758879171179596e-02
3.245760616234318226e-03
-1.194166395076605089e-03
1.011325468596307141e-02
-2.120187826253862578e-03
1.399413589907048516e-03
1.365083771233741028e-02
5.936523643689371743e-03
3.632426833044427074e-03
4.861860974593080684e-03
6.417585844281693125e-03
4.311392348503216565e-03
9.167375655872268131e-03
-1.590890621849166096e-03
7.616469145781648749e-03
1.556598727533049266e-02
7.147391942796540824e-03
-3.672828798288304761e-03
2.762578725174971196e-03
5.804950727440552367e-04
2.497118490586199696e-03
1.969298435594559523e-03
-1.528662585702514126e-03
2.623648706134960960e-03
1.780298060544348651e-03
9.456483199861212552e-03
9.182836921080650763e-03
-3.478134625358971551e-05
6.137765159604856129e-03
5.019306003759960513e-03
6.497309228627307347e-04
1.915460695879346240e-03
6.886259002713267588e-03
9.712323440313938225e-03
2.931371279478942916e-03
5.672530251662960717e-03
5.482078704348363092e-03
3.463102488069907427e-03
7.462326835012433358e-04
1.689657243700399495e-03
7.148895403671731187e-03
1.270499406109052007e-04
-3.749450647079876318e-03
2.029037321972185920e-03
6.450345556241506972e-04
-1.799157238381570573e-04
3.944004502090931417e-03
7.838726535935969068e-04
9.841145652194232575e-04
-3.755753247002168414e-03
-1.275190885563754536e-03
4.305121700656330125e-03
5.591425825123969712e-03
9.153513354211644665e-03
-1.705506319844682719e-03
1.790416065932008520e-03
5.691864015292411906e-03
3.479872562679123087e-03
-9.419532394798891921e-04
2.658121869301630514e-03
2.287240123537030278e-03
4.064698732156893867e-04
4.554700250068740089e-03
8.238246251966988357e-03
-1.406160730173149857e-03
2.881594026278311033e-03
4.667769755930296222e-03
3.794013550443174707e-03
5.198585109344788791e-03
2.151343565254001163e-03
3.571529510125037200e-03
-3.859664539295917449e-03
-7.878914829243057784e-04
-4.181552424495122051e-04
8.790585071895559016e-03
2.158226087489328350e-03
6.999178763737015467e-03
-1.087562846542166044e-03
2.162915139733219416e-03
6.250927216183731813e-06
-1.759918133645991482e-03
4.141149647345726504e-04
8.313915068053344707e-04
1.495173148923541065e-03
9.919102514561363090e-03
3.183085766465329567e-03
2.858441315488822977e-04
1.953689336005840112e-03
-2.815421277885952773e-03
1.163067275512143098e-03
-7.442758515932220180e-04
5.869111819733026890e-03
2.143226729719474762e-03
1.212731111018679696e-04
3.457936411264594858e-03
3.217122229558881121e-05
7.690490163516026587e-03
2.463643672316509492e-03
-1.318692430450436361e-03
-1.608109441219357418e-04
1.604713415019847714e-03
2.494038448108788428e-02
2.333244587505274841e-03
2.795301438845910385e-04
3.410478672115285943e-03
1.205627262186224034e-03
1.231422194192964689e-03
1.502231664039736640e-05
2.221978920086698558e-03
2.126298131478525973e-03
2.186250784949864915e-03
1.293248621458142639e-03
8.108625085623248239e-04
1.820271979684335651e-03
2.898726012035615900e-03
2.160045545020871077e-03
3.981484224006447050e-04
4.670555853372682260e-03
4.446458374796460390e-04
8.114825725497251674e-04
1.142322289385244716e-02
6.733340730197445029e-03
1.156635744748784819e-03
2.608712310564235363e-03
5.965418687363134836e-04
-2.889680779223491227e-03
6.680740096201022958e-03
-1.279819656748252968e-03
-2.093962638699519698e-04
-2.984795779448912579e-04
2.330513818625526618e-04
-6.437965069519368914e-04
2.101867845968158257e-03
5.131993619137456206e-03
3.212118072623250213e-03
-1.621976553823224927e-03
-4.093088756463312064e-03
3.575013695189060547e-03
-7.317801651004653260e-04
4.146298283383727593e-03
-1.268325893086338441e-03
4.689079101007953380e-03
2.913435620150135914e-03
1.187752238266593556e-03
1.566755496300279056e-04
2.377381905728460573e-03
8.711380259668630253e-04
1.194432839480781810e-03
1.368409533472238291e-03
1.942890049439198897e-03
2.061859357906997963e-03
-2.271669025794480841e-04
3.361846244019533244e-03
2.732413126447757155e-03
1.570155686400697944e-03
-2.531256991581030350e-03
3.449335853029900176e-03
3.763789735895505580e-03
-2.587983805909968831e-03
4.748443705248283145e-03
4.181477890790413071e-03
1.985226201891010511e-03
2.786614545806759789e-04
3.062943813926730097e-03
-9.632855035543491824e-04
8.378208195953636833e-03
6.428351404258826618e-03
2.517092845465146098e-03
4.883541888910590892e-03
1.162136925004930363e-02
1.442097852616955160e-03
8.720777913368536055e-03
6.161674027652815598e-03
1.395538985822042735e-02
-4.957441997343595879e-04
4.177358517059090578e-04
5.284945317677416585e-03
3.910778911404589123e-03
8.171341929137120041e-03
5.776368094208831315e-03
9.154204966653549727e-03
-2.609902871307655681e-04
-3.885755944618697567e-04
4.446063105973540805e-03
3.163628123459567149e-03
1.056412232783842395e-04
3.877716663318619018e-03
5.426593398665002441e-03
2.158255029956167304e-03
2.980078105105539443e-03
2.423996643817810138e-03
6.951515202741976110e-04
5.328251921346708990e-03
3.733574942122430337e-03
9.291560738540313030e-03
8.226634368871771699e-03
-2.755063351741058025e-03
-1.393285379491223568e-03
9.957186636777266148e-03
9.212731983802266477e-04
7.285939762752615366e-03
-1.808542098166482544e-03
5.838115312470433700e-03
-1.789371109010253402e-03
-1.134395910195560046e-04
1.649700001448954276e-02
-1.219495239772362249e-03
-6.512519368541309916e-04
1.692672968895971800e-04
1.580548794873550206e-03
5.497892929556989425e-03
9.558709320894196934e-04
3.235879523094898225e-03
3.730940075170096140e-03
1.980371521040092189e-02
2.571547617669702954e-02
-2.821954802239901028e-03
6.414221414292188127e-04
1.392677561639088686e-03
2.785006498027888053e-03
6.703353563973152469e-03
1.027032713275697132e-02
4.846463146751309528e-03
1.366991305016403320e-03
4.329872380134766781e-03
1.909907450840593601e-02
1.110051770434725311e-02
7.801846335386885233e-03
8.915998250582528317e-03
2.569229279965151453e-03
3.896164675229431967e-03
2.386490495320707419e-03
1.166591424689494751e-03
5.849767022757586254e-03
3.983203995051136370e-03
4.830456615452135768e-03
9.563962698851810260e-03
6.615911637234905829e-03
1.163309793074017787e-02
8.192602400847921046e-03
3.551028094649324313e-03
7.702962944149459399e-04
5.890799499208807487e-03
5.646239909602397689e-03
4.969686828706553101e-03
-7.013507466384636194e-04
3.534481768649133399e-03
1.698229976098947561e-02
8.791380301083054002e-03
6.508060203069037687e-03
2.005272414344114792e-03
5.045125947157205228e-03
-2.099182353532584502e-03
8.665532530396416119e-03
2.862500545605749409e-03
1.528317834288880732e-02
1.246298395906527724e-02
2.037111124938263598e-03
5.727471842979728160e-03
-2.127360454835615150e-04
3.116750376368023281e-03
1.265040948541687124e-02
4.264691127277386688e-03
-1.449899931874688895e-03
-2.306785850565435357e-03
6.066408473024928819e-03
4.455462781778842495e-03
1.192651785022339796e-02
-1.723799060536001159e-03
-1.994714508508118721e-05
1.218944156562980479e-03
1.945373382744329310e-03
-1.633039524073027788e-03
4.149621450384474546e-03
-1.475800959012033399e-03
7.607677201792929127e-04
2.886139462110983399e-03
9.760091590027459869e-04
2.807821882874212815e-03
-6.514107048257790659e-04
1.388360396543406733e-02
1.318987536230344614e-03
8.369752073014453259e-03
2.625835804368463304e-03
-2.004638091412555469e-03
3.140264216745846347e-03
5.892141671281940669e-03
2.939400864842182243e-03
1.543437272551869549e-02
3.114291217367039233e-03
1.290535677202826748e-02
3.627171263713859992e-03
9.394545700532064020e-04
6.479197724692615720e-03
3.455017468339033684e-03
9.041124937821412534e-04
1.702206646149372667e-03
9.530848403221091900e-04
7.777059131202452777e-03
1.600682719851219838e-03
7.133598740917599518e-03
-1.395657482511438808e-03
2.459060325193367785e-03
6.709664631440796952e-03
3.342469766340300935e-03
2.903041027738021817e-04
-1.928103728358774140e-03
3.104718065347739607e-03
-4.730670584028780494e-04
7.065087187429974595e-03
5.472407319030065699e-03
2.438089711882817940e-03
4.802673550860972647e-03
6.836822136678142540e-05
4.344093376422049173e-03
1.606253479657997890e-02
-5.731509462369849955e-03
3.126679216912922783e-03
1.171377741304959440e-02
7.101858527116468485e-03
4.022531004745419532e-03
6.242080150257989755e-03
4.686766655290526030e-03
2.920044899591775316e-03
3.877728992643682520e-03
6.085043188772834219e-03
4.480916624533582554e-03
9.271710599584368981e-03
8.484706215620455363e-03
5.489604181415640681e-03
5.125907752247303370e-03
8.357508582715351270e-03
-1.255922618974461558e-03
4.211935953986698650e-03
-1.055006008169330489e-03
1.105605225980278543e-02
2.127552352086806327e-03
1.924337638743959340e-03
4.590057701851066774e-04
3.217600102539230726e-03
2.161561504937235464e-03
5.296003187672187335e-03
7.227979775444346583e-03
2.465220052148971511e-03
8.038904121509534784e-04
1.731751225211240839e-03
2.937114007505986068e-03
2.831331618879599776e-03
1.311257780054108030e-03
5.799489605386232149e-03
9.330075641405533027e-04
4.003036926196504655e-03
2.118867390029951017e-03
2.684350591086591409e-03
-4.044671684858410117e-03
1.986152202480095767e-03
3.019510605914411082e-05
1.993297541291164012e-04
2.486268377914691973e-03
1.637650032389425039e-02
2.511746858632223512e-03
-5.911052885242224983e-04
-1.948707087029207669e-04
9.785611093700833166e-03
1.107238788303701801e-02
1.206841066338460063e-02
5.395535930678685942e-03
1.080607131625977747e-02
2.053235175559837110e-03
2.471849953958062639e-03
4.239176356840058252e-03
5.325606230112044960e-03
4.985167594528408692e-03
7.119802199216823321e-03
2.041579244157687087e-03
5.696834822681230877e-03
2.124735793146440010e-03
6.172725137043097790e-03
2.816349181598003237e-03
3.582525098549064341e-03
-1.083289892643315901e-03
2.582416446048771625e-04
1.302937751963908781e-03
5.871961992346234893e-03
-2.665991143490076959e-03
-3.034045171813418498e-03
7.102531616965629228e-03
1.808275228993755628e-03
6.928190568400565200e-03
1.110865545301571722e-02
1.933053094000604724e-03
-1.180100312580514323e-03
-2.528812743581325927e-03
4.065307508541519434e-03
8.234728321988678962e-03
9.868421606934249871e-03
1.283455497673323224e-02
2.390353418789496059e-02
2.860857495069554432e-02
1.635593160133002417e-04
2.108320231330207406e-02
1.491451043736417847e-02
3.917123467185135849e-03
7.195084946008279553e-04
1.220572461156189253e-02
6.960494181790442304e-03
-1.992178248666391129e-03
7.743659996838345334e-03
1.543294069959002049e-02
3.317307611369113996e-03
2.697623107577673020e-03
1.793460716059153571e-03
-6.439063439389000089e-04
4.666629233096441717e-03
1.123490432024697172e-02
6.622965166710475908e-03
9.157109860783028271e-03
-3.747586368497507914e-03
1.091407098796657975e-02
2.989682452231372592e-03
7.851185426144886847e-03
-1.008119573725060327e-03
1.382147400331157697e-02
-5.538824678414023444e-05
1.038014657860236722e-02
2.252969974939941777e-03
1.760648986068819727e-02
1.064705995641083980e-02
4.387720091535784496e-03
7.048679011182236963e-03
2.623814716251021521e-03
4.180199332526675360e-03
2.423277568328966944e-03
5.209593986627794431e-03
5.941638933695514088e-03
6.377943083234444144e-03
2.819237837782319258e-03
4.572895683338786162e-03
5.600609185659453405e-04
3.264659793939484519e-03
7.914019120729301124e-03
4.131212227985407021e-03
2.848369722896665606e-03
1.094547255935234562e-03
5.242946747233729818e-03
-4.321749314091839940e-03
1.295417181907079990e-03
4.102896155927510460e-03
4.820770194197419693e-03
3.598817380907047038e-03
-1.640863926011809984e-03
7.967940705354251314e-04
2.177413498645606581e-03
2.250636975827567058e-03
1.226457504560848639e-03
3.556460590583601557e-03
3.719070408413305013e-03
6.040185400408494554e-03
1.869473973205017844e-03
1.579386616036663419e-03
2.080643181212101390e-03
-1.108583908568037003e-03
2.212151657264388623e-03
1.568414457922075005e-03
-8.598753587830219175e-04
2.656750254217212209e-03
9.070229542925403385e-04
1.197612214708372201e-03
6.863879494616947907e-03
-1.842710843757796278e-03
4.409884190100264723e-03
6.909109115029541531e-03
1.137292016082957265e-03
2.713418251065552889e-03
-4.157846440628237329e-04
1.136859780982631997e-02
2.259624957603249308e-03
-5.457395453745800783e-05
6.278173188128197656e-03
1.194821515489248066e-02
1.040897000280210580e-02
4.529108158835638658e-03
7.055379530218998992e-06
1.568810622570307499e-03
1.666542805006428728e-03
2.800262747937982358e-03
3.731773085771526461e-03
8.443973121048524736e-04
-2.740434452784780623e-04
7.567451711340232590e-03
2.206618355836278229e-04
1.033793990418983844e-02
1.546899985699586380e-02
-1.212157504817616043e-03
-2.672487962577078241e-03
2.599365603170694997e-03
1.627335845601645195e-02
7.641771026433305525e-03
1.957598795890429580e-02
-5.776121080614698457e-04
3.119887129900261995e-03
-9.214241113740591783e-04
7.731518774974046465e-03
9.953131591586662080e-03
8.838803587907237760e-03
5.365406139286651305e-03
4.725330467269735733e-03
1.165044643489829800e-02
3.911169337416574646e-03
7.326333101998846846e-03
9.332125367418375381e-03
5.556541756701983102e-03
1.479748041961774854e-02
1.402656423377278069e-02
1.375004701710448194e-03
3.893809522125014477e-03
1.408602233610044448e-02
4.446397445914331871e-03
1.242851471409031801e-02
1.113371701005607360e-02
1.254871467468689911e-02
8.990068932686627514e-04
9.643117628379042905e-03
1.188594243863304312e-02
1.133748905561489904e-03
3.349909803654265404e-03
3.246651186682203254e-03
7.715013617721691239e-03
5.647589289863353540e-03
4.528465967574970413e-03
9.299961719099462953e-03
6.971422965115889672e-03
1.302560684465446476e-03
8.194023596625245667e-03
-3.570712906884267526e-03
8.780180045338280281e-03
2.886508148701343642e-03
6.384905397194128463e-04
2.328687688896593708e-03
1.216467872795910614e-02
5.919970242176863726e-03
-3.521469986328873772e-03
-1.200900095673423798e-03
9.804243578414521387e-04
1.208525950806576404e-02
-6.956465256293365654e-04
2.470510434062619595e-04
1.029278466439463233e-02
1.846225000722661897e-03
4.118764610033862419e-03
-4.534510484641478267e-03
8.145705401406906675e-04
1.209718097240896836e-02
-2.707950107291607657e-03
1.127250315668846745e-03
4.032218652332586993e-03
1.115632799143959596e-02
4.105868706943685380e-03
3.139180083162015997e-03
-1.496299801585390925e-03
-6.438360743587725641e-04
3.014210373771264179e-04
1.165417863920276652e-02
1.837089818859982508e-03
3.536826001174068514e-03
5.160886211202989939e-03
9.292011401644236293e-05
3.528786883176124149e-03
5.745498961964829766e-03
1.099091480879984227e-02
6.142751683654643427e-03
3.239640824487880107e-03
8.302414576416823275e-03
7.137000381013547216e-03
9.128178519291512598e-04
3.110631741508706853e-03
9.330011994519833707e-03
5.807338325747785947e-03
2.859930951462611066e-03
4.107918027164422087e-03
4.842713437896624569e-03
-2.154954644615336094e-03
3.483812742967147200e-03
3.319398237932549844e-03
5.819107945874615190e-03
-8.038107850593036608e-04
7.335971114052576353e-04
2.627050257660153761e-03
2.450610794850797362e-03
1.613663907328673121e-05
2.370667292475103294e-04
-1.667490746920532573e-03
-1.035547611760874974e-04
1.143205319398399441e-04
1.261344320928220290e-02
-2.073187439418515236e-03
5.068916388517752825e-04
8.979277630369233293e-03
5.558821958433020696e-03
7.809544102227404354e-03
5.575174694784960049e-03
-2.997646974667845209e-04
4.554135860040925800e-04
3.607455704032232983e-03
3.969160819256467576e-03
2.378752248626818822e-03
6.970149306899185021e-03
-7.611317855003450674e-04
1.020902983981243975e-02
3.633555256603287348e-02
8.871721006203318188e-03
5.988766037706569172e-03
1.304801246573247635e-02
9.407976448102805048e-03
1.370706539327244157e-02
9.191002772229346640e-03
3.277083529761680783e-03
5.080919328500064537e-03
1.073902285424647995e-02
4.946138226687268880e-03
9.045079294167611417e-03
5.117863855459192472e-03
5.991160025148503654e-03
5.669714700797065954e-04
2.136896283927348754e-03
1.716860803823743419e-03
1.024178125624660221e-02
6.973298442656901755e-03
4.707536773597323365e-03
-1.350586579540808980e-03
1.951670561989793645e-03
1.163045258409800727e-02
-1.622811989609462130e-03
1.821779326136527223e-03
3.395842914338823015e-03
3.980170252028484776e-03
1.149491590239171005e-03
1.828589394923750642e-03
1.203956533481449938e-02
-1.636918777437254557e-03
1.749451728570451756e-03
4.661307210294295816e-03
-4.376810496227730531e-04
-8.907046982076920498e-04
7.677581541601443977e-04
6.819261214932173043e-04
-5.809978426337906315e-04
-6.486965318629414222e-04
2.422335110320242811e-03
1.804974075932977125e-03
2.839902951852066510e-04
7.418022361600153276e-04
-1.592404713670414603e-03
6.764544122630051452e-04
3.775437405373823462e-03
-5.232688949397391962e-05
1.488758763503010129e-03
4.479629467744046349e-03
7.343816897051216701e-03
1.105801013280980488e-02
-3.772184961597185165e-03
-2.864484678564534897e-03
1.981015741044028430e-02
3.177347436635159957e-03
-1.395792419893899248e-03
2.152975814601979301e-03
1.264380715031481785e-03
9.733595272826020507e-05
5.800276988955204230e-03
9.216549366005795862e-04
1.256729627237553396e-02
3.736293337508985943e-03
2.025021554664077367e-03
8.768620803183805462e-03
5.805697613181888365e-03
-2.115232743124215685e-03
9.095126055377591653e-03
3.628650789595446510e-03
-9.960534709420631235e-04
1.579614648169233929e-02
6.221549461494634004e-03
4.110741252023934061e-03
-1.227802137899494618e-04
2.103676590152867183e-03
9.226512082001588760e-03
1.046439464583424602e-03
4.159514014989684413e-03
-3.612301613465662437e-03
1.626663671743395264e-03
4.448327009630992368e-03
3.273649421596882300e-04
-9.270997701828106704e-04
4.030922761742337327e-04
-9.900652711450233599e-05
5.522874218592962407e-04
-9.406762076417793036e-04
1.886968536805706158e-03
2.213378682561249929e-03
1.030567072126008102e-03
8.184770951944846801e-03
4.700640178947514645e-03
2.482504400003302143e-05
2.953565226471187083e-04
5.634826824937061267e-03
-1.480700163575262435e-03
1.405475039082969106e-02
1.163584221745087889e-02
2.591380447820939778e-02
5.937066065650052626e-03
3.911071327379445940e-03
4.493186832793423340e-03
-2.012576796950994208e-03
2.693484181801438816e-03
3.047584461788228199e-03
3.656205910977117571e-03
5.684913178464177236e-03
2.464827541509245594e-03
2.643092588540280410e-03
1.046090960141693102e-03
7.169691303185924238e-04
2.606900062386889160e-03
2.048884849865720281e-03
-1.062718137016034625e-03
3.723975982755824013e-05
1.173977359391274733e-02
-1.261467393324344072e-03
-8.918777100140246918e-04
3.072514086170147988e-03
3.350281081810254843e-03
9.290920146886911743e-03
1.021379388950944406e-02
1.679672342143431751e-03
8.087386008811944457e-04
2.457195228094903984e-04
1.809305499465364018e-03
2.149052130481252359e-03
8.300766332266867019e-05
2.233695522983702303e-03
3.656492675768237277e-03
4.853912494215137721e-03
4.683005241411855417e-03
8.699226034404093297e-03
4.665209951919117339e-03
8.249709867311383338e-03
-3.720661332443440071e-03
2.853105060853134475e-03
2.903350758024791228e-03
2.072367201017764806e-03
-4.029517409886280120e-05
-5.893853306630657176e-04
4.940580865263571701e-03
-4.054990084326665079e-03
-1.254931888827525831e-03
-2.362921627542888779e-03
5.250737846491416137e-03
2.228185476062220609e-03
2.395950891524283206e-03
-6.431435003325406893e-04
3.844700158655210871e-03
-5.119057866696419701e-04
3.536723268242710459e-03
-8.345009178814431165e-04
4.074094041666104053e-04
1.753405681167881413e-03
6.205781346142532663e-03
1.938405084850998222e-03
3.728475403167984866e-03
-3.691092282453475523e-03
1.891168835633736181e-03
-1.855824204162496213e-03
1.734513679261586675e-03
1.259451757365145398e-03
3.703928482019619526e-03
1.091669802573656594e-03
-2.470178493763760304e-03
5.412586879905671592e-04
3.971617041316117397e-03
6.325332059508407233e-03
-2.776916596512750152e-03
1.857077743803447816e-03
-2.749264474181917651e-03
9.703172961129777688e-03
3.266777778540968895e-03
-2.072472780025345213e-03
-3.055392219340589835e-04
-2.956344254290266434e-03
1.111389165490298502e-03
2.256276577755325988e-03
-1.091450088703955091e-03
-1.551162373321695199e-03
1.347059243253616485e-02
-1.002082095198960320e-03
2.242039217667457333e-03
2.180963200199421883e-03
6.734088042613670458e-03
2.627944806016265129e-03
-2.392873062580258038e-04
1.766309999821791960e-03
6.391506230654530989e-03
-1.099824630525614473e-03
3.317646236908534073e-03
-1.674508978621839714e-03
2.551630494029484032e-03
9.624249324489563993e-04
-1.503857197977861580e-04
1.691979397332072656e-04
-2.156253958822384727e-04
-1.024426370865399311e-03
1.023268118856396434e-03
7.797173587475932609e-03
2.983107977032540842e-03
3.206459148520471140e-03
-6.495833213337859867e-04
5.259086309451654895e-03
-9.241336506087671071e-04
-2.114410563661133988e-03
-1.090355836669622790e-03
1.307061405996798884e-03
3.532132683036482736e-03
2.311540497672987839e-03
1.057342462858816123e-03
9.893958235838722255e-04
5.741080877575111506e-03
1.276040078362415718e-03
4.759548068965647159e-03
8.428373859266798628e-04
4.793946292959731445e-05
-3.971369035062787727e-04
-3.438161186493762615e-03
-2.011399676860781594e-04
1.189595044811697210e-03
2.808878009183066529e-03
1.263771856835079572e-03
3.421666706027410437e-03
1.275505785204856038e-02
8.226397905074735520e-03
4.033772641031032648e-03
5.557206478415492416e-03
-1.934824831496596538e-03
2.459977612509196485e-03
-2.737305386641641870e-04
1.908438131581829348e-03
1.411498829711581087e-03
1.499725518551553840e-03
1.066216372143306227e-03
5.365767003732388116e-03
-1.178214180066410044e-03
2.516950699026927925e-03
-3.731467025100052817e-04
-2.710854051537640646e-05
8.739637124023671294e-03
2.512259096167306516e-03
2.166389517341853286e-03
2.907232739992736837e-03
3.662286636289732548e-03
5.437022284264266111e-04
2.036047466866115242e-03
1.631095506451677628e-03
-3.763970926784105352e-03
2.351606637717333810e-03
1.116697648074548932e-04
7.445715006221954695e-04
3.321065938757211504e-03
1.379895935091483969e-03
4.727123829540106487e-03
-1.210921053895889056e-03
6.018368060471649891e-03
3.585741337437149331e-03
5.021535127399002520e-03
4.371124573140175613e-03
1.451672308344076606e-03
3.203984082716060128e-03
7.619064209615000749e-03
-1.795905024286292796e-03
5.411600290191514832e-03
2.677322607228316016e-03
4.550438570554877181e-03
2.091927994552032679e-03
9.681924531703055238e-04
3.607910148145174710e-03
3.335185129920175046e-04
-1.550184704036665579e-03
4.764208240153393510e-03
-3.835148195675200898e-03
2.796672769656344780e-03
1.677368311105643462e-03
-3.114132753300629156e-04
4.831268655325446793e-04
3.422355428865837997e-03
-1.230026288008562044e-04
-3.425202682835117030e-03
3.135035342558115112e-03
9.658802115476346553e-03
1.174902345206954406e-02
-1.135482497585429181e-03
2.981732836928527308e-03
3.785673157118999918e-03
5.384339177641393054e-03
7.519372393156576601e-03
-1.891591632656474276e-03
-1.194810480726961636e-03
-1.588470925049951816e-03
-5.083482501863660283e-04
-2.929957367973069944e-03
1.094653248795973526e-03
7.490883021293413477e-03
1.693857045651170562e-04
1.920132450906241340e-03
-2.814146491407002772e-03
-2.418655690665317930e-03
9.076931412831024462e-03
-3.680642586703536476e-03
3.359479590616757175e-03
1.696476450816511113e-04
1.051217872586079904e-03
-1.700962265393726400e-03
4.329963657277081544e-04
-1.798617728401803902e-03
-9.222324344266541983e-04
2.485455709381278674e-03
-7.964536182707382351e-05
3.391416591094048236e-03
2.743475079982258765e-04
1.273088039679639259e-03
7.913651641968303882e-03
5.751611289061590859e-03
4.244776384006461629e-03
1.773957032897142310e-04
-3.978663310684390012e-03
-1.037636630481051248e-03
8.429954491159159270e-04
-7.339425918456948632e-04
-1.777616547002295547e-03
2.742308394902637225e-03
4.126664309481833763e-03
2.848972436247248791e-04
1.981644455281161149e-03
1.881769222174023469e-04
5.243895387628000164e-03
-3.365397781810879931e-03
2.371869760313907293e-03
-2.501322133784871470e-03
2.923933626345527614e-03
-3.608311112321836082e-04
1.311045784721415284e-03
-1.248666629704886163e-03
1.177555712380780936e-03
-1.354528166444210870e-03
7.912138367047004753e-03
2.429189072121956845e-03
3.161335625922986545e-03
6.432048123970722682e-03
1.236474226956102884e-04
-6.147679282193569371e-03
2.236861237878292729e-03
-2.509461265117110280e-03
5.742343104477557912e-05
-1.433133708735549044e-04
1.495051725242614073e-03
1.700471485111829887e-03
1.635302045239980535e-03
1.411802723977800648e-03
5.394914110681056120e-03
3.188500640366014917e-03
8.168695931837417247e-04
2.381259809229967477e-03
4.546112550097838531e-03
-9.566122900885058646e-04
2.437367415587376324e-03
2.252530860299564535e-04
3.029146101165434025e-03
2.220177768183650632e-03
3.840985848939161042e-03
-2.861866050412887642e-03
2.859607063848702488e-03
2.875286017255373680e-03
-1.612061783068631342e-03
4.115067177516305505e-04
-1.152800635390343470e-03
-1.653149901790070594e-03
5.454233310506627526e-03
3.562214590358056673e-04
3.935851586808152176e-03
1.826251153926314492e-03
2.233863198961364739e-03
6.680290267379248052e-04
-8.866453341754006005e-04
4.251135544446840546e-03
4.190740677980627459e-03
6.327258629110196764e-03
2.676063521442695239e-03
3.570279046139583461e-03
9.240897305657315083e-03
2.456422659686572068e-03
1.342219952410456671e-03
-2.230455364554629217e-03
-3.164858090912110516e-04
-9.485638710747000329e-04
1.547639355338619816e-03
5.430307126700333487e-04
5.764224640026240423e-03
1.701519643185038511e-05
5.559377123995974841e-03
4.588659784455345874e-05
-8.070128033821889714e-04
3.132447708972448033e-03
-5.684264178169558604e-04
7.596404205440324651e-03
-2.051962851440634200e-03
-8.806808008796558921e-04
4.037756107727834450e-03
2.302016388811335603e-03
3.389975057089770778e-03
6.012031451884490042e-03
1.475877836464316827e-02
1.787566728942166505e-02
6.907228714006542758e-03
6.224769965963690768e-03
1.385513199703099219e-02
1.778980778744893758e-03
7.405937106570702373e-03
3.310289799526759582e-03
7.014424351013872488e-03
6.081961234313210639e-03
2.272808105417132782e-03
2.593328874589347121e-04
-2.827275799673720225e-03
-1.073467491053775157e-03
4.183723226244891180e-03
-1.334703943348523880e-03
2.995819336620571521e-03
4.231857928311075906e-03
-2.264348910969680127e-03
7.506191936605653443e-04
1.505735224203799422e-04
5.440480737715928418e-03
-1.785104975440517886e-03
1.937599290139556613e-03
6.797489553087520536e-03
2.422281826974031008e-03
-3.427283564464278639e-04
9.772939946812036777e-04
3.519534626110022713e-03
5.888493532393818770e-04
7.323667098210594022e-03
-9.296016981381470708e-05
2.678780883774852743e-03
1.699872869136529602e-02
8.877231357566975345e-03
1.187537546114265756e-02
1.467880230025240922e-02
1.927822736456905918e-03
4.129271776149826163e-03
5.690886762899551726e-03
5.636345066861691601e-03
2.095276019734892189e-03
2.071086905689287216e-03
3.757950081788925378e-03
2.848255543438758461e-03
6.234450844068432224e-03
4.041417069780212697e-04
7.771453938346007013e-04
3.210055608714336168e-03
1.551306549972802668e-03
4.579678546631523253e-03
4.181877976785292918e-03
1.817296409285283545e-03
6.509793820214326843e-03
6.517329428135121630e-03
5.778163224127524922e-03
3.847876088463395537e-03
2.610789513005989763e-03
1.495739157764892132e-04
-1.326273009877078531e-03
2.038049509859237406e-03
1.556990220887072372e-03
3.610743321226580625e-04
4.012185190560972094e-03
2.519890335910219669e-03
-1.844782217723640004e-03
1.051461064551338729e-03
1.929114794272744800e-03
9.179179908773941066e-04
1.402358430950639357e-03
3.212940409386075887e-03
4.915337974983158102e-04
9.403572192378729282e-04
3.667901029054677388e-03
1.185149664665597876e-04
-1.283396603461849517e-03
1.289581571113023991e-03
2.268720294502461158e-03
1.871973612855234526e-03
1.255599498131255813e-02
-3.945644864137674715e-04
-6.921068574603140731e-04
4.976134939085234167e-03
-2.731487397752596375e-03
1.946436611786478638e-03
3.357667971391519249e-03
7.585332293273266968e-03
4.832550136482638686e-05
2.835000568444388845e-04
8.957584654499101389e-04
3.299724298252920598e-03
1.202107133698568494e-03
9.924079515122422729e-03
7.291370829455795857e-05
3.889439597753441540e-03
5.235388276311674170e-04
4.691199711720417907e-03
5.366638918455221780e-04
6.196095719782714756e-03
-4.100426398776355801e-04
6.158644365853825978e-03
-1.845918268398803394e-03
1.355463878097563739e-05
-3.506038290397137710e-03
3.176236586652000666e-03
2.313375788915013505e-03
1.986290666933829708e-03
-2.350788573442552480e-03
9.502116870759906792e-04
8.252458850943856020e-03
1.158861872810767633e-03
1.041325976743571070e-03
6.383325973621282144e-04
3.063657533247980073e-03
1.403922899357392426e-04
4.691323323091785812e-03
3.728589972023789618e-03
-1.482766754030832509e-03
1.985475442090859580e-03
9.674084691275238335e-05
5.643014480333861244e-03
-2.692535529761949827e-03
1.406418287593725735e-03
1.753243381850977736e-03
2.730048461407804002e-03
3.916931567573229099e-03
8.047389665408642093e-04
1.415882432977990735e-03
1.851644846917906845e-03
2.643764966274278526e-04
2.370545111138221833e-03
7.894559506369084462e-03
8.041448599723383453e-03
-4.379898482640246470e-03
1.490459679945816893e-02
1.342216465812975240e-03
-2.758851814991847328e-05
4.115135459645088067e-04
-1.510271470893247234e-03
1.152796912017224314e-03
6.279256724585295830e-03
4.211218822429620146e-03
-1.555210749393979176e-03
8.178065181362991886e-04
4.345349320410711504e-04
5.572667705694304974e-03
-1.261792025028121798e-03
1.114934308224680565e-02
4.580678696385297004e-03
1.057726337415876858e-03
3.717693946426389295e-03
1.889112062913074139e-03
1.675676541378490290e-03
3.254640795396424122e-03
2.268453408186573220e-03
-1.110232695266727496e-03
5.505810970117838363e-03
2.493749424005613138e-03
5.304815364680859346e-03
4.122302560316260835e-03
-2.216448583211726945e-03
1.542863273490134406e-03
2.289298115005904913e-03
-7.160674876568609917e-04
3.824846797963134173e-04
5.115113812945690057e-03
-2.327213536592618280e-03
5.876508324444084351e-03
4.115528504029008876e-03
7.950887308221564823e-03
4.253347111597466715e-03
2.839625709688793111e-03
1.650622269778604431e-03
1.318120230435901145e-02
8.232367402284796604e-03
-2.731137291955263585e-03
5.438293399025749368e-03
-4.601767958196723018e-03
1.577474926421173866e-03
8.122120541104041816e-03
-1.237199941548576543e-03
-3.230236908383121372e-03
5.888850981164945458e-03
1.370614750921604272e-02
7.437482022063760141e-03
6.969560307703845554e-03
7.999882386867681813e-03
4.563250046375874093e-03
9.801803265097489091e-04
1.184047360546210820e-02
5.484093481064303624e-03
9.046540661942290961e-04
-1.689194239443604032e-03
7.957994410318058529e-03
5.640260999891878735e-03
4.684574891405896523e-03
7.378568355343988021e-03
-2.633283057869886985e-03
4.188033059782441878e-03
4.838334794142502317e-03
1.739154435904435077e-03
7.999198931294668885e-03
9.562101315067062651e-03
4.960117808256052363e-03
-4.528070937929030808e-05
4.605408477038052360e-03
-2.118238697316711036e-03
1.484936392584130550e-02
1.309768815833430543e-03
6.678158147497248150e-04
1.373660279744857125e-03
1.951579572534584139e-02
2.498482871617170153e-03
1.085160110755356219e-02
-9.709861015506056695e-04
-1.994546050252367624e-03
1.228329972217587045e-03
-5.003587979567785705e-04
3.166747288999950411e-03
9.437065581232684935e-03
-1.903291486198986551e-03
8.921418896441312210e-03
5.522784950358355580e-03
7.902839693295251114e-03
-2.761683194914750267e-04
2.398348195645183187e-02
3.989505789522698048e-03
1.650199651034358348e-03
