0.000000000000000000e+00
0.000000000000000000e+00
0.000000000000000000e+00
0.000000000000000000e+00
0.000000000000000000e+00
0.000000000000000000e+00
0.000000000000000000e+00
0.000000000000000000e+00
0.000000000000000000e+00
0.000000000000000000e+00
0.000000000000000000e+00
0.000000000000000000e+00
0.000000000000000000e+00
0.000000000000000000e+00
0.000000000000000000e+00
0.000000000000000000e+00
0.000000000000000000e+00
0.000000000000000000e+00
0.000000000000000000e+00
0.000000000000000000e+00
0.000000000000000000e+00
0.000000000000000000e+00
0.000000000000000000e+00
0.000000000000000000e+00
0.000000000000000000e+00
0.000000000000000000e+00
0.000000000000000000e+00
0.000000000000000000e+00
0.000000000000000000e+00
0.000000000000000000e+00
0.000000000000000000e+00
0.000000000000000000e+00
0.000000000000000000e+00
0.000000000000000000e+00
0.000000000000000000e+00
0.000000000000000000e+00
0.000000000000000000e+00
0.000000000000000000e+00
0.000000000000000000e+00
0.000000000000000000e+00
4.666028118866110547e-03
2.718467573452058861e-03
1.242463072402832762e-02
2.756723849197641879e-03
3.154985496293415560e-03
9.057935806565635059e-03
1.344242532738189116e-03
5.966793193143454972e-04
-1.903217267439162629e-03
1.267449088196944892e-02
5.088433330709195984e-03
-1.449400448164492056e-03
1.450127419187222620e-02
2.893181233625061015e-03
3.488151526868623915e-03
1.920544477214470094e-02
1.022173048090962337e-03
1.051376039714145214e-02
1.153002695204164048e-02
1.902802673635127593e-03
3.518185071042552545e-03
1.817458299463730123e-02
9.707489218465120695e-03
-1.385182875566677314e-03
2.074131362305049135e-03
2.819320255257250175e-04
6.434959434901461710e-03
-4.620405806450131672e-03
3.101801441809736532e-04
9.159478265827225227e-03
-1.427225092908027040e-03
2.527569823721624240e-02
2.312151997703655072e-04
4.302753021284213414e-03
8.656497986183002424e-03
-8.785307303781752369e-04
1.018640128898332456e-02
-1.836658359060746974e-03
1.995952143872157039e-02
-6.879462958717696194e-04
1.395891367755798529e-02
7.772640427665255571e-03
4.594820961731683334e-03
3.840755460642325536e-02
1.904974487122855498e-02
2.957347013058109556e-02
2.071999976617071304e-02
3.364807410505564478e-02
2.665535525289572383e-02
1.043141704342207335e-02
7.608381172211415265e-03
9.749744899194249734e-03
-2.697484690518188086e-04
9.376584448704882585e-03
2.805080290769762855e-02
3.571729623905693651e-02
1.994583567164913071e-02
7.630049183256139289e-03
3.357274232570090508e-04
2.349077400240440813e-03
2.618898383620675216e-02
-1.107576287473049578e-03
5.556977696305916408e-04
2.013892879324090737e-02
7.596588781066808925e-03
2.473917436616757115e-02
2.438642666571216519e-02
2.494876647058142348e-03
-3.859358006623374933e-04
1.953734177153697640e-02
4.471811544494450411e-03
-2.120793802533679426e-03
1.659806112663222630e-02
-3.653103302628399329e-03
1.076080651041320772e-02
1.307295208829997377e-02
-4.969389687164199945e-03
6.776188625624702047e-03
-2.529703299220685889e-03
7.250313907679135396e-03
1.203812778212696132e-02
-5.566007160331765645e-03
1.527346449235231912e-02
6.058822234398401896e-03
3.242119322092671535e-02
4.008648100703779589e-03
-1.709322183544871024e-03
1.385953103744000901e-02
-8.992888679681910677e-04
6.438619947292350924e-03
-4.977855608656209414e-03
6.312012947220436293e-03
5.240469709131633609e-04
-1.045995571985976463e-03
2.514759528351646206e-02
-2.006327955899083870e-03
7.704138517477537515e-03
-6.566531101707388405e-04
1.664073207170331178e-02
1.622476737485636228e-03
-1.263505435995054349e-03
-6.751910584248103746e-03
5.374706866232219996e-04
4.460176752655531374e-03
1.029353593585118076e-02
1.085314018662347432e-02
5.877153462124581635e-04
2.520530594827915432e-04
-7.456562627999325631e-04
3.311929413537617259e-03
-2.270311869555329334e-03
4.059712223304978718e-03
4.247808881299894659e-03
6.214000381098993414e-03
3.825915749817047147e-05
9.120065482714490024e-03
3.587107985895824150e-03
-1.472664124784022789e-03
-5.702746501609950915e-04
-5.111142222017168481e-03
1.686949546917963696e-03
1.367534142838396603e-02
9.114258465419347241e-03
4.721663423890570398e-04
9.943002897646720240e-03
6.269915699226180248e-04
4.501874558108263924e-03
1.187008565468018230e-02
5.824100343307432419e-03
3.527182974257314814e-03
-1.998470564547048887e-03
5.297992131825157193e-03
8.458718829864683318e-04
2.861578447772055583e-03
5.524175607207558632e-03
8.402591664971493721e-03
3.720001764809236465e-03
3.319363263334025680e-03
-1.978530441963760340e-03
3.370157021292357995e-03
8.025975016975427437e-03
2.670010224792310639e-03
-8.377605553324643690e-04
1.092936678644268987e-02
-1.469048324914118539e-03
7.739494358265834074e-03
2.121833471429355675e-03
-8.670452893423990159e-05
9.492272351733782240e-03
-2.054570680415350611e-04
1.559064521238679411e-02
6.402679086835416124e-03
-8.449411077181655585e-03
1.323275262871919516e-02
1.358042856164491143e-03
1.449112997220394165e-03
1.202252185802086572e-02
6.957587510954136960e-03
-3.804968192589838327e-03
2.109546861953043133e-03
1.695595002339431168e-02
9.527466029983949411e-03
6.092305796123930785e-03
4.727379366637693165e-04
5.439164034685492130e-03
4.384624281087407850e-03
-3.914438044270096388e-03
6.375714048308286398e-03
1.650649112142311276e-02
-9.851273741201577346e-04
3.785061425415502459e-03
3.076204622701840530e-03
4.070100700863187038e-02
1.038008866533902431e-02
1.529735912475696166e-02
1.107794418252407674e-02
5.267793564034693732e-03
6.066261967826910503e-03
2.883529506123906280e-02
3.931616450283332079e-03
1.856462106227972642e-02
-5.825043637478043027e-04
1.844415608123098002e-02
5.760975135752598175e-03
4.480112414742935811e-03
8.932181272651941797e-03
5.416809148702272578e-03
-1.008705732767280596e-03
5.938334031586490341e-03
1.773906941769068726e-02
1.383540992187439270e-02
5.588409090266270064e-03
1.452971960221542680e-02
1.258877446429637614e-02
1.135633286345856703e-02
-3.360019063537169129e-03
5.506284670131072340e-03
6.549378294594394682e-04
1.247696333673128759e-02
-1.633063077948364371e-04
1.154638499566660453e-02
-1.295546683348337835e-03
5.890798259056459485e-03
3.756041120824889484e-03
1.150544813251385811e-03
2.844205981910495010e-04
-4.204426273708895974e-04
4.734192419214247214e-05
1.732460407636596603e-02
3.403091043574914959e-03
-8.105789158620428387e-04
7.946066536728430690e-03
3.393284669397987445e-05
-8.901878301695840406e-03
-2.967224677000065134e-04
-2.217331123436386883e-03
-1.009257342500968074e-03
4.865923215061981541e-03
6.066094869815519264e-03
4.612356051595373554e-03
-1.219219487670329151e-02
-3.837748456927812194e-03
6.411018157717254286e-03
1.880934592604531323e-03
5.920504705206120974e-03
-9.701571030203385996e-04
-5.193017204858910510e-03
-3.616527924401396598e-03
1.091922365113670579e-02
-1.092323508457098379e-02
2.340782585594818402e-02
1.931700760214444517e-03
9.515763837373810916e-03
-2.463887421525619639e-03
9.356293688408293813e-03
1.203874705978594771e-03
1.105984847852845617e-03
1.035846184489215907e-02
1.174912833372084194e-03
-3.557365639078993226e-04
-2.101403985310070031e-03
7.546185657501406144e-03
1.815501585153920291e-03
3.533523729617370429e-05
1.152871201698120115e-02
7.690726339378762232e-03
1.783264397565206827e-02
6.829957166491936772e-03
-1.205426276742872435e-02
8.835648462948743342e-03
4.660163277503949660e-03
1.281725147006991181e-02
4.035951517344904191e-03
-2.128954463824794720e-03
1.074596297507866491e-02
3.009406651995341891e-03
1.513132766223712232e-03
6.773227120163401518e-04
-1.304673945458829573e-02
6.535177429600635100e-03
2.226874736266247403e-03
-1.459297366863050553e-02
5.026523876724659640e-03
3.792059221591182437e-03
1.014662730569184344e-02
1.123210702313251659e-02
9.930667318893105725e-04
1.113419689479068150e-02
2.974427166899009777e-04
1.710228480931119200e-03
-2.780362405238275859e-03
1.177004919271975106e-03
4.030573109424503281e-03
5.118930818456110012e-03
1.833638331168183002e-03
5.825591235673339974e-03
9.858175918338978050e-03
5.956202989154214984e-03
1.348952007710300547e-03
9.911663597510247253e-03
-3.484879270774619061e-03
-3.664401091722231635e-05
9.548291128532806777e-04
1.228476147776961722e-02
5.232316226247913510e-03
8.365166521989672241e-03
1.834808748162284351e-03
1.079603931204669437e-02
9.517399467623499990e-03
1.742365411478746535e-03
-1.252086830283598989e-02
2.708709840165063332e-02
-2.886348230639892119e-04
1.896894057797434037e-03
3.069355440877785668e-02
5.616237023073317181e-03
9.305120831614459645e-03
6.098908735028939210e-02
9.791122154966049734e-03
2.833487117437097358e-02
4.398333173168502037e-03
4.153430907166645591e-02
1.053300602133465554e-03
8.765956772707772862e-03
-6.900117596226030235e-03
-7.529390764898914561e-04
1.267065423215636005e-02
-9.415051178760104177e-04
4.178203784300394720e-03
3.323064343506322051e-03
1.489379830912463537e-02
9.900470614005807760e-03
-2.915295339194525805e-03
5.376848340893775925e-03
3.613557517431747069e-03
2.698094826550239550e-03
3.544891232263178409e-03
4.388301492137852873e-03
4.471751217236109681e-03
3.595951992906107602e-03
-1.174238063717343876e-03
6.550056047668844847e-03
-3.807395003279978596e-03
-1.103879861866934042e-02
1.163711751934226601e-02
9.201590697691032494e-03
-3.821143835254981868e-03
4.306568781181697655e-03
1.763055357694345957e-04
5.097467903397948953e-03
-2.271224179773978762e-04
-1.322520634265850030e-02
-5.743772554408744027e-03
-1.064229013357610243e-03
5.139727823590407862e-03
1.045085312337912936e-02
-3.381310012785077035e-03
-4.913174380797915956e-03
1.767784972663899098e-02
5.543067094056952811e-03
5.863075021361586689e-03
2.500047685227303751e-03
5.804673874280264281e-03
7.187562067792562133e-03
1.781548700083248130e-02
4.254922155074623673e-03
5.013634854275502220e-03
1.295049886086977430e-02
-1.071610166472944728e-02
1.006404724151364373e-02
-3.730388431983606284e-03
5.220709966991176829e-03
4.755443015806828759e-03
2.698047324159542383e-03
6.316023301045519713e-03
-3.163473686540916978e-03
8.928429461787217719e-04
-3.960060296387513112e-03
2.360605896371050991e-02
2.566199433705746574e-03
3.165195841113618153e-02
6.539436537200769145e-03
4.316931069341904681e-02
4.844261525657317900e-03
4.226629455145933245e-02
1.582075753914390440e-02
-1.124003853192824922e-03
1.452309558851491711e-02
9.427462249451817877e-03
1.254221006443504826e-03
2.957634497439997137e-02
2.050719972821847537e-02
1.244318920196669197e-02
2.439044172085461440e-02
1.871292780457306168e-02
9.570926505933803966e-03
7.918491743060460109e-03
-2.043783321191009524e-03
6.420467172637681942e-03
5.239740214806333854e-03
1.513068642459795008e-04
2.603086925565995316e-02
-9.340319141984498516e-03
4.852579596197628903e-04
8.679259020284362663e-03
4.430401911311715804e-03
-1.514547030920403853e-02
8.675713516290870994e-03
-4.298498100061995571e-03
-3.994406024956475079e-03
3.878537038039215484e-03
-1.680554816442310579e-03
5.110183130967501514e-03
1.210497606752399457e-03
7.602257196363453040e-02
7.797638089422159746e-02
6.834864569844657529e-04
2.252043746740882077e-02
1.854722878888305157e-02
1.186385867232999346e-02
3.552841515437640818e-02
1.913657593132181423e-02
-3.457704423467290993e-03
1.247570973433903899e-02
2.388876486241556588e-02
-7.699276386038583601e-03
2.581118784046534942e-02
-6.607574177304258688e-04
1.064647462719294120e-02
-1.062077696443324004e-02
6.563891567776913676e-03
3.017274565637221000e-03
5.402914848213684167e-03
-4.242451700050849268e-03
-4.892434498794384894e-04
1.113544845996639922e-02
1.574138547503492816e-02
2.931134727661133602e-02
7.940899345979865812e-03
2.590801664959026945e-02
1.251537450451685810e-02
1.417805341421743068e-02
1.353813038756753601e-02
1.748662639965262167e-02
1.043430506425692059e-02
-5.947196147559908816e-03
1.346275243990325068e-02
-2.629521221609377232e-03
2.488755588980331307e-02
1.625932376043079776e-03
1.363691128230117705e-02
-1.523929519088620651e-03
3.064301538746397931e-03
1.364679286120000848e-02
4.606970604116392837e-02
1.015824281853393643e-02
1.579747154388343525e-03
1.331619997842563470e-02
7.630607503382983055e-03
-9.004708407030286368e-03
3.032318793465500414e-02
7.126983089540431205e-04
2.898156397838790380e-02
-3.877312473314977869e-03
-1.509933903084143957e-04
-6.199088516577368722e-03
1.152011575464226105e-02
1.948580855745178598e-04
9.613852704820076422e-03
1.091907822105405573e-02
-4.560515190119878619e-04
1.108757244294964785e-02
4.314205481967115646e-02
1.258087948116791638e-03
1.567498754478974937e-02
1.776885663578009131e-02
2.486747791889936873e-02
3.384473804317610166e-03
-1.799311490445394419e-03
1.308950470776373094e-03
-7.269278035547178593e-03
-8.233802416783387451e-03
7.776464060866191720e-03
8.387650794082066779e-04
3.982989292669163878e-02
-6.790985030707857081e-04
3.416661085757412546e-03
2.970577592236588616e-03
1.892266921769117935e-03
2.011195737942504322e-02
2.396837724619746771e-03
1.157242978230947801e-03
-3.391416418822404237e-03
8.986791735461860733e-03
1.098921913255356334e-02
4.205670128004612013e-03
1.465414224269784640e-02
3.776766893773583333e-03
-4.230736247420711221e-03
1.778523756121943092e-02
2.974132708351665075e-03
7.078905141308502146e-03
-1.097396051063720575e-03
3.452534583160105867e-04
7.482203177811286299e-03
5.027270561644276575e-03
-3.972910518644193201e-03
-1.578737646910576302e-03
8.185946825632827231e-03
-4.808514689405176887e-03
-1.401625479148705831e-03
-1.553823463820625320e-03
3.886254866534241941e-03
-3.458109922891732229e-03
2.085051487526379168e-03
-1.384707456860657156e-03
-2.266226528432917307e-03
1.947606479222904058e-02
4.311046061636798765e-03
6.555555300986743578e-03
-3.123133011607710612e-03
-1.299671403229498909e-03
1.478869377789192134e-02
-2.404191159353471705e-02
1.048192470561136111e-02
-5.615742838879402531e-03
2.123157500751748526e-04
-1.318353132813371818e-03
3.221084656679622064e-03
1.059944585996800206e-02
4.052369604678739481e-03
-6.719511704658691700e-03
1.683267365441186653e-03
-5.591248448444049307e-03
2.879486093975231788e-03
6.845689570035328256e-04
3.931291262798813912e-03
-4.176874491135466189e-03
-8.216684291745904051e-04
-2.529343748146152971e-03
9.324168086044234971e-03
1.136548246641736620e-02
-2.960093273606386258e-03
-1.448339932112518557e-03
2.143054440944938688e-03
4.443204213967794948e-03
7.725694886940658902e-03
-6.397765079186810457e-03
1.151455736767010261e-02
3.568901184836750697e-03
7.809295974055399658e-03
1.049569713952186109e-02
2.048264642563121796e-03
1.415292752927272205e-02
-1.089673746530861638e-03
1.550742314461034822e-03
2.784879787788495983e-03
-2.501884958405787250e-03
3.345728399557153492e-03
-1.510857450366721887e-06
-9.778252568338223136e-04
1.118979663216773418e-04
1.811320410091717039e-03
5.470663972859678842e-03
9.644415741760705308e-04
-1.065131924388370080e-03
-1.575180161317550707e-03
-3.549279883736309194e-03
-2.104185409594359901e-03
8.520644605306137639e-03
-2.963774731782916998e-03
-4.134918116223990948e-03
-1.432856910962952788e-03
-1.572385057767025033e-03
1.183857806833887210e-03
3.227493478686130346e-03
-2.486018840282457325e-03
-1.094261857953673402e-03
1.977032993980544148e-02
1.182813829617932085e-02
3.633638991048817896e-03
-5.388081880030635464e-03
-2.182229442466325237e-03
4.920853930549664440e-03
4.762577411024581167e-03
-5.463848622495760116e-03
6.765525605089198029e-03
1.442993315180707324e-03
2.685958520310238046e-02
-3.738841595119155471e-03
2.576390890770991707e-03
1.586137341147538654e-02
-8.389576457568305445e-03
-1.136364511960076496e-03
6.537737614262154225e-03
9.267855742866967783e-03
1.238720387616792408e-03
2.561741499398583442e-04
4.074876975950129585e-03
-4.163960782538046702e-05
3.313033506537819018e-03
1.385482791298125061e-03
2.587365312610375931e-02
4.156214294504546707e-03
1.394153566994300701e-02
-1.761275974075496992e-03
-2.205783996462561667e-04
-5.310729250882792983e-03
2.802651774192992107e-02
-1.103389918951334708e-03
1.608039819569863707e-02
-7.610474235165908333e-03
-6.566388370434572165e-03
1.812387909380688746e-03
-4.132141349762172983e-03
3.735700185258397817e-03
1.375038307924557194e-04
3.529513196006567929e-03
6.385473529325355699e-04
1.203706949327184705e-03
-3.220059323759112344e-03
2.377858654278466150e-04
4.985007632431940651e-03
1.893138049551572203e-03
3.045482889972108993e-04
6.783453088808746000e-03
7.205866843895740621e-03
6.706858400762833947e-03
3.085136532447609915e-03
-3.681621497085169840e-03
-5.382192375460121379e-03
-4.885780995599339240e-03
1.604311221296148351e-02
-5.029305012255202469e-05
2.901117623166124971e-03
-4.734551782901281168e-05
1.247908127804389514e-03
-6.659091121213434701e-04
-6.189417010753604613e-03
1.126481179756156498e-03
2.340870910765567667e-03
4.837251653032823874e-03
-2.487664610792531678e-03
7.207052104812696966e-03
6.239210826098388722e-03
6.268308489639348377e-03
9.214319612203069818e-03
8.776278434368262049e-04
-2.079779791074995790e-03
8.397291555950407542e-04
-3.367713843019254708e-03
-7.016667703902435558e-04
1.758635297652514501e-02
5.359703894022029534e-03
-1.729639379552075525e-04
8.185378058504954452e-03
1.780996815734170804e-02
1.521550338270456770e-03
7.063371716548394550e-04
3.080467755805006182e-04
1.984213311034291327e-02
6.660522625039353925e-03
-6.106776473466506844e-03
6.870965885312061219e-03
-1.916187741758410522e-03
-1.635058990962488064e-03
2.219946035319770423e-04
-5.083778977996236681e-03
-5.737865685126486990e-04
-6.009715347141308863e-04
8.919890702920492409e-03
6.726167074657254464e-04
2.234116440925215143e-03
-1.662159315758048039e-03
-5.769498469938288011e-04
7.265687137243825519e-03
-8.961661485988812450e-04
-1.371926533081342398e-03
1.720576407828763735e-03
5.105056941328551092e-04
1.771885553554114175e-03
-5.365726041788278049e-03
-7.513314037977422526e-03
5.935018886205819036e-03
4.006325909358608196e-03
1.702241706714810107e-03
-2.774364491698415140e-03
2.690743540419755168e-03
5.465533273972022002e-03
1.871886031688160899e-03
5.956168143468568155e-03
-4.663493337200646204e-03
2.046912707065272775e-03
1.972074814737096241e-03
-1.040829506361989898e-02
8.886369492498522732e-04
1.270432867234626804e-02
3.795969883645373185e-03
5.606180081146898767e-03
8.215272685333184759e-04
-1.687876483083956781e-03
-2.413917390079617711e-03
3.772765068014636864e-03
2.752225871615166073e-04
-2.840598836997643671e-03
1.246095770782779458e-02
1.826651870155142051e-03
9.499555075826567269e-04
8.378915414029994985e-03
-9.188328078188889988e-04
-3.091482425857470812e-03
-3.904499433280193919e-03
5.238501812336679268e-03
-4.194639023190893656e-03
1.142024241812847904e-03
-7.493215172603694477e-03
1.559998780455696321e-03
1.776366524106945486e-03
4.185023925843431823e-03
1.422922462946646588e-03
-1.177222326184212790e-03
5.962814409341284268e-03
-6.320736995136852672e-03
-1.643576925297461806e-03
5.222680651226087973e-04
-5.485048088656069645e-03
-3.751683913913010388e-03
-1.019854791913183713e-02
2.850813303650702457e-03
3.385774009667869618e-04
2.503498370520762777e-03
2.100586712133499512e-03
-6.655795375211284292e-04
7.672350785760768607e-03
7.945946259261460129e-03
-6.775206495195909215e-05
-1.014706550662879646e-03
-1.315360887967287383e-03
3.445822268804916121e-03
-3.351081394815577370e-04
6.063634585768559564e-03
-5.199944866382985934e-03
5.827014358344731644e-03
5.472664709772179746e-03
-5.924445622324339168e-04
4.598371319394771450e-03
5.467013683895356963e-05
2.175268080178527613e-03
-1.030969642135010165e-03
3.887369348997705629e-03
-1.354028193431072334e-03
-3.000628657185558986e-03
2.327436089886854905e-03
6.229498037917527604e-03
-4.264383716783235259e-03
3.041842921136244868e-03
6.904890964492089393e-04
-6.531221256123178687e-05
1.703280151169007050e-04
-3.736054788180539869e-03
-8.229473228092078381e-04
-5.593457784595381316e-03
2.438774076638264635e-03
-1.386877137722614031e-03
-5.039805617048177810e-03
-8.232476973860298683e-03
-2.091680465841401319e-03
-9.303291177809050461e-03
5.938349621578031118e-03
-1.755020794252160933e-03
1.015423122263886882e-02
6.292282927096475714e-03
-5.977607226605626857e-03
-4.835511649333408893e-03
-3.117287608073652898e-04
-1.438460782433829879e-03
4.598932063748581087e-03
6.818982677264446256e-03
-2.293250232963772554e-03
1.860983248188065667e-03
6.328162106808386811e-04
5.799075851311142130e-03
-4.536365907691703911e-04
-2.767402465976825671e-03
3.035885236924142517e-03
3.168313480472902208e-03
2.127652308313389851e-03
-2.305362146654047015e-03
8.550240859048659214e-03
-6.533211900428761640e-03
9.173428568914526781e-04
-4.107997210491438032e-03
3.719153837271417561e-04
-4.238793335071693730e-03
-3.234672140924810734e-04
-1.104797355987352514e-02
-1.403376818719774500e-03
-4.146368524093194292e-03
5.728842246540336372e-03
-3.030519190214980992e-04
1.299213516623970617e-02
-5.689543474125455941e-03
3.023486494606571554e-04
4.055771665959475442e-02
1.066452847982449909e-01
9.262767072705147334e-03
1.185109832897051621e-03
5.341379269785638539e-03
2.700686743990877037e-03
8.244187065161213274e-03
-5.416320873884487852e-03
5.399881126733136610e-03
1.918179113959923507e-02
-4.434213153480590433e-03
8.816663362699449225e-03
3.107516958048185760e-03
-8.158066351162011204e-03
2.244541110006824901e-03
9.416250739171077785e-03
-1.648237095113713985e-05
-4.450876151738174420e-03
3.386892734628722292e-03
-6.988154325436025894e-04
3.143807255308045303e-03
2.532847372962766536e-03
3.796706064914947068e-03
7.038658375788604598e-04
-5.961625649073146269e-04
-2.125787014947977123e-04
1.631507777770201464e-02
6.743535000429595749e-03
9.742597836451073745e-03
8.961007973353534925e-03
-3.271344313476955146e-03
5.827753904547690843e-03
1.923472665235197729e-03
5.559434849655367147e-03
9.756594998543286629e-03
7.995877712667673332e-03
1.655991919168623046e-03
3.849696382569569447e-03
-1.117844733234869738e-03
2.419408295231519415e-02
7.264144656694927760e-03
1.077212499090645162e-02
7.985771744031474467e-03
8.449131086887690101e-03
5.062152391596417070e-03
6.767415676703896626e-03
-9.169335881478114705e-04
1.843568110056860790e-02
5.924604180014998722e-02
1.168285685206497254e-02
1.098289106159912668e-02
-4.423892930718643229e-03
4.035399187986013492e-02
9.068408932144040799e-03
3.724375963576092435e-02
2.021909095497485039e-03
-1.266511181896785507e-03
5.557590119271149653e-03
2.388163477239882773e-02
6.594841679980459684e-03
4.880049726492723637e-03
4.777484641540231665e-04
3.436482553667821738e-02
-1.370337214517421739e-03
2.802165300156565092e-03
2.122354624077448480e-03
-8.164716596330253220e-03
4.407992942620118579e-03
7.879466262416919692e-03
2.830404772055373358e-02
1.733349418175777340e-04
-5.217106874256480578e-03
3.149390885306654116e-03
-3.535967098130796994e-04
-2.247553009186587913e-03
-2.318755504241387828e-03
1.052375070464377314e-03
1.433390100532761684e-03
-2.110968540084157043e-03
-1.692320911019147469e-03
-3.015385138758549556e-03
2.958331625383114460e-03
2.113280473311843904e-02
2.380684911536791893e-03
1.893254749111694668e-02
3.156317650138537796e-04
5.474162703955453256e-03
2.256425414473771374e-02
4.985772104423808436e-03
3.051207728109509541e-03
-1.616160767466799913e-03
1.004803774035243659e-02
7.464633456147205977e-04
1.792534104119378191e-02
6.901971723859434867e-03
7.306286509351417324e-03
-5.647835905216922175e-04
-5.079100946812172522e-03
-3.952435813819364999e-03
1.596641965893462467e-02
-1.072295322216504886e-02
-4.820082995006940395e-03
9.930341535180462961e-03
3.839485775999081519e-03
-6.499539670375798633e-03
1.820695815972251785e-03
2.747404900059609995e-02
4.524519889684677776e-03
-5.024950151549607315e-03
-2.388912853998708102e-03
3.206147604400656770e-02
-1.073619470949033509e-03
1.850306916134525359e-02
-1.917689379673287366e-03
1.825674931420298965e-03
2.665884206555749810e-03
5.356500377189603703e-05
-9.420057448450171438e-04
6.560891644017855873e-04
3.597125025424684555e-03
1.074975071905035287e-02
7.822580025689786437e-04
1.772036707083211697e-03
4.797955101883358102e-03
3.378282134448824282e-03
4.417957642619171552e-03
-3.714594446739035837e-03
-6.806561979772161874e-03
-1.252481423133501820e-04
3.773108437696342122e-03
-2.191649904273039635e-03
1.053067819404564925e-02
-3.860350853946335433e-04
3.504416733254110856e-03
4.328748623113436167e-03
2.811862654189779213e-03
2.660031671034582702e-03
-1.266876696549276704e-03
-2.850074792319968499e-04
-1.840955619300342367e-03
2.988173095582094107e-03
-9.552398433358295568e-03
6.269215362427152816e-04
-1.707020743769018228e-03
4.688765548827367353e-03
2.533506469309995852e-03
2.786633566617255451e-03
-2.690845454061587677e-03
-1.184883973824896013e-03
-1.013962697195470303e-02
-7.695902982123828569e-04
5.789085669841062196e-03
-4.010174115554644442e-04
-6.285589337559414728e-03
2.151812546347605087e-03
-5.018940720078622977e-03
-1.238597481260706769e-03
-4.016147577119793220e-03
4.332470927238575575e-03
-9.772465594099100789e-04
-1.592166269259263868e-03
5.328771076837351094e-03
-1.412946249516527746e-02
-6.338448255955885825e-04
1.442847233623999539e-02
-5.039397199538840459e-03
2.899398238382029907e-03
9.120244945282978202e-03
1.422959311783142562e-02
4.168520099605276495e-03
-5.711804475825268956e-03
2.924032847542601225e-03
3.276915738348271448e-03
-4.411342570701349414e-03
-3.363551276132020675e-03
-6.117628045111957527e-03
1.949799478266473190e-04
2.570972083988464548e-03
4.335029254463075403e-03
3.480245862393463799e-03
6.836677446472853685e-03
2.784586787639919893e-04
-1.326808702245889978e-03
1.780156710602454062e-02
5.422651214722633457e-03
-2.411771243763176364e-03
-7.600422490624528758e-03
-5.212634831284677223e-03
-1.658068841467047472e-04
1.102967540507284426e-02
9.157338698095060167e-03
-4.502708525950197688e-03
-2.512963905409733734e-03
3.482588433746959793e-04
3.150512129534336660e-03
-5.869629753153743704e-03
-6.923715307125518151e-04
1.115061140667795644e-02
5.145709248704428626e-03
-3.837430647909050377e-03
5.319892900616085942e-05
8.614411610696631055e-03
-1.514937806729801939e-02
7.779524888293853305e-04
1.532542707462729824e-02
5.354099471218780326e-03
6.049936856150551177e-03
2.205480612529057971e-03
2.956514965238976351e-03
2.035854882105164222e-03
8.992481884766619429e-03
-5.626332416756354418e-04
4.545515646619887815e-03
1.605557706184530462e-02
5.661453428734071133e-03
-7.471657952620828179e-03
5.426487114998518324e-03
-3.589180777731986426e-04
1.466024483518325872e-03
4.396450363728818212e-04
-8.630239396565148394e-03
1.165174003415885571e-03
-1.247587034567355577e-03
9.493361624662688403e-03
1.596987406897214289e-03
6.356961189429438663e-04
8.624850974269848702e-03
-3.899603933315130659e-03
-1.556018577110859259e-03
4.199618021480065570e-03
7.444909211209407157e-03
1.444586131114393305e-03
4.534516506708282692e-03
-3.716379829704755545e-03
-5.149634972296189030e-03
-7.074870970411598764e-03
-2.527462362645676360e-03
3.574914290647439492e-03
3.550508693121887972e-03
-1.009561945190617363e-03
-6.610511985782677180e-04
3.632754996016761989e-04
1.745522343508799316e-03
-2.711172721940667378e-03
4.220315149443642014e-03
4.177135415547035373e-03
-2.075153690872888132e-03
7.457968792441625056e-03
-1.207450002164261061e-03
1.760379757190896205e-03
1.665136637142556816e-03
1.209982905072167977e-02
-5.424980892227765014e-04
2.721690187394378360e-03
-9.104438143442476067e-03
3.109186979574398487e-03
2.627776043844854467e-03
-3.272099376511309211e-03
-2.208086930639487945e-03
2.955078718533615291e-03
2.893868743154386948e-03
7.415098910221866804e-03
-1.766855918180365841e-03
-9.677506801481763551e-05
-2.318000870615467054e-03
-2.217576328594772668e-03
4.145615023839431361e-03
4.031146434088929073e-03
5.201349535580891562e-04
-6.082139673116403189e-03
-1.307600911140421700e-03
-5.131220487173163928e-04
5.689498183366560081e-03
-1.239823094420256259e-03
4.701919424125888640e-03
-2.042803629401164587e-03
-3.627087942151251739e-03
1.085493335994587062e-03
1.308566043318808766e-03
-2.437897397001731470e-03
-9.003359878590340946e-04
-1.996367367699999982e-03
-6.391783566392869945e-03
-4.268815351302612457e-03
-1.018998189363060948e-03
2.888898952061725450e-03
-5.221600658009567259e-04
4.908451568978117532e-03
-1.614695395796997366e-03
6.553320908984626783e-03
1.372971529680326033e-03
7.475341662568845639e-04
3.590673426866998301e-03
-4.294038802675055567e-04
1.053801824090577939e-02
2.276656038956529574e-03
-2.589589743878559659e-03
2.766699445378269055e-03
8.740852516736928764e-04
2.475238808208957489e-02
9.038452081723670570e-04
9.968180744953660487e-04
4.903284926481934515e-04
1.197595625178150651e-03
-3.814071944957899730e-05
-1.392684148857134237e-03
3.054929688898703338e-03
2.058471980033120714e-03
3.597671763138012620e-03
-2.144610942937457635e-03
-1.795155688112171728e-03
-2.102562089466334175e-03
2.115098093154499023e-03
4.576659958605038513e-03
-2.706083482267185140e-03
4.885208183252700599e-03
-3.210430945689290126e-03
-5.231865320057750741e-04
9.458597883156956432e-03
-6.599642581869062880e-04
7.423767144492504069e-04
-1.590838810062084703e-03
6.044071033763575521e-04
5.329085878392474107e-03
2.394655273178803237e-03
-1.897986953173789516e-05
-2.131389515037656647e-03
3.258387948786761138e-03
1.025153983372974545e-02
2.409911881210847606e-04
-2.964806375688300299e-03
-1.464525049859454180e-03
7.373174679192035647e-03
2.568903333210298097e-04
-3.010337221027267317e-03
-2.427455133385828987e-04
4.010106658588677561e-04
-4.365333780229874519e-03
-2.173958477008033907e-03
-5.812247814875499095e-03
2.797199559456237626e-04
-1.467136967409026112e-03
-9.499160101836393900e-04
-2.223469795962907617e-03
3.079727386888083079e-04
-3.547241365072289696e-03
1.536705408468499881e-03
-1.521278631905326716e-03
2.976035191109178968e-03
-1.447349464086578313e-03
2.511841108838776000e-03
2.457524662907841027e-03
9.844768845500674950e-05
5.942587143534718442e-04
-1.367521898958972814e-03
4.657560562195840054e-03
-1.826947933573580193e-03
-2.968531217360831538e-03
5.130888096300773894e-03
2.737900938610090401e-03
1.540140488200839736e-03
-5.689565593208123408e-04
-1.885470726155816668e-03
7.171133886043224576e-03
7.290379681222955259e-03
8.556905999791645373e-04
-2.061076284457919036e-04
1.097437740110857388e-02
-2.937359747602086204e-03
6.235458875392862511e-03
9.484843839182932959e-03
8.666205412511576722e-03
1.501215605522311517e-03
-7.140255188036471676e-03
6.236494211875362285e-03
5.017467452453006765e-03
6.456011183311232728e-03
4.996957059009267746e-03
1.023409996034695818e-02
8.028882307324604339e-03
-1.192448218453398415e-03
3.225838856756129119e-03
1.275336791973891160e-03
3.479364908572969879e-03
3.883122426572561264e-03
6.137690657105973266e-03
-8.280743242788303482e-03
-1.802690716897704579e-04
-1.354564559996922473e-03
-3.294776560308099200e-04
3.270646378722881498e-04
-9.313838688757201077e-04
5.654260333890210981e-03
-7.483580631266921641e-03
-1.482632191933929908e-03
-1.104468613339694514e-03
1.098572744124736572e-02
4.072211412007370988e-03
1.118265214980347470e-02
-7.953076567002715508e-03
5.862948189527907895e-03
-2.279639902242320756e-03
-9.391463315403026681e-04
1.727555985587522769e-02
-2.191446046654170650e-03
2.499433727364534178e-03
-1.089252698078573651e-03
4.138473529898839369e-03
9.145295081269103760e-03
-1.878598936994445344e-03
4.713694484427065345e-03
1.086082619284872881e-03
-1.216156662805648611e-03
2.840334621382054059e-02
-1.973340934629329302e-03
2.892443129156228865e-03
-2.498869867170713625e-03
1.119400668604712389e-03
7.198544501946627788e-03
9.421128984608969845e-03
6.182299130249988353e-03
1.523240744425247498e-04
-4.038872134504471571e-03
2.129999762493486187e-02
-3.626422073831432960e-03
4.821830299763733840e-03
1.337932763241718968e-02
-3.141543571206175355e-03
-8.527803471147952716e-03
6.086423426416532820e-03
3.522713533671506742e-05
8.150253010170596668e-03
-8.129205419942761579e-03
1.074683502443487225e-02
-8.853950638654623298e-03
-1.316376611250446704e-03
1.678644939591682423e-03
3.474300777503234149e-03
2.875550638810935727e-03
-9.666105150568301023e-04
7.245794956283429893e-03
3.605786287867488674e-03
6.309445524604185944e-03
-1.770041865159181467e-03
1.213865432024036246e-02
1.780201851536140564e-02
7.223278164054172668e-03
8.731501103579267578e-03
5.846664592576285464e-03
-3.189034891725756049e-03
-9.785550039784794013e-03
1.225898283338144185e-02
-3.103973232294353346e-03
-1.182296622432838645e-02
1.123497059539383010e-02
2.277236607584713635e-03
4.012746934583307640e-03
1.283917101732848579e-03
2.018735987454200673e-03
-1.243329269134951570e-03
5.655824860624535447e-03
-3.462083726222346929e-03
-4.407646927834965415e-03
-1.783441540173458023e-03
2.277796669542929680e-03
-1.086289892093323523e-02
-1.501512531967684515e-03
-4.411050134271898740e-04
-4.002431676277608437e-03
1.335070036743348865e-03
-1.328007399528520699e-03
2.188552467070604274e-03
8.958925468861723279e-04
5.920836269012344586e-04
-4.202909494724650901e-04
1.615023046043502280e-03
-2.379973927040215931e-03
1.389572281769218469e-04
-3.005311217048029057e-04
-3.456327465619054955e-03
3.311218751171498588e-03
-1.200310578505294889e-03
7.546210936727762658e-04
1.669474414080389553e-03
-2.031509446384282321e-03
-3.829153189365339452e-03
1.187232673429607782e-02
1.348553079081407169e-03
1.464895406983938997e-02
8.102058159721467478e-03
4.799865848897229802e-04
5.643939095526731217e-03
5.756044506488162266e-03
-2.437055801441634882e-03
-4.511272635542538934e-03
3.635499263260435522e-04
5.658638211451520045e-03
-1.851711355327907097e-03
5.969925663764592827e-03
-3.063542554368947710e-03
-2.844941094719053917e-03
-1.976823066442700682e-03
6.445981673906499114e-03
-2.112615027154397199e-03
-2.015690721571973716e-03
1.810105646523757928e-03
-1.895908027911188520e-03
5.430027552339740382e-03
-6.384824849131608658e-03
2.826126454132520636e-03
-3.879333040678242242e-04
3.444827393371601050e-03
-5.409934315806815518e-03
1.520629934632184224e-02
5.632831731859209989e-03
-1.924012794235809563e-04
1.014225593780155102e-02
1.020809703134534663e-03
5.886806644019967200e-03
5.801581794254339480e-03
3.905374410496669293e-03
-8.932811753746145930e-03
5.917618377129078323e-03
2.042816188346918010e-04
6.029456203587931114e-03
1.669499822753753304e-02
2.699626408676571859e-03
1.129796443742221539e-03
2.705313308394552939e-03
-6.542300827129635642e-03
-4.516738934419008492e-04
-1.643327540660355661e-03
-2.854324037372032432e-04
-2.027525775798265113e-03
-3.932576912882356640e-03
3.227349079744457148e-03
6.576540563132439194e-05
1.888188706892713047e-03
4.132673224671400310e-03
4.716347705120930468e-03
9.411197612125131451e-03
4.643286531546447424e-03
2.541563230843655111e-03
7.404521405294156372e-04
-4.886630913550767466e-03
2.477793681011445422e-03
-4.546927875616287897e-04
4.923420903883168366e-03
-3.546143919980554275e-03
3.775974002896620094e-03
-5.536933585034347965e-04
-3.568249501488839504e-03
1.270726091814628400e-03
1.402576491944331188e-03
-1.730272290616341902e-03
1.296572024151833487e-03
2.237302993732756713e-03
1.512510146488253021e-02
1.518991466705164883e-03
3.219370147607547323e-03
-8.016382383172847683e-04
9.238444976191386576e-03
1.643694195584448695e-02
1.068483366790714748e-02
1.041148500536088692e-02
8.079363090432334360e-03
-6.313776828721723300e-03
-1.652537645475592610e-03
1.498537586675908898e-03
2.073883871839670226e-03
-3.436855392321683765e-03
-4.551596706498293662e-03
9.277063302122972146e-04
6.563663635028364057e-03
-1.974765743452859025e-03
4.802209133546481157e-03
1.945317809789723351e-03
3.319877239235215563e-03
-9.553134316142125300e-04
-6.241091118534920421e-03
1.293632071907061323e-03
-7.748184652993195080e-03
3.521984824834917954e-03
-1.107353401003818415e-03
3.305302178755240624e-03
-3.372112832156619355e-04
1.423520963337696239e-02
5.632815221069738254e-03
2.521325748273608048e-03
-3.744816194718246505e-03
-3.182072883731836173e-03
9.647067939624606259e-04
-3.449559686901275922e-03
9.811784584172620477e-03
8.102632477419905929e-03
1.786687303106944749e-02
1.566973821921074927e-02
-2.580792400585993785e-03
2.816735338294237834e-02
1.674630728652855630e-02
1.137886212133362588e-03
4.186815482439746987e-03
7.505907424291442288e-03
-3.527768423492314270e-03
-1.986176917733461795e-03
7.458348788374525879e-04
1.388618969166261104e-02
-6.308429612433760769e-03
5.377697809533526010e-03
-1.144938816551350916e-03
-2.199502091438355032e-03
2.354099038979074864e-03
1.606600007354307830e-02
2.005738365866723601e-03
-3.094780442508944952e-03
-1.036272855429715752e-03
-3.037114956501336515e-03
4.038322923995902366e-04
7.112855432960011118e-03
7.321337477027884018e-04
-4.536667226695406674e-03
4.089927959560413695e-04
4.096161987375536440e-03
4.421665081871846295e-04
1.543955410686495035e-02
1.032626866568440820e-02
3.597313413168534528e-03
9.529454195169418523e-03
5.485003398538815245e-03
3.683413618274678815e-03
1.768098480561103346e-03
1.887458797746298551e-03
9.313426774005317821e-03
2.682346089566521249e-03
-1.318584119547250820e-03
1.553048564358347830e-04
2.605369152035482468e-03
4.167333523613655534e-03
7.169599640630393376e-04
2.714767556020646500e-03
-2.295841308103147016e-03
-1.640700462996084975e-03
-9.330145954420121252e-04
2.442450996588195304e-04
-3.130912996375159914e-03
1.163935234027736049e-03
-4.888742723453293540e-03
2.224280110993213239e-03
7.398089533169885032e-04
8.423905647890313209e-03
1.103351690729621401e-02
-2.007746483374891252e-03
8.439384260486099349e-04
2.266204242026296101e-03
6.073909116286976308e-03
1.731691053842221092e-03
-4.999365728110279940e-03
-2.256653311174911317e-03
4.126159832810174892e-03
-2.879974054092013409e-03
3.631303635190827567e-04
5.509138873834624897e-04
-2.181331153886262569e-03
-6.162159046833200898e-03
6.708015409983891569e-04
-1.340053898185542772e-03
1.355055337681851857e-03
1.115167390663287898e-02
6.152022100094746773e-03
-5.142588825300858923e-03
6.865165282340668102e-04
3.643591954044050635e-03
-6.833135192363549298e-04
9.644815821338388953e-03
-6.489155080416238695e-03
1.057288877321662995e-03
1.939321197630126817e-03
6.166434778412597552e-03
1.192325760043564005e-02
3.803041672779326667e-03
-4.693197692847179449e-03
-3.041852609083522171e-03
3.522592113861380998e-03
5.068714133717204182e-03
-6.838716664962361975e-03
-2.794941032448545158e-03
2.134475264301467692e-03
1.008528811245441165e-02
2.251055863071133294e-03
5.539073546399863116e-03
1.511381759812336842e-02
-4.592063204421096764e-03
-3.060806844035685644e-03
-3.779779369645748510e-03
1.349699697326400480e-02
-9.479684237673480229e-03
1.168644479049475715e-02
1.455727853106063199e-03
-1.299368991067572157e-03
1.689971429443417640e-03
2.633388512978355068e-03
1.099301386277515974e-02
9.171710955036934537e-03
4.622007040134617877e-03
-4.187691453631082680e-03
7.601757076306523385e-03
3.937910116717274929e-03
1.178843816318871605e-03
1.401512945229414775e-02
5.201402013119141993e-03
1.187149932771854564e-02
9.020512337409586009e-03
-2.944715159632393768e-03
8.586649740263663753e-04
2.240594354945051395e-02
3.594666089327786321e-03
-4.999489203374205687e-03
7.789282357614630420e-03
3.949474374263634534e-03
-4.839203029945080524e-03
-8.059132156967898850e-03
1.137272913104010220e-02
-1.305345927072115546e-03
-2.779862987083505125e-04
-4.177583918912731835e-03
7.257189342761835235e-03
1.710508462836947408e-02
4.391489455179688368e-03
7.889529876983559717e-03
6.968110883609772606e-03
2.249555150845851306e-03
-8.048731635704112338e-04
-1.937553436411747080e-03
7.180178609938680026e-03
1.255829425281842484e-03
-6.350140380025547267e-03
1.291691134502335461e-03
1.291561598355068369e-02
5.974566517694955212e-03
-2.900133480910652498e-03
-1.476297049589270953e-03
1.176046253010041990e-03
1.599192275126860852e-02
-2.408882778481613585e-03
1.589891472534777760e-03
7.047748385541089018e-03
8.534335661113446637e-04
2.329309221469029641e-03
-7.802473906245805703e-03
-1.687622126882584467e-03
4.721558361436636528e-03
-4.900145954903694159e-03
7.687907089845172001e-03
6.129927395632003145e-03
1.167683073279223750e-02
5.826462855790148082e-03
-1.272979942285293667e-03
-6.429269534933704580e-04
1.715891284142679425e-03
-1.199785698982555734e-03
1.721365914795921007e-02
2.235751325465204498e-03
2.690580234089000496e-03
7.773018836674025663e-03
7.579034715490328778e-04
4.974586624023208566e-03
3.558284832820816750e-03
6.745638030220141475e-03
6.010111121439108174e-03
-4.930513642195002988e-03
3.069415193896422173e-03
-2.347709875610238302e-03
-2.758151127770963650e-04
2.765286827469183497e-03
-1.224269703694457444e-02
5.585330710983551009e-03
6.790019893358393774e-03
2.158577696336609966e-03
5.982472422701989694e-03
-1.574396954652101770e-03
3.662587408939387695e-03
-5.824287544452550792e-03
7.690134946268442889e-04
-3.174333690744992990e-03
8.503529031645221939e-04
-1.051569971394555186e-02
-1.419331065173928342e-03
-1.234252316619857855e-03
-5.711851130261780957e-03
-2.418627310833843923e-03
-5.646615001108263882e-04
-2.347806858249628509e-03
8.392628582816257996e-03
1.120814116947537300e-03
2.035170673586547967e-04
1.038411006788085220e-02
3.741296242491662458e-03
3.300606610037483402e-03
5.254102556409539181e-03
-6.242888769161055633e-04
3.734030675310299596e-03
-7.851961517946337912e-03
9.602720285072708847e-03
4.134121617549086670e-03
5.187213971419754946e-03
1.144188625787958538e-03
2.777552430791305812e-03
2.338375139253736495e-02
-5.177253556291810076e-03
5.091451817599941185e-03
1.567573324512441801e-02
1.192491721543615865e-02
1.597844131739746890e-02
3.066301862030364634e-03
2.863157954567850400e-03
-6.044823489921130090e-03
6.985956287062531495e-03
-1.937330390603530118e-03
-5.534147854901934078e-04
6.291045258389541851e-03
5.365464278114964562e-03
-2.259710750380128537e-03
3.220720553843431887e-03
-3.820065608432374020e-03
-6.123026643332665081e-03
8.938712611612598807e-03
-2.328512651892438064e-03
-2.933847797857061946e-03
1.908434653410225968e-03
1.113412381460550903e-02
-1.952028264863456871e-03
-1.497010165902331810e-03
-2.107665053155256124e-03
-4.328708397784719348e-04
-3.430523649175214011e-03
-3.930866750284631498e-04
3.729114499031987127e-03
4.906894207895482699e-04
1.112275242099464417e-03
3.880522674830034265e-03
5.288943650385759081e-03
-6.208094324731581841e-03
2.047090775743246223e-03
2.907187650007865554e-03
-3.720194469544230338e-03
2.763289840969432917e-03
5.908269436820658485e-03
4.699148477313766850e-03
-1.035341325642937047e-03
4.607411147803669969e-03
1.158173466328127560e-03
-7.586725298674857742e-04
3.236511174396619183e-03
-5.627210598821278699e-03
-2.526749403160473764e-03
4.126412693526186441e-03
1.165799082317901629e-02
1.134715097772508348e-02
-3.419685153951375085e-03
5.149729310381195163e-03
1.708027878769522237e-02
-5.836757069968233173e-03
8.917332541168485061e-03
-1.103326417998282214e-03
4.776243373925938285e-03
-3.543299581653414640e-04
-2.812395365003336669e-03
2.986472559427754119e-04
1.461081224224964302e-02
4.544220688185309051e-04
8.845673390771714543e-04
4.064001803314680646e-03
2.340452472316541482e-04
-1.917471334525705767e-03
6.449640389887825558e-03
-4.515332823643071654e-03
7.511630920845808503e-04
1.280743922710052794e-02
-1.502667415214082799e-03
3.712528097206412286e-03
2.775529160952721740e-03
3.806848498566831746e-03
4.190030079392408416e-03
9.647324796495787818e-04
3.970344362802643613e-03
-2.892080885679947349e-03
1.075852275788160943e-03
4.995626529704999888e-03
1.239835117336662634e-03
-3.126142829348741315e-03
-1.954687227440395222e-04
2.793643430268862374e-03
1.491724809775834756e-03
2.856755625300516546e-03
1.999083485684559867e-03
-1.833913590020077884e-03
2.163578466941876860e-03
7.618499943625798090e-03
7.970105670186806990e-03
1.429053334226191869e-03
1.694528293730784103e-03
3.777194346812050210e-03
-1.056373686992557234e-03
6.502703329432776500e-03
6.505933069068415252e-03
1.955331324014840388e-02
1.102599465442103896e-02
4.020203167429774876e-03
-4.831331329570487561e-03
-7.839571313662777215e-04
-3.709249397613083483e-03
7.094053318639982793e-04
1.670596893441599019e-03
3.204430808206419189e-03
1.164546238313495267e-04
4.021834988537616520e-03
-2.452600347493316332e-03
1.040438820709332825e-04
-7.478340844173547892e-04
4.228072195173425418e-03
-4.173805878566328028e-04
5.988853853523885178e-04
9.507340631998578012e-03
-2.428856293223480723e-03
-1.784268519855428982e-03
6.050009890967852737e-03
7.984329214645006926e-04
2.314756881769226057e-03
1.283468023058990763e-02
2.180483803102378423e-03
-8.495067052457517523e-04
-1.365177979798849230e-03
-3.031611708381812438e-03
1.512901969265605150e-03
-6.933475423692845490e-04
1.830520708308335572e-03
3.220350259099199856e-03
7.051446834164973483e-03
-3.005105903309165851e-03
3.841089656028419310e-03
2.370299978708603067e-03
4.027618582314362698e-03
-1.066681183806360202e-03
2.791605741680591030e-07
4.068923541316335837e-03
-2.667874859315388144e-04
5.596292111452593355e-04
-1.768304966987987894e-04
8.224724957248482834e-03
-4.610288729846364481e-03
-1.657250721867746437e-03
1.618256452066431589e-03
4.784316984306391865e-03
2.159324896043254578e-04
-5.465622655818526063e-03
-4.569881935815828071e-03
6.991746097899473322e-03
-2.285464167097849084e-03
9.870080714348595727e-03
7.062492185899281070e-04
1.471868233378261686e-03
1.412491533790374409e-03
4.779808833295174156e-03
-2.759146992426033795e-03
7.689026369441060924e-04
-2.766060196008438303e-04
5.998787256917527400e-03
-4.848849393460458353e-03
9.111574661425910025e-04
2.196416274267104334e-03
8.499686701304767084e-04
-3.149837976379332802e-03
-3.987567275190251684e-03
1.344567581538641315e-03
4.232011777685880036e-03
2.559187102441173259e-03
-6.357891365421338217e-04
1.079678199763873560e-03
-3.362312441404376271e-03
9.722059381351576962e-03
3.557852389272348967e-03
-3.988218348163511014e-03
-1.353691779674563375e-03
-7.205196354362700291e-03
-5.175822822612012424e-03
3.722918041836570640e-03
1.111189449112508524e-03
-3.453791120523504263e-03
1.778749724283544206e-02
1.020990859182681213e-03
2.711457736512449352e-04
8.101076779581236828e-04
8.014649701160595288e-03
-1.802982682386731171e-03
3.955786603923451376e-04
1.068767996682590824e-03
5.304391668102416586e-03
6.149123995350205298e-04
-5.437649235705703564e-04
-1.362802750086957154e-03
2.068110970570234599e-03
-1.901945136544074379e-03
2.961945715191034115e-03
2.639316742112827411e-04
-1.533184110091838359e-03
1.883869521102080362e-03
-4.414144853648747013e-04
5.692840029241693495e-03
3.942340502544963016e-03
8.701045604987201528e-04
-1.915908631481821282e-03
1.394573529473238337e-03
-8.369140775178020904e-04
2.069632647896885082e-03
-8.511877294126041498e-05
-1.312095797485829645e-03
5.834422887051782421e-04
-1.714869119055897678e-03
-1.485735856716654613e-03
-1.538770379364786181e-03
-4.788114959637731691e-03
-1.649074626762617440e-03
8.944987162481975521e-05
-2.869664527601294320e-03
1.153890691454336577e-04
2.561295010985302511e-04
1.096084267757879011e-03
1.650293280089327108e-03
2.484112567658684507e-03
2.423247734619152736e-03
4.950131602400032610e-03
2.071609225206582847e-03
1.076280891902282183e-02
-8.471590320547625966e-03
6.672396293164039628e-03
2.999033666472008131e-03
-2.347399140757144669e-03
8.925236561284178661e-04
-2.307480876972570292e-03
3.367277737981772597e-03
-2.222027205973435256e-04
-2.231388400756660877e-03
-1.195600790829807461e-03
-3.894134194444081004e-04
1.267047171323997185e-03
3.285218830641689451e-03
-3.099184739735863330e-03
-2.610483001468974495e-03
1.117770474429421014e-03
-2.669876310620545191e-03
-3.315679148827230249e-03
5.002567407243190423e-04
2.367814943736142388e-04
-1.019195798205992272e-03
-5.340976190569998684e-04
-4.007817325800010558e-03
-5.262923133123294586e-04
3.059322209875097939e-03
-1.259850694386710967e-03
-2.580482284080943926e-03
4.342540661015991711e-03
6.861200138426751857e-04
2.979410298666226777e-03
-1.956505154162598145e-04
-6.389272765583453931e-03
-7.075750820074110624e-04
5.146579865752064741e-04
-7.173640590013849634e-03
2.990554213901245977e-03
3.663257562294048621e-03
2.159985064087314131e-03
-5.351899318869324631e-05
7.552481738199228953e-03
2.968055644798173447e-03
3.950107400202759397e-03
-7.599290475832473548e-04
2.642715142472274337e-04
3.936537220269833125e-03
6.688784553551235367e-04
2.253132905351132743e-03
4.992078855402433402e-03
3.310238448307983687e-05
9.839487893792125007e-04
1.204845845009947826e-03
-3.746711839340781999e-03
-2.882317425148092204e-03
2.646200787951624115e-03
-3.958142366408832526e-03
-9.938550268981829854e-04
5.073489815088401758e-03
7.959425436556101172e-03
2.677577131217359022e-03
2.263978808917991008e-04
-1.631181738026600981e-03
-2.238665253403208065e-03
8.743073818667256025e-03
3.784403177232354212e-03
-4.908422841429799927e-04
6.158025926143742773e-04
-1.994439880096269494e-03
-2.342798601707645834e-04
8.339931421740510650e-04
2.684101305736047959e-03
7.599309744126316393e-03
-2.609862824668936123e-03
-2.482412473203916836e-03
3.580997107656654251e-03
1.907886303854935701e-03
3.687298406626563461e-03
-1.113887627596301787e-03
3.288075777473425595e-03
-6.924496480609871815e-04
-5.343782975682739508e-03
2.154739447447455956e-03
-2.231249673818443136e-03
8.116747419479135566e-04
6.860612516012839319e-04
1.283380744722567883e-03
1.471704099330150770e-03
-5.900085972022791475e-03
-3.183180820166216490e-03
-3.057585502141198664e-04
6.675641590566722648e-03
-8.622919128296284777e-03
-3.534389270247890232e-03
1.346812073109905031e-03
-3.416488247135019557e-03
-2.330361359814236109e-03
-4.397557238089053427e-04
9.080684979662577948e-05
-8.823508010652323296e-06
1.529401100960519136e-03
3.799018574323744738e-03
2.665529729896080457e-03
1.087181498595632661e-03
-5.052618781232500172e-04
1.722546994331419648e-03
-4.876078705149813376e-03
-2.974156313346127192e-03
-4.316821345832493485e-04
4.035418348657812508e-03
-2.191259702805520033e-03
2.804219894746695294e-03
-3.585863590451834892e-03
5.605371412538130661e-05
4.851228496920829102e-04
-9.574755586336127335e-04
1.777079148027632021e-04
-2.807519685529956226e-03
4.720636967431716610e-03
-5.392871000181687167e-04
-1.305035206297378014e-03
-2.826837637836488934e-03
-1.350176287464308891e-03
3.345849695070340826e-04
3.547778179599745145e-04
1.365959142083571828e-03
-1.080725474389466340e-03
1.642041621517443747e-03
1.760983735969995703e-03
6.361363241491235949e-03
3.586911629827368997e-03
-3.044740163429664106e-03
2.486178940363301462e-03
3.423366808157785220e-03
-1.476665473122009287e-03
2.117521520992147674e-03
-3.722559181265821214e-03
1.322341236820884507e-04
-1.895683975765745117e-04
-3.753043329955152788e-03
-1.772718290184538458e-03
-1.986219948793352917e-03
4.820188276117329078e-05
-6.659335093159754818e-03
-2.887894018370053642e-04
-4.688703159006596746e-03
-7.843532346817796552e-04
1.255484927816610504e-03
2.408782392916331352e-03
-2.620329413315331413e-03
4.176590907243123499e-03
1.734971835988267409e-03
2.717968991357527179e-03
9.262665133955500559e-04
6.055784819959231409e-03
4.567023414415529586e-03
4.725508464438992048e-04
4.324313452296644350e-03
3.094954570858446039e-03
1.243554112222161959e-02
-1.722975748695231100e-03
1.770574624009912338e-03
-6.124031423599627646e-04
-1.571930507478513234e-03
-1.407295391566038955e-03
-2.405564952354349146e-04
3.250591677896802543e-04
7.700932617473592832e-03
-1.259274752987639802e-03
-1.490330984754046316e-03
2.457781379897074330e-04
1.536864616256944111e-03
1.369186159257994480e-03
1.713419235805338243e-03
1.234376369576854413e-02
-6.151091708167838630e-03
-1.492807406433113802e-03
5.414135713136089718e-05
1.472344682337838571e-03
1.608927178196507910e-03
2.865934565075477724e-04
-3.596838686359429132e-03
5.045476417697465285e-03
1.114898389674531462e-02
1.152364239964329129e-02
7.143228469782918894e-03
3.530855176927915305e-03
3.614007425509486830e-03
3.873580913202554214e-04
1.448858168808673033e-02
3.107292793843485952e-04
3.900745369456460601e-04
5.370579189037764933e-03
3.072539608523357137e-03
-1.818357218887848865e-03
-9.377189094694243950e-04
2.322238545780250761e-03
2.689877509024284335e-03
1.327997909847259631e-03
8.403382222155551372e-04
9.191780504354322935e-04
-1.278806155713542491e-03
7.424184578049736888e-03
-1.816699758821588209e-03
-1.925294426477957687e-03
6.147955662337959738e-03
-4.557889852853577988e-04
1.977499575128988888e-03
-9.583796329181040827e-04
-3.215173571767126690e-03
-2.299287496672244684e-03
6.094469052241744712e-03
2.943715651045118818e-03
1.173556596072383371e-02
1.139424949899000422e-02
1.044176734178238128e-02
6.002323147565174002e-03
1.179022311357879986e-02
8.896607992802077480e-03
2.075335533047895087e-03
1.332183965886810269e-02
-9.152671208671281020e-03
3.768969138494193162e-03
-9.076716580850101822e-04
5.714375276840204243e-03
1.315715312584836340e-03
6.022495370797622746e-03
2.549171375590143437e-03
-5.114949287647319737e-03
3.990273286568925618e-03
-1.714481490458993852e-03
-5.535641934964260526e-03
-7.632645993972155853e-03
1.364929288737189508e-03
6.826784726824933376e-03
8.456441834321926088e-03
7.465533852447803209e-03
-2.078284815475674088e-04
3.236596112008934684e-03
1.224979452945817310e-03
-2.130383754674263202e-03
-3.920071060586479209e-03
4.158273102464022167e-03
9.180817046919825634e-04
-4.912726808124188299e-03
-2.742898330035108308e-03
1.358527560662664514e-03
-5.033430562967872168e-03
-1.344923046845351204e-03
-1.298905444511330677e-03
-2.132829670217287633e-03
8.631191209362801264e-03
-4.595502385135305165e-03
2.378900520798980095e-03
3.733819514657843452e-03
-3.185712937653230065e-03
2.897538760060761791e-04
-4.123529731153221210e-03
2.890434328751502469e-03
-2.902696276978064364e-03
1.869961881023933991e-03
-9.833675302029841296e-04
-2.526466963219934150e-03
3.173036771411553297e-03
-1.261661418191520985e-03
1.087256926167533061e-03
7.393773679991354209e-03
4.912146289529292081e-03
9.372886989125982487e-04
8.706275831628139481e-04
-2.104883151026997433e-03
2.224000831361454787e-03
-1.148707237536147549e-03
-3.040443674305127672e-03
1.177042780926136796e-03
4.619618707353355391e-03
-5.335737891858087934e-04
3.312438107563508028e-03
-1.383937408948521166e-04
4.445777081110302217e-03
-1.743889414994714143e-03
9.330200270300246027e-03
-1.008758081092633917e-03
2.816615801562667547e-03
-3.084568909350950648e-03
3.605991881295553692e-03
4.821626536959283975e-04
-4.866586291868492051e-03
2.209635764573316709e-03
-1.524528647224733914e-04
4.092934733081076207e-03
-4.115231170239385533e-03
-1.879551197680142793e-03
9.131629983199572153e-04
1.360171779296400710e-03
7.835049259416845173e-04
-2.522707634399710616e-03
7.083507746897544852e-03
3.301617235240439287e-03
3.877190344747138799e-03
-5.022848698936144968e-03
6.748125773391637841e-03
3.001127697528035033e-03
6.308624091839648606e-04
-2.131878265907996496e-04
1.904976236171182936e-03
2.273168186253925367e-03
1.931606037787772902e-03
-2.489004357010381717e-03
2.414068930012160281e-03
4.186022200335590962e-04
-1.843925818327585980e-03
4.311676853776173421e-03
6.095615590094741708e-03
8.900919241187266098e-04
9.294554878840803960e-03
1.897671086971292227e-03
3.864446870867089493e-03
-4.582675983597441806e-05
-6.299037405578668909e-04
-1.736721791652591452e-03
2.496704973623226076e-03
3.095435551010539393e-03
5.987822839007584177e-03
-4.063459981156599711e-03
3.555307928820237691e-04
-1.498420558628996233e-03
6.290655315200157673e-06
-5.774999953848111234e-04
2.874347163404546157e-03
-7.636331778269639815e-05
3.267348860750872918e-04
4.683964648476115133e-04
-4.098124243439573919e-03
3.573538536623126378e-03
-9.149829622443959821e-04
-1.012867274575926860e-03
2.018382841333841993e-03
3.403751013186124934e-03
4.933282762606364114e-03
3.057343684468342808e-03
-9.723815892233590415e-04
-3.027745696488680187e-03
4.215940437969247293e-03
-4.886330146073366437e-03
2.583521192344923924e-03
8.290939096044244380e-03
-8.131105152690706016e-04
3.861326212155832827e-04
9.492252552989256017e-04
-3.335824324725009723e-03
2.820939213774836113e-03
-5.488850454563098946e-03
-1.749654970768574911e-03
1.905790971166674425e-02
1.459972420143784873e-02
-2.808385067314943598e-03
1.349725430772593998e-03
9.563816597457690249e-03
-2.240020579027708278e-03
2.329613638711615625e-03
6.688896764309043303e-04
1.609697847878654216e-03
3.281019143524212733e-04
4.662723992113827418e-03
-5.958721717599627012e-04
1.356945583681788345e-02
-1.096968039808395891e-02
4.677595810674900143e-03
-6.827060924002504964e-03
1.459678863278475111e-02
4.893897253451909984e-03
-2.920464859149665693e-03
-3.231806326144857910e-03
-1.126073611031023743e-03
-5.357900184401681934e-03
4.052734642937264736e-03
1.032707811173232820e-02
7.010843085809672411e-04
3.982638338394356090e-03
-2.291654574436595253e-03
2.495569834127166209e-03
6.816902719437340115e-03
9.591223829587172678e-03
1.710463677272616202e-04
-3.459089503163740534e-03
-8.888824174807020452e-04
-4.977340964304170605e-03
-6.805425137995830837e-04
1.653566422872335866e-03
-1.640991171499405236e-03
1.461961541757112164e-03
1.731965219120341209e-02
8.581845004577609614e-04
1.378971623166753806e-02
-2.752465894928877912e-03
2.314851385493820607e-04
-1.144402595443849485e-04
-1.158349061359028893e-03
7.050993756420975526e-03
1.011319698461122726e-02
-1.701563166622555284e-04
3.560877955969889239e-03
9.562405856905806245e-03
1.271608438523977314e-02
1.100910434012617421e-02
1.406753650636579159e-02
4.951091163392684277e-03
3.653934103999503628e-03
