0.000000000000000000e+00
0.000000000000000000e+00
0.000000000000000000e+00
0.000000000000000000e+00
0.000000000000000000e+00
0.000000000000000000e+00
0.000000000000000000e+00
0.000000000000000000e+00
0.000000000000000000e+00
0.000000000000000000e+00
0.000000000000000000e+00
0.000000000000000000e+00
0.000000000000000000e+00
0.000000000000000000e+00
0.000000000000000000e+00
0.000000000000000000e+00
0.000000000000000000e+00
0.000000000000000000e+00
0.000000000000000000e+00
0.000000000000000000e+00
0.000000000000000000e+00
0.000000000000000000e+00
0.000000000000000000e+00
0.000000000000000000e+00
0.000000000000000000e+00
0.000000000000000000e+00
0.000000000000000000e+00
0.000000000000000000e+00
0.000000000000000000e+00
0.000000000000000000e+00
0.000000000000000000e+00
0.000000000000000000e+00
0.000000000000000000e+00
0.000000000000000000e+00
0.000000000000000000e+00
0.000000000000000000e+00
0.000000000000000000e+00
0.000000000000000000e+00
0.000000000000000000e+00
0.000000000000000000e+00
0.000000000000000000e+00
0.000000000000000000e+00
0.000000000000000000e+00
0.000000000000000000e+00
0.000000000000000000e+00
0.000000000000000000e+00
0.000000000000000000e+00
0.000000000000000000e+00
0.000000000000000000e+00
0.000000000000000000e+00
0.000000000000000000e+00
0.000000000000000000e+00
0.000000000000000000e+00
0.000000000000000000e+00
0.000000000000000000e+00
0.000000000000000000e+00
0.000000000000000000e+00
0.000000000000000000e+00
0.000000000000000000e+00
0.000000000000000000e+00
0.000000000000000000e+00
0.000000000000000000e+00
0.000000000000000000e+00
0.000000000000000000e+00
0.000000000000000000e+00
0.000000000000000000e+00
0.000000000000000000e+00
0.000000000000000000e+00
0.000000000000000000e+00
0.000000000000000000e+00
0.000000000000000000e+00
0.000000000000000000e+00
0.000000000000000000e+00
0.000000000000000000e+00
0.000000000000000000e+00
0.000000000000000000e+00
0.000000000000000000e+00
0.000000000000000000e+00
0.000000000000000000e+00
0.000000000000000000e+00
0.000000000000000000e+00
0.000000000000000000e+00
0.000000000000000000e+00
0.000000000000000000e+00
0.000000000000000000e+00
0.000000000000000000e+00
0.000000000000000000e+00
0.000000000000000000e+00
0.000000000000000000e+00
0.000000000000000000e+00
7.147284837750744052e-03
1.273673942577970182e-02
1.068669089188766137e-02
1.454473645848186267e-02
2.087013006393411557e-02
3.995089331428301749e-02
1.792808401940710825e-02
7.773126859513537594e-03
1.020808540677328648e-03
3.898691810922627361e-03
3.423059336782083295e-02
1.527237619851485977e-03
1.085449726641368913e-02
1.385651360863167890e-02
7.918550560515109915e-03
3.079895846399666182e-02
1.991534767995346844e-02
8.068438260869149892e-03
3.214880983430421120e-03
2.138641142560266523e-02
4.686854670564644457e-03
-1.542318086975736930e-03
2.520665063935235289e-02
-4.485784571016178824e-04
7.278312155639547580e-03
9.960370162775867078e-03
1.655240751052668505e-02
9.436722141288617777e-03
3.213780494411117364e-03
8.624879811099016302e-03
9.185611164100189810e-03
7.935976207986587122e-03
3.510319760092713709e-02
5.400947290824696483e-03
2.240362262127157389e-02
1.827262364030164156e-03
5.166368542557476552e-03
1.767337530567142725e-02
3.235605907133287662e-03
6.644966150740266170e-03
3.031022486579767333e-03
6.620155353059915468e-03
3.620704022911846228e-03
2.588387781015846333e-03
2.022601510479098488e-02
6.280067746591522400e-03
7.100915708710486308e-03
2.977217309348138136e-03
1.764606087636471157e-02
4.211227802176491578e-03
3.181741745882540710e-03
1.113773070677229540e-02
2.575111522160161183e-03
2.948782333333005348e-03
1.001861891711571494e-02
1.130540544749250066e-02
2.290808426201093161e-03
2.515191960784910787e-03
1.469932401455157495e-03
5.203629210601100341e-03
-6.418327785020325367e-04
1.747511402171369327e-03
1.981652542208433426e-02
6.615788896139527218e-03
2.925659331974037394e-03
1.121435342718845977e-02
5.513456356734927968e-03
2.060368636404107719e-03
8.342815751669140079e-03
2.539789462888490754e-03
2.307709742552075619e-03
1.138603427709823125e-02
9.979938490486030961e-03
-1.204426743486645274e-03
1.279609081713936787e-02
5.142895614424299391e-03
4.726908691297136873e-03
1.787226272266284263e-02
7.658937405734624060e-03
7.017279554306322595e-03
8.895769926451017884e-03
5.931727881349890992e-03
7.684609282001619336e-03
2.642220125334169070e-03
6.969894758261484767e-03
1.141360161565897237e-02
4.004870593540770136e-03
4.251088382316198754e-03
4.364968755575596984e-04
4.456759395592107924e-03
6.487158674137567631e-03
3.520036541611554909e-03
4.774515181399872888e-04
1.416315026825257055e-02
2.285113051101214481e-03
6.984870465881405296e-03
1.190790983830829685e-03
1.250914666044503076e-03
7.141205586982222672e-03
2.989892142037863746e-03
1.479500954979293473e-02
7.006253050208433378e-03
6.531695065648529704e-03
9.833256681247268954e-03
-3.739989070387711922e-04
3.328059741616993909e-03
1.541234998702302635e-02
6.557332314382463556e-03
9.986407416898613817e-03
1.441764123821336323e-04
1.415514048400536885e-02
6.452429883462118543e-03
9.033529893190608492e-03
4.776827101490153937e-03
4.972743418085662399e-03
4.431303528668824147e-03
-3.867878197819813856e-03
5.176868650940500555e-03
1.126837575395580465e-02
2.826692029181687021e-03
3.429573903366260699e-03
6.129248544218325254e-03
3.257970305505535069e-02
1.466179877676435268e-02
1.317420809183560311e-02
2.104384697650427821e-02
1.011512606990852721e-02
7.603491354321272391e-03
3.376000374063770765e-02
1.172676078881564055e-02
1.776419755844828308e-02
6.709886535158756044e-04
2.203372243340481415e-02
3.399903816602849703e-03
6.484112039017772729e-03
1.295891356448468888e-02
9.130062985198580255e-03
1.425774996623519961e-02
6.026896167019142776e-03
1.699191902235376236e-02
1.355411052615934989e-02
4.351553937908004058e-03
8.760602641932697249e-03
7.082571613748061233e-03
1.496234118249882214e-02
7.980944178795471716e-03
2.208549485725662571e-03
8.797044187982170586e-04
4.370777124910688732e-03
3.697941838554036700e-03
1.376552686862318568e-02
2.647784767268324645e-03
7.796487179757315318e-03
1.896676050631656554e-03
1.286620439788200253e-03
-1.949563546317830678e-03
4.156306220639383953e-05
1.200257422705014584e-03
1.820221062221686129e-02
8.534261781367102548e-03
9.799625800382201664e-04
6.206940794204463679e-03
1.858862014655981261e-03
1.486058875815150435e-02
9.555918748241925068e-03
1.363530459646549614e-04
8.018023642181269089e-04
-4.988282219713312780e-04
6.196016714914628735e-03
6.524310280702104968e-03
1.100383001354752338e-02
3.413129228477675137e-03
1.665211762537301739e-03
1.773414749967380799e-03
1.877069130310004760e-02
2.698748433436530536e-03
4.520075521566388303e-03
5.118983282256872949e-03
4.417175429025947328e-03
7.192357334755900868e-03
1.739072096815218182e-02
4.303464555162678749e-03
8.953376937125050172e-03
-1.205574475507202896e-03
5.201098967357246743e-03
3.776304058669675313e-03
2.787592688377495392e-03
1.623196021648817128e-02
5.972645093143906167e-03
3.749367051594905843e-03
6.344184556385713651e-03
-7.288506351889843804e-04
2.391488251352687677e-04
3.082773848030911576e-03
8.808184247900982880e-03
3.256117292403910325e-03
1.476192974924679657e-02
1.694658157818313467e-03
1.686402868526484453e-02
7.659409575245543743e-03
6.130630461562596063e-03
3.531846548636236212e-03
4.113795549650852562e-03
1.119246046643072347e-02
7.809856743707264612e-03
3.209631534113993167e-04
2.602775849161501412e-03
1.024403617137281935e-03
1.585115270898570378e-02
4.724728650508423040e-04
6.173530988498839630e-04
1.500210838375347876e-02
1.238551815224125073e-02
8.620751806182557191e-04
9.220235868884262085e-04
6.167117699311729789e-03
5.104472198277961847e-04
7.437760525630709822e-03
6.713878353468104992e-03
1.998829387809792670e-03
-8.074666397995137806e-04
4.642199828142916720e-03
1.975272953645364205e-03
3.642382171218439164e-03
3.067441650383539303e-03
4.427993291399594418e-03
6.026084249031280100e-03
4.946115850466304212e-03
4.270474244021594179e-04
5.475849644484913001e-03
2.013233613198680324e-03
-3.850234900337159874e-04
4.564401053901645348e-03
8.253655965963406851e-03
3.807861683035252548e-03
5.128737557078970159e-03
-4.839959432053661092e-04
1.108302145275345645e-02
1.049833615767260288e-02
2.572636772268563875e-03
5.672245937109400733e-03
1.327049951113098633e-02
-1.321448266035764839e-03
1.781371342328325752e-03
1.836384978438328902e-02
2.106356532913763666e-02
1.910374635524051540e-02
4.183591948807457994e-02
5.707333967407522343e-03
1.283513397186130355e-02
-9.884151386187604339e-04
2.844091096341602037e-02
6.153357974797705153e-03
5.390743327797579802e-03
1.473995983885431800e-02
-1.163822404153739675e-03
1.355284125845224348e-02
1.078926952871791470e-03
-2.949415676455919427e-03
2.713030316806930905e-03
9.615000113739847684e-03
5.942425622494290800e-03
8.589035634011467531e-04
4.490327474263520503e-03
3.016971054793063118e-03
9.768045187151196823e-03
6.283953941680908706e-03
-2.803609691926468796e-04
4.376126311176856999e-03
-2.392596349910370949e-03
3.266863483390267976e-03
-6.601602047325157933e-05
1.379229195249478263e-02
8.558092155966159909e-03
2.847597665431118950e-03
1.061699245215143132e-02
-2.533904944215559056e-03
1.969001560561610322e-03
1.398051555045123559e-03
2.642346487408893906e-03
4.711397119560971347e-04
5.944045450024262010e-03
6.402514271178783196e-03
6.022810161556699411e-03
3.407464588380612266e-03
2.857442636100486922e-03
1.998490396181699762e-03
5.252001244353341446e-03
1.296526601282845838e-02
1.717551859182349285e-03
5.126202231227625430e-03
4.397001262178156129e-03
7.699399643252622175e-03
2.226498812507416748e-03
1.751024325499765319e-02
2.895468423743791792e-03
6.001599872605492894e-03
8.245882162358575754e-03
9.902103590270673258e-03
6.043540407291804473e-03
6.345219026828691211e-03
6.848175486240840742e-03
1.879719294575777147e-03
2.720894532571863957e-03
6.773429005174019281e-03
-4.698535653377994715e-04
5.890860571651842549e-03
-1.304169650604897635e-03
2.277735073184537079e-02
3.198802126736514668e-03
3.858668615598267321e-02
6.407013019413727167e-03
2.112811125248362926e-02
2.588669985646914126e-02
2.840155181668548717e-02
3.812168035862752158e-02
3.073671848414555232e-04
1.022831933928933061e-02
6.667056710698998981e-03
3.982644774376456649e-03
2.311298171231679008e-02
1.353248626485923679e-02
8.075843011433573790e-03
3.233376748039285681e-02
1.866096727109836304e-02
-3.945227904601466586e-03
1.768860315871179784e-02
2.102202902604613510e-02
4.758941000183827819e-03
8.826252285215706664e-03
2.345095179174520438e-03
2.305349039033487840e-02
-1.212018872547015579e-03
1.306351210510636567e-02
5.913499897821196741e-03
1.555223654082822128e-02
1.098244872492323485e-02
6.976505652249230353e-03
5.031891957559112005e-03
6.621396959226551367e-03
4.336539749955960546e-03
7.104342327833232384e-03
5.875515525641366796e-03
1.966061699834182122e-02
6.244662552421967328e-02
6.225089622433836734e-02
8.376766840968075459e-03
9.010029100520672643e-03
3.641370473715391937e-02
1.059274996089021315e-02
2.993153139892239592e-02
1.228252412722245085e-02
1.233547965432426827e-02
1.097572128776688229e-02
2.231911467507894167e-02
-4.357333408894228932e-03
2.796825412783805753e-02
1.698836280274951694e-03
1.612329003386945431e-02
7.579436388027469690e-03
1.039142717756802448e-02
1.201279769546632556e-02
5.878078250317344232e-03
1.140872885934666840e-02
7.881276298918103371e-03
4.393826739128381745e-03
4.844572179819038246e-03
2.370606835458724873e-02
4.726602112154186866e-03
2.578980546499131526e-02
1.323483583301120203e-02
2.546707644635977028e-02
2.194572856383810583e-02
1.403860561589366507e-02
7.933551030279447844e-03
1.003947015471541408e-03
8.657912161580998828e-03
5.942793419171400748e-03
2.591614624003881276e-02
2.876858075867757755e-03
1.000382352531169541e-02
6.011147340854157070e-03
2.779810609510393292e-03
1.549156795115718202e-02
2.163045640066221451e-02
4.641752916934293108e-03
1.353025235470035718e-02
8.609844143139528186e-03
1.276487278860683958e-02
-4.633615896428305500e-03
2.097136204458076303e-02
-1.490675284529332937e-03
2.537815379593006543e-02
-6.794405031326294312e-04
1.372380367497774592e-04
7.892514076563873077e-03
6.701933147539791344e-03
-2.607929910781152253e-04
1.686587966471734049e-02
1.069156596389313554e-02
1.709756875204472559e-02
8.927969159484573994e-03
2.468452535558900846e-02
3.379543375896340140e-03
1.164454812809572609e-02
6.088258845504246515e-03
1.944408917050085422e-02
5.752683382933092109e-03
3.084702830326298967e-03
2.446402627159711615e-03
6.414664915647931218e-03
2.149326053729401845e-02
7.002177186257978712e-03
5.579731477453170850e-04
2.493443543331267873e-02
1.515193732647638486e-03
1.902000784468527942e-03
-2.384562142096205688e-03
2.644778979374396224e-03
9.403879990010433412e-03
2.140212875199684704e-03
4.670447231594722554e-04
4.859336993581562202e-03
7.086951394686537981e-03
1.176310714272693972e-02
5.326045005825186425e-03
1.006562942786727935e-02
3.236634747350728130e-03
-1.868818649521686824e-03
1.532992652013270840e-02
1.671245815170317121e-03
5.118410710353985156e-03
-5.250950386109867925e-03
3.587765362451458741e-03
7.803412565720100995e-03
2.084511902896840890e-03
1.373728869565096593e-02
-3.308967028780722928e-03
5.139879851811489375e-03
2.911157040911447128e-03
2.263741701785762853e-03
3.551510367048586747e-03
5.090029477648509541e-03
-8.258006343086588897e-04
1.334430853216575247e-03
4.196600986732182924e-03
-1.340675779342540962e-03
9.067863464587520156e-03
1.211190056147583988e-03
5.373632370622324211e-03
1.885796113069775678e-03
-1.040035221249823501e-03
1.183680883447323431e-02
1.964269192780940948e-02
8.551082659502206099e-03
3.041642331710594106e-03
3.699042660712055421e-03
1.629008192546980982e-02
5.537606432612775936e-03
9.630276751657489837e-03
2.380378252841596019e-03
-2.598421438695784624e-03
1.380168604879353049e-02
1.863587813781430666e-02
-2.935158705403846657e-03
-4.637360770747860810e-04
5.359598340865593703e-03
8.384549897763439799e-03
1.349067751376213653e-03
2.832005483877337790e-03
1.044357230511349342e-02
1.227679371426693838e-02
4.362543249362251310e-03
4.508773898289055761e-03
1.403151937950184152e-03
3.467534082999830514e-03
3.785785449691484415e-03
6.659780231375273668e-03
1.369658312580066678e-02
4.339601228838313104e-03
9.040281907929751185e-03
8.605432353128279754e-03
3.646466406934218644e-03
9.484664220945347377e-03
1.106872187608812404e-02
-9.178949568185714673e-04
7.862718780679071179e-03
-8.357986279494789917e-04
-2.453029982556218479e-03
-1.098735860743218010e-03
9.782201934892530495e-03
-8.463603780152146108e-04
5.297619262906090067e-03
4.273593514590843905e-03
2.021007586791273136e-03
-1.063528164394926924e-03
1.430508802395104393e-03
-1.538321250150948612e-04
6.367785292751875631e-03
4.998744912074748470e-03
-5.809308331733877137e-04
1.167108835022152326e-02
3.606971796998577860e-03
1.271525591846795660e-03
3.110125749458525664e-03
1.522500705359628587e-02
7.894823620198691480e-03
7.021606072948600834e-03
1.743610773691618016e-02
8.698681730592827330e-03
7.702797767951481862e-03
1.046841581864668344e-02
2.077993633402571046e-03
3.734800580303772842e-03
6.640088188159945027e-04
1.319221036926276035e-02
9.150576160325879851e-03
1.672920863155039897e-03
2.486996057060612483e-02
-2.971448526138682766e-03
3.943243608859802775e-03
1.702338593031266223e-02
6.547772308480179215e-03
-7.323016946155529909e-04
5.181420289938933055e-03
8.807803537159916707e-03
3.504625799205107403e-03
1.869066274593486360e-03
3.361102271277544625e-03
3.193140078125316673e-03
7.718676765945925444e-03
4.594743629234889978e-03
2.121871166960051860e-02
1.589106756748692858e-03
1.148086729883397716e-02
4.727607012232936876e-03
2.819322509095162702e-03
3.804277515132183226e-05
1.764175644811748211e-02
2.967147941028263399e-03
6.884086469756184670e-03
9.916075443604977294e-03
8.220266973590090870e-03
1.305915602083019232e-03
8.293823708173258397e-03
5.984797028273044529e-04
5.158960603602576536e-03
8.411086762572947406e-03
-8.285480597056794428e-05
1.716160368156921393e-03
1.710606703938016534e-03
5.658853393110477477e-03
7.908098001660639198e-03
-3.890357680425417068e-05
4.371870519594187043e-03
4.264830330984130564e-03
9.756755957568665621e-03
1.612289995486754918e-02
2.150750300780648102e-03
-6.120528689175790300e-05
4.755675898169063436e-03
-3.394468149766197151e-03
1.701068666249865025e-02
4.607067066184840874e-03
5.461455105406199870e-03
1.484914508365526697e-03
1.168923790280590631e-03
-3.229745049976196370e-04
-1.207827855167249807e-03
3.267301133605248625e-03
4.048410360319739006e-03
7.398365944698790178e-03
-1.015799942329952956e-03
3.245862084352419980e-03
-2.512973049413113735e-03
5.448718898398114546e-03
9.636741307103758106e-03
9.208792692209038068e-04
2.208511302009274167e-03
-4.887166149467533915e-04
-5.158824998995076988e-04
5.046921756961648964e-03
1.622668736669760289e-02
2.878141129360672207e-03
3.177800018191232856e-04
1.047476989495343264e-02
1.340061815547674909e-02
3.697212791037052335e-03
1.839566294762244071e-03
3.616362660852900316e-03
1.424713850431281841e-02
7.055227082462842830e-03
-1.644381392737239963e-03
3.432919617355377744e-03
-1.201807226640799493e-03
-1.456635785085574203e-03
-5.717299884639413278e-04
-2.966619881806608185e-04
3.109643140359807587e-03
5.148004015458820283e-03
9.547309120019938783e-03
1.852093680052496489e-03
2.237298994407988439e-04
-1.034046930883203799e-04
1.442452219629556829e-03
5.212671062681248531e-03
7.671516471732133359e-04
2.434683551718477747e-03
-2.231862148182192033e-03
5.678366024888761203e-04
-2.046713325595880470e-03
2.748388653239953495e-03
6.616946551201938545e-03
7.162955256669108206e-03
3.320365027348700163e-03
4.458622835012987333e-03
1.333760635562997177e-02
3.315144726642444903e-03
1.087559385999346991e-02
4.795597905676955708e-04
-6.866911988712280949e-04
3.152050214800497258e-03
-3.424457364329457770e-03
6.031256993850519707e-03
7.909473620434818303e-03
3.218477532707849156e-03
7.380733972041062657e-03
8.371538580422640055e-03
1.006978725973797090e-02
-1.291134647612953053e-03
-3.785304860054730853e-04
-3.748233108504717050e-04
-3.957909575355985851e-03
-7.717964706877716852e-04
2.108456282685378883e-03
8.105842056920074812e-03
5.821711712367526217e-05
-2.459215253936540037e-06
1.682651007791620933e-03
6.168034211572414292e-05
-2.027654411719902790e-03
4.031228076035395409e-03
3.334299915372720535e-03
5.532617083935429877e-03
-1.074973124306648426e-03
1.311492496380032386e-03
-1.327089140892190214e-04
3.023133400008749111e-03
1.442997633250181575e-03
1.364680494544835048e-03
4.764066554364607131e-03
3.505729127198281819e-03
3.411576239752508576e-03
-1.486198223374331825e-03
5.822585213162443339e-03
7.963218032030920657e-03
1.195747750459120020e-03
7.353372501213848583e-03
1.615900510545049788e-03
-2.259277851547631256e-04
5.606966401163795662e-04
1.743447090662801451e-03
-3.840405251344337131e-03
9.202053683352627925e-03
1.085321628678383686e-02
2.082109500363654546e-03
-3.418863687512623938e-04
1.034437732171532200e-03
-3.118246497597661291e-03
1.116184804765488507e-03
5.261389311100276613e-03
1.754796355844705138e-03
3.911714370257241696e-03
1.006571625463127412e-03
7.668443285803032980e-04
3.874282152312215517e-03
-9.459761114094089986e-04
1.248702956209708607e-03
1.936581690620257533e-03
4.076146904087528909e-03
5.436872890232591349e-03
7.247089277577826137e-04
3.113490265307469144e-03
1.633064751209379467e-03
-2.656183280726287597e-03
1.385092574045221608e-03
-8.797990044799261847e-03
1.175505176601289448e-03
-2.076944344502593826e-03
5.154512655730631018e-04
1.350234352581498572e-03
1.791217914558308104e-03
-1.099663791229178169e-04
2.471420574544330728e-03
-2.477684167200957036e-03
2.897552320186320019e-04
1.836070701831177352e-03
-1.346550337100376653e-03
1.306420821846380207e-03
1.189987402263557523e-03
3.166247348948226722e-03
4.658347428761338248e-03
-2.254129768284288571e-04
-2.370458347734005419e-03
2.157882717590264843e-03
6.765761029488693949e-04
4.607390590859343493e-03
-3.920817820328207325e-04
7.197701887231345609e-04
4.318280878491755764e-03
-2.924175427149942582e-05
3.157493713165257683e-03
-3.673544044410398043e-03
-1.510023823827740604e-04
-1.379763621627279162e-03
9.603346321001340327e-05
-7.926073637705147645e-04
-4.934585281951641518e-04
7.089135071701023905e-04
-1.281478591533657084e-03
-2.893226566381633369e-04
7.810363201179349076e-04
-5.213807551969295130e-04
-1.148433898352524234e-03
-1.376518132324365627e-03
-1.849883939816941367e-03
7.807589716523006054e-04
2.346358607154315100e-04
4.628017067771600726e-03
-3.680814180990390344e-04
7.223391302471180928e-03
3.570857406876248169e-03
-7.004837314191802219e-04
1.757369874023608641e-02
8.704762379477479217e-02
7.963882150266934565e-03
7.085942766478576377e-03
3.613830087998252082e-03
3.898149327024147404e-03
5.701183533664182582e-03
-1.355403076652618964e-03
3.662179450900912743e-03
1.270227660702579267e-02
1.324109203117126597e-03
6.133769296884884585e-03
2.597766370763214452e-03
-2.632826266104445340e-03
4.427183217735960671e-03
9.208427666444477661e-03
-1.889010513859133190e-04
-1.032709261012164446e-04
4.045834367978005594e-03
2.200317819193416038e-03
3.892615189409146664e-03
2.305310884057882974e-03
4.573435401983385641e-03
3.626646695722896691e-03
-1.403930959997789444e-03
2.244442728012516295e-03
1.384458024373111558e-02
5.833325521569513589e-03
5.500367847284618264e-03
5.991375626190315051e-03
1.364354020908567977e-03
5.049045208837399032e-03
1.262589935870159523e-03
2.946057370012301370e-03
1.097807538061570769e-02
8.355006326844698766e-03
4.635090619018861907e-03
1.079562893212766394e-03
-5.221123811054410738e-04
1.890576853214867917e-02
4.262340067697358015e-03
4.441286852477925942e-03
8.205400884360171745e-03
1.005753786633995644e-03
3.057931002268918837e-03
5.706372782498921265e-04
5.702495375357524710e-03
1.125587905732203936e-02
3.862084921529867348e-02
4.709760113932160265e-04
8.383762775387951227e-03
4.669567112128274015e-03
2.161481959179411758e-02
9.999462209799945406e-03
1.571229702171359974e-02
-4.082452231740982393e-05
1.724682974191689942e-03
4.268621865892056411e-04
2.093626981941166393e-02
3.317005458465807025e-03
2.515409769159124981e-03
-1.039319833906380717e-03
3.559345018413995199e-02
2.405116319513482624e-03
3.024103248144393696e-03
1.021982436285743699e-03
1.323123964382165972e-02
-1.075990624281666919e-03
8.482109078836562108e-03
1.066308800764471758e-02
3.073093609895346297e-03
8.463178593623688420e-03
9.315335697279027811e-04
4.055036606683510647e-04
2.863153438853485461e-03
-2.589025759002515684e-04
-6.495944942478978999e-04
7.893540773022034510e-03
1.912254197979213486e-03
1.951315229196430839e-03
6.227458972994309207e-03
-4.551459160336562165e-04
1.618620329799741811e-02
1.909049939867646503e-03
8.035314102380723689e-03
-2.749941744819407643e-03
4.814073358339968252e-03
1.540972790485976504e-02
2.602085390190859299e-03
6.376601618713470185e-03
-2.535432963693818979e-03
5.945887694671040270e-04
5.125832949457002040e-03
1.451822673574872449e-02
4.929565194301573430e-03
7.742861477876433925e-03
-2.473907477258281088e-03
7.318819684703234060e-03
7.160218023034667367e-03
6.477828873907076623e-03
1.247396082978723814e-02
1.091029366878599680e-02
7.301247160193855001e-03
4.782128231902042781e-03
5.323740802434306051e-03
1.745605444014828060e-03
2.856410452346590245e-02
-1.071991692875443004e-03
6.289321231212433375e-03
1.577348635735563269e-03
3.439422872615917337e-02
-9.403508636965681030e-04
2.135051482980022258e-02
4.604900884512081946e-03
1.244611609279375718e-03
-3.549334410252755830e-04
4.084541459596918375e-03
2.348230639399291955e-03
1.602186790404272650e-03
1.449174615081310138e-02
8.747010831320400914e-03
1.260365730361547552e-03
2.662230173864679403e-03
5.896907123777528868e-03
4.874706356977888573e-03
7.787861522531988254e-03
1.220746058232029425e-02
5.863819655809571728e-03
-1.729613005499739189e-04
-3.971338790502080933e-03
9.101397042234464843e-03
1.106293205150465746e-02
1.218485042497858802e-03
-1.086992616985817638e-03
9.076267050096759048e-03
3.624942723488272685e-03
-1.080239757254173845e-03
1.997836120851087614e-03
1.835241952846117155e-03
-4.293809403575098898e-04
-2.354066797735496295e-03
1.085454673276854166e-02
2.413884231786427980e-03
1.758029080699117022e-03
3.105272294554340187e-03
6.302950327289138805e-05
5.311705970492821421e-03
7.842659040615894417e-03
1.327788129124904664e-03
4.532444427894010211e-03
1.731455585246174239e-03
5.536719214737873158e-03
3.523327440126773711e-03
5.051357887864496576e-03
2.172087680283664099e-03
9.339011735203087139e-03
2.546631951473515582e-03
2.125216281134747510e-03
6.447677082227314116e-04
1.465459810571459898e-03
2.313372639195517434e-03
-2.141080573731879346e-03
1.476616117934662076e-02
-8.381501076341001631e-05
5.625511617640375182e-03
6.932008563886004650e-03
1.935890045720577504e-03
4.236110506851799642e-03
6.552096578102784702e-03
4.453782298513976438e-03
8.221857070738870440e-03
3.025277758109545453e-03
1.952522190899906931e-03
3.149776536042386658e-03
2.546585969389344919e-03
1.608901127180986310e-02
5.495739082830075617e-03
3.186267495352215848e-03
1.977978262059476577e-03
-1.864496613782897980e-05
-4.762479901698046109e-03
7.100752863407880019e-03
1.125864609065291982e-03
1.210741865513094602e-02
1.434810598545081025e-03
-2.608895067327342884e-03
4.462953045952874724e-03
2.604302130301622102e-03
9.274257868442144096e-04
6.321018755185343375e-03
7.039064245726487593e-04
3.129335131903126892e-03
3.304818644750271350e-04
-4.149701277722242987e-04
-3.336519630415650268e-04
4.737288100166818505e-03
2.158171808117729813e-03
9.466369439780472975e-03
1.018402857418762228e-02
6.880426530338362885e-03
-5.332405752938040606e-04
2.114132218579227538e-03
8.951674047313649268e-03
-1.777340238053295909e-03
1.521565154650433415e-03
2.329985562196131791e-03
8.385230847636148364e-04
6.473591432398000112e-03
4.150039018974652910e-03
1.594416438167965862e-03
3.226155858599243434e-03
7.119841339276334474e-04
5.374302974727295477e-03
1.196940825088474263e-02
4.319336322404430419e-03
-3.998058590857507533e-03
3.935416172371858715e-03
1.066531573655043075e-03
3.590239819508620096e-03
1.961035662393073847e-03
1.177325648296739975e-03
4.227952850422623914e-03
-1.379705668448799084e-04
1.668688992610371053e-03
8.665445980078389024e-03
-1.726937844418832712e-04
5.957706298934865689e-03
5.639344290033143463e-03
-7.993500016846486183e-04
1.175076485372901752e-03
3.226241107574470083e-03
6.652709999906918255e-03
1.500543703054316603e-05
6.219393889556825046e-03
6.910845265600588060e-03
5.931212485004748979e-03
1.811050503084956969e-03
1.912985124782955529e-03
6.505455370143476898e-03
-4.710530447078664987e-03
3.442242339772797009e-03
3.126217258984040522e-03
1.779893675083154365e-03
1.898439307544839885e-03
4.893860348717555576e-03
7.099225449061984886e-04
-8.758664967613531823e-04
6.791573392338609919e-03
3.659810637554593640e-03
4.588165481453787380e-03
3.825484278308800140e-03
5.183263037147121770e-03
-6.557873904002352664e-04
-1.736315630468252469e-03
3.223869950950832269e-03
5.043234098005673627e-03
4.184485145031804215e-03
2.107468295378585668e-03
1.479393259911575189e-03
2.688940010829247995e-03
-1.258021734743547046e-03
5.270932787278389924e-03
1.042895511184673864e-03
1.825279973747635657e-03
2.892764918247478414e-03
3.469423887558267458e-03
1.792699376276912218e-03
-1.464363898098164840e-03
2.559314838504160236e-03
2.463346693662589980e-03
-1.293900844323835411e-03
1.266742194516841174e-03
5.851163358106838824e-03
3.178547367184850116e-03
-2.500705759239846325e-04
-6.186270578839765406e-05
2.725927464817386355e-03
-7.796827346084968290e-04
-2.020688774979603254e-04
3.650773952591941369e-04
-6.444029130073396271e-04
6.068873551375239539e-04
1.152597694830473016e-02
1.377908401800476959e-03
2.651574029048553351e-04
2.912203736227222776e-03
1.961184558531324420e-03
1.898921029981306529e-03
-7.303644240487228417e-04
2.046220382215623804e-03
1.600956054230045318e-03
-4.227681099677950308e-04
-1.441197418690735258e-03
-4.504226063183059108e-04
4.021149896643851085e-03
8.810731060702947041e-04
1.900457048158451113e-03
-1.681220708054070867e-03
-9.440627249376273584e-04
1.478071655099845103e-02
2.229180825863947418e-03
-5.707525159569009016e-04
1.304824857875563123e-03
3.171867202656467218e-04
-6.559713701008262725e-04
8.083240998671610035e-04
1.369637081578820676e-03
5.072416613158223578e-03
1.604333352299827870e-03
1.981700439493600560e-04
1.901225154583027462e-03
3.893705512667147359e-03
1.462318385234404484e-03
-2.146153356764032849e-03
1.139439266679062417e-03
1.123819374687163794e-02
3.001633693583631579e-03
7.272327324164332401e-04
6.310094429463329949e-03
6.252373215759016861e-03
6.124340563516043976e-04
3.580350638659897909e-03
1.454103756584342912e-03
5.505871562279681004e-03
-5.863392509192705618e-04
1.460141933097105528e-03
-2.139555589395032795e-03
1.584076394795803054e-03
-8.210353169494312344e-04
-1.967058262547736851e-03
4.464149391050005466e-03
2.949445021237053540e-03
1.119796086952258053e-03
1.969377595303006129e-03
-7.025403733888805572e-04
1.926046329768722797e-03
2.014464054826060890e-03
3.476501530764869452e-03
7.073076368583001549e-04
4.767236198479289644e-03
3.722307514505029946e-03
2.915231726144151218e-03
-5.284295943443145056e-04
8.859570666132023011e-04
1.238463627224741740e-04
3.884649639561776370e-03
1.490673545539925385e-03
-5.778152623081100978e-04
-1.595945196334178605e-03
9.025042318122496708e-04
7.900566119947076069e-03
2.768280550162407626e-04
3.288224916267913286e-03
1.045012878939840508e-03
1.822331147161569340e-03
-2.715359833250267051e-03
-2.092077057380991364e-03
2.345614236238158581e-03
3.409840816249608188e-03
1.911563102788008811e-03
1.411207132872128490e-03
9.998192199657026519e-04
9.610606326195717626e-04
-6.605410386480286286e-04
-1.307811611239827719e-03
-3.547713194714506319e-05
-1.513019185280407332e-03
5.529362269219987788e-03
-5.256661766934622075e-04
2.632711179219942958e-03
2.350096033128794715e-03
9.581200402522267040e-03
4.640913447208015177e-04
7.061443835016864828e-04
8.518753477840075236e-03
1.467645468577793164e-03
7.701189032577960072e-03
1.009620124247894877e-03
5.746729832147285874e-03
5.107941810521606819e-03
1.505200244733719776e-03
4.547371335456157349e-04
-1.437255531229961409e-03
5.803560765880687138e-03
3.259370492043685025e-03
5.076626841953601338e-03
2.930386396693221342e-03
6.207238326500926461e-03
2.718073163453942325e-03
1.827266406731897644e-04
7.561128276856579622e-03
3.192313674177524579e-03
8.141538172829990150e-03
8.436051958795313943e-03
6.727983035113244224e-04
-7.748716102516545494e-04
4.563648771407607073e-03
1.362553824051147703e-03
8.705806730992611889e-03
3.317368773745455954e-03
2.602642511236749178e-03
-7.787277851611789118e-04
1.090270154581966106e-04
8.017202857221026116e-03
-4.265596915725308053e-03
1.394364386907826023e-03
4.003976206237026825e-03
4.544510886112173957e-03
7.295890676367500390e-03
1.986169601051810188e-03
1.672549966443603268e-03
1.983820196318476954e-03
1.613202080102292893e-02
1.479631320754030976e-02
2.596423335981170449e-03
1.070174923855003908e-03
-1.002258202780435250e-04
3.396216018106569274e-03
1.168619074113655398e-03
3.334531767855872155e-03
3.444280066658582818e-03
1.138442164186851758e-03
-2.502731244831421856e-03
8.448321312794210627e-03
-3.329858838599489973e-03
8.645666371427558616e-03
8.815564680293977093e-03
8.034888948804269106e-04
7.804429163588494194e-03
3.597064439576149863e-03
5.760829281988317108e-04
3.348534514119276464e-03
3.294058496844119981e-03
6.599089665767918916e-03
1.095642725244618150e-02
-1.879278888004651434e-03
1.149228751501075139e-02
5.148052090265246850e-03
4.669110248005047675e-03
1.000615309039596876e-02
4.292311490234466780e-03
-4.095442877285338477e-03
1.648283032098363200e-03
9.535572275652155370e-05
2.607740701169118311e-03
1.525431547126140756e-02
6.534587566338088092e-03
5.153793371112136944e-03
4.865670214048343177e-03
1.387554620123391917e-03
5.044845705523928400e-03
-1.969274546587731481e-05
7.121628883873883445e-03
1.540358414932505721e-02
1.120596974686277961e-02
2.160785620955692383e-03
9.089700970948863881e-03
-1.172888546128195370e-04
4.164343961220809583e-03
4.508427068146558456e-03
3.696262442612149694e-03
5.438854492818625229e-03
1.893945443286108518e-03
3.145743907382315008e-03
3.708452387850652305e-03
1.596536739092056182e-04
-3.140479182597249010e-04
4.963104271500288047e-04
1.146227558162633505e-04
1.004771754168267556e-03
-1.700752561374074649e-03
3.836414217856683444e-03
4.798193119865490873e-03
4.434175842575214729e-04
6.493412795030789088e-03
1.447430598153998864e-04
2.042175495222555912e-03
-1.176203678776942653e-04
8.738564561596412483e-03
2.229971564976645625e-03
1.768521264813848479e-04
-1.647008380344189781e-04
-8.752748470762036640e-04
-3.043936502596351380e-03
6.702249762468875764e-03
1.155948996943854576e-04
1.849518436725471407e-02
2.481241690788661865e-03
1.070619865307804140e-02
1.075967082851482341e-03
-2.072417510087813143e-03
6.066301269190123822e-03
2.381034592823097224e-03
3.317414050699363844e-03
4.636237816370066683e-03
7.185021870686808445e-04
1.698506083798146174e-03
4.856904377631120380e-03
4.851505355569256210e-03
3.428761439298576470e-03
3.358763594820399819e-03
4.003281554742718368e-04
1.898411188203462819e-03
-3.365497595480153098e-04
1.251697844388933089e-03
-5.280446011245593920e-05
1.319800352909863809e-04
4.997901736807386711e-03
7.325617291989064417e-03
2.704348958939868132e-03
5.364806686551440440e-03
1.813560335463590585e-03
-1.321265291421871947e-04
1.409199190840783669e-02
4.992183934896271373e-03
8.314187693019097630e-03
8.974591556782155616e-03
5.289719390800442372e-03
2.748307772707073854e-03
3.184738099850674929e-03
3.553511002153907777e-03
5.198157218633629555e-03
4.873044687395674222e-03
7.804324370487510966e-04
2.788919249863853079e-03
6.868680673278556442e-03
2.086884040621746639e-03
-3.752198471058461760e-03
-3.627434838397397099e-04
6.006894585534407888e-03
-1.326030483617272708e-03
4.188144794876494034e-03
-3.985204866101394166e-04
4.886355792467445176e-03
2.838271713275775099e-03
-1.116475421178425272e-03
-2.883740128674493024e-03
2.256180083058529663e-03
2.028440948297738355e-03
6.479337563507779445e-03
1.406208552410740786e-04
5.252781434984596506e-04
-3.858681092994658939e-04
-1.900279933012656228e-03
-1.608793436920962589e-03
3.819192175199597784e-03
-2.320793356978324319e-03
-8.849022622837571239e-04
2.920859230104622031e-04
4.375117119982212949e-03
4.172351807505111747e-03
-2.952220236776447165e-03
7.877163721993461071e-03
7.105222621998918964e-03
-1.870672920052959039e-03
-7.032271904475217474e-04
2.319481550006077114e-03
-1.435270301144447045e-03
-5.511925419279361648e-04
2.819150309168189615e-03
8.162760537314091899e-04
-1.547308226310403854e-03
2.671537330660796357e-03
3.780162301721243148e-03
1.096752316841446626e-02
1.026034340918133975e-02
4.043447883082027135e-03
1.159666079763179954e-03
-3.220311234620726933e-03
2.931741620125375824e-03
2.497787538995729136e-03
7.040595406373457640e-03
2.972863275518139187e-06
-1.230153941216907687e-03
1.764595989486177768e-03
-8.555768065796555324e-04
2.392877391205407763e-03
6.353976556856272143e-04
1.887791582636976634e-03
-5.132284106678221356e-04
1.259903321184979914e-04
5.528917434988708845e-04
1.431633011584594476e-03
1.641273396834442427e-03
-2.599234290648476386e-03
2.540959292090091450e-03
1.064553516274575201e-02
7.525601632142830087e-04
-8.210930495704683429e-04
1.177698684559485513e-03
-8.426591534566197500e-04
2.360571626787917685e-03
-5.474826613952696753e-04
8.352017509600250661e-03
8.100362275208697685e-03
9.828977251424246900e-03
1.960832032243480308e-02
5.970305919967616379e-03
2.266177423720143816e-02
1.213379345114597163e-02
-1.387629878063353613e-03
9.238053902291089910e-04
-2.192917373593636018e-03
2.415480941165958767e-03
-2.747397659152716622e-04
1.564065177514653484e-03
1.502522895387698766e-02
1.829376128009852463e-03
4.721499360808501661e-03
2.397682164304911628e-04
-1.406276391199841108e-03
7.029990255807850447e-03
1.096100043955297414e-02
5.957556538977248168e-04
-3.700655016714637230e-03
4.417208468627181056e-03
4.298871129212412587e-03
-1.061685963937543647e-03
4.767731350060116190e-03
2.842443903046336763e-04
2.636139874083842649e-03
-1.503411325178616092e-03
7.320171160514307024e-03
2.597947503659190174e-04
1.645268520935878193e-02
1.115453009654184674e-02
5.760892214863575270e-05
7.928441402798972609e-03
5.760378835258012087e-03
-3.546199800208304879e-03
1.473504550755307509e-03
2.445282424666704590e-03
2.835023158500505789e-04
2.228087698341227416e-03
-1.823780592947112089e-03
2.627206708965350388e-03
-5.058603543687560308e-04
-4.079559890309547403e-03
7.208414436260099888e-03
7.194755611352481386e-03
-1.956082047662698054e-03
1.029727969684732063e-03
2.377071444691659496e-03
-3.472360650220929473e-03
-3.722165627018789256e-03
4.649389462948920818e-03
2.436288863486076040e-03
1.468790414296180027e-03
5.557188586146916826e-04
6.888914221119193590e-03
1.051755493793792018e-03
2.298187711178680762e-03
6.483501380907403513e-04
1.368487854233269669e-03
4.931366064036404179e-03
4.622844327177622753e-03
-2.565537347352428617e-03
3.887694324341595380e-03
3.088907545084109037e-03
-1.889997393511264837e-03
1.593727047328698547e-03
1.233943279747160048e-03
-1.627421806944717416e-03
1.359146826594690143e-03
-1.080349199858302630e-03
1.847099715005274439e-03
6.380148657343927970e-03
5.884489371551069985e-03
1.318421526433502348e-02
-1.034044937392470526e-04
2.715838261674984998e-04
3.080380935654505013e-03
1.316178245632264841e-03
-7.573434606573372675e-03
8.407320672203445061e-03
3.580565437106275617e-03
1.016118439873233727e-02
-1.616856203548877255e-03
1.103701624430616923e-02
8.919442841927164353e-04
1.024457781556928218e-03
2.441371919333164189e-03
9.455032910077405730e-04
3.225830635889224800e-03
5.978043026506999445e-03
-3.823767322952399683e-03
-6.598873372021306447e-05
1.072363501074357142e-02
4.659594477170478453e-04
-1.179202313903614328e-03
1.283892931949735285e-02
-5.895250451547519310e-03
2.852619090575937624e-03
2.582511630164817905e-03
5.041591641474799275e-03
8.701273268466567373e-03
6.192859467532031963e-05
4.121840073914419603e-03
-7.206351720902374851e-03
2.190564963476322475e-03
1.347161771971044052e-02
-8.115580028585318850e-03
3.875391334179391356e-03
7.568079958435811744e-04
7.778629229676945443e-03
1.082517722782311807e-02
7.940540625914589094e-04
-2.350990900447013678e-03
1.073761530243334816e-02
2.601483013471469954e-03
8.072456745066545342e-03
9.462488356891304506e-03
8.789910863742436686e-04
3.156526379689967611e-03
3.365024027966719098e-03
9.259014378492380973e-03
1.413240120038732756e-02
6.967041511608428571e-03
6.314254931926666092e-03
1.007449952928222113e-03
9.407803426453502024e-03
4.667275871092232443e-03
1.680934088620763319e-03
3.106028521144158470e-03
9.619951434634598994e-03
-9.793517953417432524e-04
1.641922223060079608e-02
1.904568416295044806e-03
1.783401703358403634e-03
4.010790647766573208e-03
-1.138466561779734581e-03
3.130269425316627380e-04
2.529510604593331567e-03
2.359065500190917798e-03
8.325327058418787590e-03
-3.006130716036967436e-04
-1.892399542450165853e-03
8.886665547740080912e-03
4.891252940157017788e-03
1.555268450258065916e-03
5.927989729738558471e-04
-1.498169994966962811e-04
3.227676397993215710e-03
2.657177725318718648e-04
-9.406659151058229668e-04
6.737383870047038321e-03
6.264854305048036566e-03
-2.747714730455507771e-03
9.909915675441749450e-04
9.508847727219024541e-04
2.653447138243265543e-03
4.968736522715920534e-03
-1.516958914449100752e-03
4.141267204566754720e-03
9.121489590095437777e-03
4.993185455940712947e-03
3.788842067813749572e-03
6.849773307305351061e-04
8.178961372541648789e-04
1.097440273027606257e-03
1.204315743264516500e-02
1.762998656350477436e-03
1.414652596845035384e-03
-2.849224321945956467e-03
1.415888473498076380e-03
1.653322648016531532e-03
-1.977335619889156269e-03
6.253988959243227857e-04
-1.598503574246545097e-03
4.863602548213880397e-03
-1.339623782309969265e-03
-2.355950661864889169e-03
-1.618453039160897781e-03
2.080993628734455290e-03
3.229794333701815554e-03
4.561862794604154038e-03
-7.129968253639202506e-04
2.432593364208656111e-03
-2.187091511613407403e-03
5.557884330121993892e-03
-1.935219208956365949e-04
6.472406542035168478e-03
-2.963665116289911604e-03
2.307086529843756402e-03
-2.264148686430998095e-04
6.166615938642880726e-03
4.451027010608951846e-03
7.611126378652926898e-04
2.264065551642517691e-03
-8.930629053426459261e-04
-1.533271458909077952e-03
1.140574357845785224e-03
1.200379246772122210e-02
3.067296867666559866e-03
3.974299654217731568e-04
7.991702977142974007e-03
-4.244479333886245261e-04
-4.064909973493653975e-03
2.200395604351317209e-03
-6.959915062268481716e-04
2.153876078835824902e-03
4.443187997090678604e-03
2.897276437655484614e-03
6.829017853246269372e-03
3.382409863590538773e-03
-5.888674152952310097e-04
8.582343395156642740e-03
1.980413690687431866e-02
4.824273091802626715e-03
5.013954657460887102e-03
1.495653551224868268e-02
1.056955000436735070e-02
1.513579127151065337e-02
5.377991279329741130e-03
2.753205720598229846e-03
-4.584999260941660833e-03
9.167137617676013317e-03
6.107277607268790307e-03
7.890922188978567037e-03
1.588243010646422796e-03
7.336575152955511665e-03
5.086648140804054434e-04
3.130289516454320790e-03
-4.218333897138638877e-03
3.028268720599032460e-03
3.734224895451236127e-03
2.337520186400664484e-03
-2.790653558380187717e-03
1.761692296347695547e-03
3.789012313792755691e-03
6.129910522256389743e-04
1.147828022120642383e-03
-5.049438831586532984e-04
-2.705666251938999844e-03
1.925618991709540477e-03
1.776135639358498303e-03
7.330908995550364064e-03
1.067639422645447721e-03
-1.060912018394078154e-05
7.767540007188689175e-04
4.139265544395296682e-03
3.302687193262096761e-03
-1.669962174537098411e-03
-5.424273009790750531e-05
-1.349097796725319889e-03
-2.655648462975891601e-03
5.824923723785975678e-03
6.208277248029883850e-03
-1.877108011431364264e-04
-4.257297054641325483e-05
-4.564107824611219125e-05
6.990696710828167831e-04
4.008981799186683848e-03
-2.136927991618011499e-03
-2.738745423825478514e-03
3.861037832128036071e-03
9.283680058584467890e-03
8.190017062357026617e-03
-1.357447930272287712e-03
-1.673538365879740589e-03
1.854224268924636529e-02
-2.761742272156594326e-03
5.151268971142593939e-03
9.579680880613760221e-04
7.943759195751316088e-03
-2.444235076885381422e-04
3.888550221694828460e-03
-6.117587122117654815e-04
1.208011968470483997e-02
2.066212308902848609e-03
-1.794441512540843886e-03
5.627386323248322920e-03
5.869423819047221887e-03
2.106091367212650084e-03
5.119494151937764928e-03
5.132037826026986278e-04
2.742446544113984717e-03
1.850355929969106639e-02
2.611194673023546024e-03
3.765692764071041851e-03
1.033275214830713280e-03
5.098633988654744861e-03
1.754840268476773497e-03
1.113406541671360704e-04
-3.859020854664197819e-03
2.645458286989109398e-03
-1.774715641823090178e-03
6.670686029254660650e-03
2.696496336462302730e-05
-3.052401024708849709e-03
-6.869557381140680742e-04
4.469653351602331966e-03
1.711551294497625788e-04
3.630034837674049673e-04
1.196955220580870607e-03
2.264444299652739259e-03
-2.074266436326267175e-05
1.374692286044584821e-02
9.284825218479182901e-04
3.203702401234244726e-03
-2.847462951892467450e-03
1.466796249184181347e-02
1.267900406077465464e-03
1.065234110126381598e-02
1.213870745374450583e-02
1.980975935651349204e-02
8.283843395916395957e-03
-7.321585952687296051e-04
6.019637050631763096e-04
4.789689239501375081e-03
2.125848667450126912e-03
-1.544736134590378451e-03
2.930973711340724083e-03
5.158951396180207725e-03
-1.192116863420471847e-03
1.432802372358251385e-03
-3.462714136292713643e-03
6.537247581468075448e-03
6.838957761513540269e-03
2.189166570168706938e-04
1.036371890508260788e-03
4.551902922361468051e-05
1.275259174195303088e-02
1.400374892140251884e-03
3.818857912064393782e-03
-3.513421877072779825e-04
4.895104082560064636e-03
8.412738141247138451e-03
1.127911033276194491e-02
-2.935371041363362809e-03
4.957968802578070072e-03
-1.624547020508705685e-03
2.242412200704216318e-03
3.751721003120714153e-03
1.034973203984392107e-03
3.523373764573396998e-03
1.423657465080833701e-03
5.590429115951392643e-04
2.363307738404953756e-03
6.578293111787415076e-03
-6.193415791287224404e-04
2.915669986769300458e-03
4.819193495654918195e-04
2.785025812879628627e-03
2.718650030634275471e-03
1.432515148095818902e-03
1.558833358428268106e-03
4.143870148095513193e-04
3.361693138361031199e-03
4.967051312252230254e-04
-3.715097729907146113e-03
-1.610925116932934286e-03
-3.062304884378098382e-04
4.099605782078640653e-03
5.260043550007867212e-03
-1.331641688778634116e-03
2.108118801175985768e-03
-1.536332694826612975e-03
5.564799425769830464e-03
6.201064000399388260e-04
-7.156548608977407119e-04
1.992802050560262797e-04
3.290143304885874073e-03
-2.408022231971270865e-03
3.754191280946541243e-03
2.056225805966096012e-03
-7.161373138542480830e-03
-8.543998284698212185e-04
-3.260781646074089116e-04
9.695680527233773924e-04
-3.262335257461383264e-03
1.876126792609205144e-03
-1.638984132235888052e-03
7.140068728189617395e-04
2.155274725468127837e-03
2.302916881570486220e-03
2.605931944729077653e-03
-1.085588636512153492e-03
4.504997846951157812e-03
9.139998179469838169e-03
-7.839401750106229699e-04
7.007853617914589807e-04
5.715612459450798710e-03
1.319173822394181708e-03
4.457311236826311425e-03
2.646121034900448393e-03
4.684758257753123337e-03
-2.469526511198915763e-03
1.090270434803661086e-02
1.903753900199254331e-03
4.493002736742104887e-04
1.235216952776064777e-03
6.331328577880848858e-03
-1.980348233120896549e-03
7.181143321564193967e-04
-1.336590751784285346e-04
2.484634324885648220e-03
2.555927825258305641e-03
-3.942292361799022509e-04
-2.975843316002962013e-04
-1.337546522915597329e-03
-1.124729978154359903e-03
1.426224845947297913e-03
-2.774563800934723781e-03
-3.291434513987992558e-04
5.169680002883839283e-04
-2.689743459047311963e-03
-7.886950790499062253e-04
-3.190179828317356130e-03
-1.441809313088967355e-03
2.033699494827397730e-03
5.663225073503791625e-03
1.668624152164019511e-03
2.805099764218545785e-03
9.235076321646650227e-05
3.603330766187353654e-03
8.496209567956099912e-03
-8.117119789396340076e-04
2.981070290661752206e-03
-2.741071238616083036e-04
4.893067344293240695e-03
-1.359646412300558169e-04
1.970802491051549480e-03
1.664262842620069000e-04
-3.319922151760238923e-04
2.090737480538218656e-03
3.666845052892661778e-03
1.495231258157014289e-03
1.583131427709000803e-03
4.290497409844249571e-03
2.771837438009852432e-03
-3.085367632905160456e-03
1.229868246602416892e-02
2.084876793182030737e-03
4.738264912911070367e-03
5.086470825814657162e-03
1.298101112651847125e-03
3.899735514409328162e-03
1.480199426485431357e-03
3.261069703374386633e-03
-1.525541928019672876e-03
-5.442493934528667629e-04
1.639182771107311563e-03
2.702479544891828525e-03
1.009314767185064479e-03
7.291615260221764264e-04
-1.761783167789156323e-04
-1.398408873709712074e-03
5.085694808177372225e-03
2.312199236315593421e-03
1.100255102364817430e-03
2.768739988579798413e-03
6.275344892123547753e-04
-1.528141775979886038e-03
7.132845759461220111e-03
2.061336167516180599e-03
1.143039170359236257e-03
1.992260699565461587e-03
-2.951142975509661245e-03
1.153145913942517971e-03
-4.682704693469179531e-04
-1.256042185046966648e-03
-4.578153315051456881e-04
-5.992202334731060002e-04
5.175636984328880509e-03
1.369354145352624829e-03
-2.543306451630204107e-03
1.738014947368800127e-03
3.818182768470087737e-03
3.930068533719834056e-03
2.225374613757383040e-03
2.616595941226186172e-03
5.559737182601432598e-03
-5.849868797302966526e-04
6.591079139792642644e-04
-1.668702100268080991e-04
1.197453397037036293e-04
2.815275001779984475e-03
-1.100007697874982697e-03
8.567151251283571921e-04
4.404496270996183759e-03
-1.424647028636804105e-03
-1.779414632852788019e-04
-4.819109957003171719e-04
-5.646788998874479682e-04
4.635375683267931556e-04
1.857463378870748963e-03
4.086720767301018145e-03
6.302016543995986840e-04
3.103897913668202720e-03
2.920350007580673445e-03
-3.289827051419271235e-04
5.150739013570816444e-04
-3.536821573547007519e-03
-2.232786120851834241e-03
7.441017956479927670e-03
2.842249666706186603e-03
-2.644855252173410943e-04
-1.528570601956128535e-03
6.990612955923221654e-04
-2.596070679054222809e-03
8.799503146314084949e-05
-5.195174852503339942e-04
3.802034119954337404e-03
-1.644289525058401438e-04
4.559564146438736896e-04
1.990969567535806964e-03
1.142376717642488255e-04
-1.257782131958126975e-03
1.384680658161544908e-03
1.116953414387852981e-03
-3.155139269240291467e-03
5.187629605001289543e-04
1.782659708909476934e-03
-1.310967445198412545e-03
-2.745428858187559922e-03
2.236237137530034096e-03
4.739941785935499093e-03
-1.013112415804803389e-03
2.560151488551714151e-04
-1.365177077363501860e-03
7.761520408465996538e-04
4.112027214349073950e-03
3.917201111571743527e-03
1.290453530626101217e-03
-1.382768740029600030e-03
2.650382153376673947e-04
1.723382253857177549e-05
3.422409911216828943e-03
-7.600856149217855538e-04
3.282472317900828745e-03
-4.063156138012746473e-04
1.124930902638216889e-03
-2.093628303742729908e-03
1.226874948966042225e-03
-9.419955184846457840e-04
2.582004532363450788e-03
-1.859064316479522826e-03
-2.774543465551769419e-03
1.013326553757095240e-03
1.277468975811690919e-03
-4.047394992021002835e-03
-2.948104884018506837e-03
1.924036791279307114e-05
1.293108344058312500e-03
2.500684612621995647e-03
4.820569475098729698e-03
-1.590674569702944362e-03
-1.032838681935023106e-03
5.269395277825107173e-03
-1.717612443646618445e-03
-2.445518090948940911e-03
3.684303788129968723e-03
-1.155365739340018455e-03
-3.378919258300974553e-03
-1.246633873573348020e-04
5.281920466316060263e-03
-1.225444846781648936e-03
-2.478923152054683145e-03
9.358590244876672506e-04
6.967725207670694143e-03
-3.026214052897504680e-03
5.498803468166355533e-03
2.048484110074539916e-03
1.865519611641474826e-03
1.913416840269403351e-03
1.284838485679793861e-03
2.568667177676497819e-03
7.065631665483945896e-03
5.215695037079836824e-03
1.454473590325671556e-03
1.598540330638385885e-03
8.635400911949374413e-04
1.747032716521508501e-03
3.353004338199897698e-04
1.432010794526099046e-03
-4.864828755652380373e-04
-1.968231293577620087e-03
2.217642403703996151e-03
-1.123185145379910436e-03
1.917016385671899484e-03
4.902176301471847762e-03
3.149700782924266720e-03
1.145425255354306105e-03
9.401292805861353238e-04
-9.091643548524086993e-04
2.247103160702383987e-03
3.820547668972627386e-03
2.273664144019170615e-03
-1.321023789932304193e-03
1.234505064829149838e-02
1.776993482129797172e-03
3.891356069363162895e-04
1.734474726574862079e-03
8.711531899114128208e-04
-1.928051249158077487e-03
-8.634266259407335272e-05
-4.787418755103449702e-04
5.980523500835563736e-03
-1.218965954637761875e-03
4.237776831442456940e-03
2.165205122696524289e-03
3.426182907179501063e-03
2.518040542270783000e-03
1.874340758132540634e-03
6.736090324693642765e-03
-4.601019592404609337e-03
8.219076732587276071e-04
4.109383715954905911e-03
1.599848576358669193e-03
2.316341301250540545e-03
2.511852820762973393e-06
6.983216936545512572e-03
9.312812115194954443e-03
8.253809208062798733e-03
-4.488525364382159148e-03
7.583214911103312167e-03
5.142337075463441348e-03
5.772211477861168352e-03
7.951396936369452360e-04
1.288889799325551241e-02
4.074977922710412877e-03
2.273462888874607565e-03
4.439395159103445322e-03
2.882478532086366237e-03
-2.903946864435338546e-03
7.381214642967904270e-03
3.509894315489439642e-03
1.081028157187583112e-02
2.993336729671470034e-03
-2.297075059541702283e-03
4.269800673780138481e-04
2.126463292373256125e-03
4.857293086938896561e-03
3.577992414829221646e-03
7.334870919814540351e-04
8.047687363581759734e-03
8.449865184232174852e-04
-5.045741089484571951e-03
5.583571153090320649e-04
6.682701892465198190e-05
1.538229614569036185e-03
1.507868148993716769e-03
6.694970341815642805e-04
-1.664011484475450605e-03
4.850581693403725574e-03
6.720141506399896630e-03
1.569481954440035340e-02
4.276665930163185865e-03
3.164458829918835679e-03
7.451111538622913477e-03
2.311268866856674552e-03
1.823517973167697662e-03
-1.323219112552216940e-04
3.433370950109875582e-03
3.383641581529490960e-03
8.840604160679728157e-04
6.552167765905556225e-03
-1.928993824281966408e-03
4.528042291283644258e-03
-1.177682312209398733e-03
1.548793571675715795e-03
3.263077662865644830e-03
4.253262096823280138e-03
2.139526089784755686e-03
6.583938118076144465e-03
3.463526530794178333e-03
3.499215431831614702e-03
4.038124377620665346e-03
-5.832235244755874272e-04
-7.937345388030013884e-04
2.703569809226032388e-03
3.919416461166157564e-03
-7.601895650353478109e-04
-1.115103125169564051e-03
2.809133150952738273e-03
-1.309276463208659640e-03
5.526475363994642030e-04
2.111356733819373319e-03
4.254720176643034431e-03
-1.164026843424426517e-03
2.788507607203273737e-03
4.724501669990110141e-03
2.590167271392512511e-04
1.694330124826273418e-03
-2.370089507476973341e-03
-6.731122134947449022e-04
1.210977066810966390e-04
7.274329716219687242e-04
2.981362100930032982e-03
-1.223589889942514400e-03
2.025967490447385007e-03
1.598681097333093425e-03
-1.697323346110539031e-03
4.005779497843822701e-03
3.414496318462583065e-03
3.814090812340437770e-04
5.214860491043491440e-03
-3.080023272873862270e-03
-2.426503169611796769e-04
1.375266128735754467e-03
-1.664291903389529450e-03
-7.452865770185442256e-04
6.830181904585062511e-04
5.974921960390780148e-03
-2.183555222703133063e-03
2.662031459401573239e-04
2.912458307756519635e-03
2.932254608301650828e-03
2.206735842227232867e-03
2.402998593482714952e-04
-1.217864718463807904e-03
-4.250466113037210288e-03
1.148102297071178224e-03
4.031653848099576304e-03
5.359829543514258538e-04
-5.419218225378926194e-04
1.624468870749004590e-03
2.926711007374428568e-03
1.429943178324730125e-03
-7.182304930409067530e-04
7.816632967812910116e-03
-2.737476202255718764e-04
1.263186138864096997e-03
6.899241501037117578e-04
2.095587319438717549e-03
-4.226651308236239806e-04
-4.385219936304396091e-03
7.298299260606828064e-03
1.496879399448674554e-04
4.239552056854836541e-03
5.848755732436738616e-03
-4.944250677437938939e-03
-9.602660382322270472e-04
-2.083672809863379872e-03
1.145642974499484681e-03
-3.284086976868762393e-04
2.248475631721112700e-03
1.136805516923061711e-03
-2.262985799571058144e-03
2.106686239375206264e-03
3.279535180987873649e-04
2.448936862362260675e-03
4.128066869516494944e-03
4.608663824526067904e-03
9.924134904881992507e-04
6.281611281056784929e-03
2.808779795621577265e-03
5.123362543723814465e-03
-1.368509024599223224e-04
1.262358635427786660e-03
4.431306950213572196e-04
4.654583000407822545e-03
6.470563231844087687e-03
9.330044517523945801e-04
2.167441095944415592e-03
2.329259593580807960e-03
-1.846612628928460606e-03
-5.616334378964287204e-04
5.133572519704109917e-03
1.448270111624843032e-03
-1.892266437760147663e-03
6.451831654707162501e-04
-9.859375687777389811e-05
1.229696925738818026e-03
2.807919911227712943e-03
-2.297270469639441180e-03
-8.266896098605271224e-04
3.277805908458939974e-03
3.614622145363710279e-03
3.243936435516175856e-03
1.189137144720694896e-03
6.337906583294160073e-05
-2.826316539008295620e-03
2.267249504434635382e-03
7.622925888739890939e-04
4.202163573486594229e-03
6.183333670055307305e-03
1.360391132088798307e-03
4.220921226221748673e-03
4.853774812681541789e-03
7.242398630502621185e-03
2.763700370121325092e-03
2.291477848486763152e-03
9.708780550016721592e-04
1.210471446890261198e-02
1.425991590436554400e-02
5.061287629743236108e-03
4.054670402376749777e-03
-4.693841608855807597e-03
-1.515378016668074423e-03
-1.232277512038192167e-03
-1.601979027189016132e-03
-4.034054909807511038e-03
4.146698985230643474e-03
1.769480395452396534e-02
1.275485391848399201e-02
8.335385565377141648e-03
-9.365326742356749196e-03
6.567994083374810270e-03
6.057316968251126067e-03
1.360400290733972117e-02
3.039279514423845301e-03
-1.583507743063599423e-03
7.578229952266294159e-04
-7.088914645117102512e-04
4.408917181508127149e-03
5.275170324482218905e-03
1.137293250949967128e-03
8.840383462275708867e-04
1.046888514281697465e-03
6.675596950622818097e-03
-6.741524768296015390e-04
-6.776992198250942484e-03
4.460377130812640846e-03
6.079491577801397241e-03
-2.737070954358081145e-04
3.762973161658164905e-03
1.682833289463408002e-03
9.108724036931420062e-03
-9.073755009274836079e-04
1.325799195672824633e-03
4.315082186670207536e-03
1.236660038315860397e-02
1.263386258031351083e-03
1.141733237124441247e-02
2.784853357106934846e-04
5.470971659330906966e-04
1.298622149097657759e-04
-5.071891403385223908e-04
-2.465658529934226621e-05
4.030363966303501973e-03
2.991645281058119945e-04
1.083480495076963659e-02
7.692295232383228147e-03
3.464418299704109545e-03
-5.449320321753175003e-03
1.442401864290776027e-02
6.832039083100756565e-04
2.647487795112241690e-03
