0.000000000000000000e+00
0.000000000000000000e+00
0.000000000000000000e+00
0.000000000000000000e+00
0.000000000000000000e+00
0.000000000000000000e+00
0.000000000000000000e+00
0.000000000000000000e+00
0.000000000000000000e+00
0.000000000000000000e+00
0.000000000000000000e+00
0.000000000000000000e+00
0.000000000000000000e+00
0.000000000000000000e+00
0.000000000000000000e+00
0.000000000000000000e+00
0.000000000000000000e+00
0.000000000000000000e+00
0.000000000000000000e+00
0.000000000000000000e+00
0.000000000000000000e+00
0.000000000000000000e+00
0.000000000000000000e+00
0.000000000000000000e+00
0.000000000000000000e+00
0.000000000000000000e+00
0.000000000000000000e+00
0.000000000000000000e+00
0.000000000000000000e+00
0.000000000000000000e+00
0.000000000000000000e+00
0.000000000000000000e+00
0.000000000000000000e+00
0.000000000000000000e+00
0.000000000000000000e+00
0.000000000000000000e+00
0.000000000000000000e+00
0.000000000000000000e+00
0.000000000000000000e+00
0.000000000000000000e+00
0.000000000000000000e+00
0.000000000000000000e+00
0.000000000000000000e+00
0.000000000000000000e+00
0.000000000000000000e+00
0.000000000000000000e+00
0.000000000000000000e+00
0.000000000000000000e+00
0.000000000000000000e+00
0.000000000000000000e+00
5.005667089463158338e-03
-1.100280541588163343e-03
2.085100708773781134e-02
3.283084112582266775e-03
4.110868532051991167e-03
1.744050220159727715e-02
1.254261883260768999e-03
7.503479720839074593e-03
1.612134218255184201e-02
-4.081619003908910611e-04
6.670937430868044415e-03
1.687640942648615042e-02
3.172821437328740644e-03
-7.726167717629032084e-05
5.363285234011481821e-03
-5.515879476290157062e-05
8.621762121533019588e-03
7.373957133505473598e-03
-7.833589628205875300e-04
8.499098890761981606e-03
-5.813071391681833618e-04
2.636963502616332736e-02
1.312126054783056828e-03
1.186050467127944957e-03
5.211354833549004632e-03
1.423627998906212529e-03
7.895977923531255147e-03
2.967694551383038941e-04
2.435021891874620745e-02
3.742189890437202637e-03
1.488567276665053382e-02
1.187080616561637589e-02
4.429248975712269006e-03
2.549042178992296653e-02
8.857151328932394083e-03
2.701748624361507978e-02
1.500839513229229073e-02
2.707000732088006567e-02
2.733950257750318233e-02
1.101324510420393504e-02
7.627033101427311938e-03
1.320871839170530658e-02
8.149969741536202197e-03
1.010918595873813025e-02
2.546906568127751611e-02
3.743443586957601737e-02
4.031008615139239880e-03
9.684234964428132739e-03
1.150848213748147976e-03
7.394808872507189004e-03
3.545142715977976644e-02
2.700879306475769456e-03
5.579571657949057833e-04
1.163023600598573661e-02
1.147092140258951405e-02
2.947498137393081766e-02
1.713704826856737515e-02
8.288232599994787772e-03
-2.377468502403549955e-03
1.915891791287242796e-02
1.240255391494075876e-03
1.400211641793367096e-03
1.532993828984752921e-02
-2.508862765812536807e-03
5.571917408015372372e-03
1.069352367129432907e-02
1.002225428481955810e-02
8.721769347245026879e-03
-4.083578063859648181e-04
1.054380558454530957e-02
9.180956329651802916e-03
6.146511493536806377e-03
2.562164580700640112e-02
1.027947673186930741e-02
2.969238002552457290e-02
-2.584538408768561040e-03
8.109837737161626828e-03
1.621471837379754102e-02
1.515799401088467743e-03
5.421802508331308341e-03
-3.037992964757488083e-03
9.008179326413397886e-03
3.123314265380406317e-03
-9.573576537680579621e-04
2.028333653495642194e-02
9.146607297951097129e-03
1.059743835840018175e-02
-4.127577343869695201e-03
1.959005398827220329e-02
4.156804052713338089e-03
4.696281042871147671e-03
4.875096983299227402e-03
-3.954153666608476933e-03
2.639461490937962656e-03
7.380623271828120127e-03
1.748804337645703741e-02
-1.105463008731253022e-03
2.297139525946968828e-03
-7.262030743465177924e-04
1.318454348165058569e-03
-4.260899018608437557e-04
-3.034454498610355492e-03
4.627600920169987891e-03
5.532919568805700315e-03
1.888674066144130879e-03
9.198185532188568603e-03
7.103150612863905373e-03
-1.564211330545543224e-03
-5.855835457622100143e-03
-6.041796999428073606e-03
-1.008631649788949494e-03
9.243493653173326385e-03
1.466428833336597473e-02
-6.404698912376189258e-04
1.314882107092319417e-02
-7.357755173034806646e-03
7.373562316975595249e-03
1.890393679171147728e-02
7.863146498534721862e-03
9.017760589293587550e-03
-4.271554883511703357e-03
7.707670125345579201e-03
4.564288822970059833e-03
3.237877389602798923e-03
1.078648880031569252e-02
1.043418365688933251e-02
4.588744672757535080e-03
2.751730488029581999e-03
-9.180125693345057066e-04
6.186886096724605703e-03
5.153247905644559902e-03
1.533411457713066816e-03
-2.909103562944695756e-03
1.538211973157448988e-02
-3.378141008789243074e-03
6.587855301321015981e-03
2.153288124451852633e-03
-4.782925553842478760e-04
9.196321644528507311e-03
-3.613774961679538673e-03
2.232675265851116059e-02
4.279115484296608027e-03
-1.135264057413713085e-02
1.513869173526040737e-02
7.164456520862732321e-04
9.792457238986971776e-04
1.676937907577158438e-02
1.286816070954710164e-02
3.432436067229791693e-03
1.212366559262841210e-03
2.990765023987058263e-02
1.012401492779049263e-02
-4.432444969698249443e-03
1.684949696618472798e-03
7.643976936616911008e-03
3.928444298409451349e-03
-3.613081095361605089e-03
7.723508797440404097e-03
1.108180420210372850e-02
4.819610885996378690e-04
7.222695002648004542e-03
2.737970427745053514e-03
2.630290597593539989e-02
8.839810941007046619e-03
1.014491311797092662e-02
2.800527533386611492e-03
7.327487439247489659e-03
4.782552373593468797e-04
3.719115409004782047e-02
8.077396374355783060e-03
-3.924294341086174975e-03
3.733843223622294438e-03
2.837750862262929108e-02
4.806034616985060091e-03
6.054431441052309133e-03
8.901991072967638599e-04
1.248661325269203280e-02
-1.450321725459050373e-02
6.698826407442395534e-03
7.269776662595561247e-03
1.662523967188300061e-02
9.470845324433206300e-03
1.536788618831356167e-02
1.034690455137500520e-02
2.790302172949785109e-02
6.229921579664586540e-03
2.999676053520134670e-04
2.130719607828949168e-03
1.644024389249652135e-02
7.470566956269921637e-04
1.024567093945278479e-02
4.862416677016664565e-03
1.587405801476474447e-03
3.479626517525531855e-04
5.419059353061947241e-03
7.348664715212387556e-04
3.380078762975585824e-05
-1.875558547149999179e-03
1.652912376739448103e-02
9.205345057402065934e-03
1.268001273266316251e-04
6.129177742157402783e-03
8.842658896660303067e-03
1.210506522877925414e-02
6.640125593756060138e-03
-3.674155702333510923e-03
1.097716648116777577e-03
1.707150107439092505e-03
9.605429973141647523e-03
1.008462286067508470e-02
1.134674952220176419e-02
3.881348901163041935e-03
6.212487755355796185e-03
-2.119224062762442226e-03
1.952455146734757493e-02
5.962901231144029750e-04
7.460410659575738429e-03
-8.795980286521099716e-04
8.765624882838021076e-03
8.755998184005357038e-03
-1.712255801721808933e-03
4.819542124237356957e-03
1.501472489079788177e-02
-2.181133790646568645e-04
9.757861422831288264e-04
2.819622817477210851e-03
3.514893709506348909e-03
8.524680129555012309e-03
-1.305349532226077365e-03
-9.020320505203042885e-04
3.690391124601218997e-03
1.330911785118116773e-02
5.057886257530748615e-04
2.944546773605884356e-03
1.595220378148402146e-02
1.126540855600264950e-02
2.949443602023426713e-03
6.355880715148078293e-03
3.919558881838750529e-03
1.826486322050286867e-02
6.900308416574791118e-03
8.269049358357359950e-03
4.115143113334019179e-03
4.324043025308395641e-03
1.495258919174698511e-02
1.741120356265113195e-04
3.229913436538878451e-03
4.466778689256531432e-04
-1.728543167792687477e-02
9.711843790508298963e-03
1.007011126143376708e-03
1.128822335007026965e-02
-5.263860384054745017e-03
5.884693176724942708e-03
7.412645230753955698e-03
1.514740833489481263e-02
1.824001685908873543e-03
1.351285764844155704e-02
2.363131288642805489e-03
2.279750742617587742e-03
-4.193630138827677926e-03
5.649409198908751650e-03
7.195932715387087612e-03
5.524373202011475213e-03
5.452513016022030902e-03
9.381396454325409071e-03
6.537931710562182308e-03
4.877883658134407607e-03
7.015053128694958813e-04
1.093752851659329610e-02
-9.169462577917342205e-03
-7.439910284910306384e-03
6.869656736147819812e-03
1.423353883031039900e-02
6.457539300069401605e-03
-9.440195730759616197e-04
7.075462941514046658e-03
1.923415080686809858e-02
1.349675913492416265e-02
6.888774900128361457e-04
3.477801432014876546e-03
2.354482373373815995e-02
-7.881416379532221652e-04
7.206923499671367278e-03
3.454978800248067333e-02
3.424964049472791622e-02
3.281959159185231928e-02
8.209398093635307536e-02
1.183336038822847130e-02
2.756867097198232100e-02
9.373399087516387507e-03
7.285546216148737486e-02
2.575235028354895626e-03
3.221547011730032696e-03
-1.300421429555104896e-02
1.385048578782760269e-03
1.503649252442058708e-02
-9.263994619860626374e-04
9.898004823855137933e-04
-4.009208401872955269e-03
1.405032624234887548e-02
1.133478678550538070e-02
1.646214722818800484e-04
9.193707281001288825e-03
1.207873322788614694e-02
2.735335331680973855e-02
6.251021436889942461e-03
-1.663014934683820561e-03
4.907593557256367811e-04
6.189142617290892788e-03
-4.318577774472268961e-03
7.181122900977667325e-03
-8.750458389444791540e-03
-1.070398364826806968e-02
1.129782348499407466e-02
-1.748307204537787474e-03
-3.838438373853429123e-03
4.127925723653434222e-03
1.680236533589357043e-03
9.335818776783251505e-03
-3.026451182184368167e-03
1.316638156396674093e-02
6.935537683619783476e-03
-2.318744001014255924e-04
7.315056748101862044e-03
1.247890569597922064e-02
3.297691898862142867e-03
-2.220812285028147745e-03
1.843386126802916761e-02
5.697876477507990770e-03
6.632120039216099147e-03
1.965027148491234332e-03
9.824014918310116154e-03
-1.081070949098865419e-03
2.784319809808996626e-02
-5.190502336891377692e-04
1.026570496764097652e-02
5.530170818471314212e-03
-9.708650305786275300e-04
1.142170911720329085e-02
3.868003985446748574e-03
7.433875347929532786e-03
1.558497941833793515e-03
4.635346195708642258e-03
-1.539122466144315741e-02
-3.239284498178251082e-03
3.373534464342976911e-03
-5.013576857858303114e-03
2.816549599061463419e-03
3.884927614126518994e-03
4.605824139570947884e-02
-9.364543039130160396e-04
2.914427032153315764e-02
3.035508329579588230e-02
1.233153067746910192e-02
3.370392866824379469e-02
3.062630397940587380e-03
1.315950611610526219e-02
6.805907623014951623e-04
3.171642736928141897e-03
1.655466788212682852e-02
2.915540669946567812e-02
1.333049540464078392e-02
1.101966452236575501e-02
-4.492761899249940525e-04
6.793757073441550678e-03
1.822657904752742874e-03
1.867580852066974550e-02
4.697687748710282010e-03
5.330869399584545372e-03
-3.193698267866104321e-03
9.161990582718809034e-03
-4.178595077392600367e-03
1.261841416798872503e-02
-1.291187299530604593e-03
-9.968374281262274220e-03
-9.823067623887329382e-04
6.933702787122452207e-03
3.430003720670170720e-03
2.003632211201210800e-04
5.698914284827685979e-03
-1.035925774723457475e-02
-1.444115385388377616e-03
5.266621037987300781e-03
4.626233294093493736e-02
8.743659994888941522e-02
7.363435773878432462e-03
2.549479947484073125e-02
4.385166384241468568e-02
1.093855717994790533e-02
-1.919928957986428986e-02
5.285145359610925880e-03
5.868407515977061388e-03
1.515276082526290438e-02
2.613516915906243313e-02
1.503399322415395999e-02
3.319768320952643653e-02
2.812334534720610773e-03
1.305917556706827180e-02
-9.752016667083307500e-03
1.515811816623925494e-02
1.740271892209079019e-02
1.423838420659686091e-02
-1.250415924016428336e-02
-3.643008347475796063e-03
2.035843237990226512e-02
2.312518862108252013e-02
3.315441400944934419e-02
8.598927128502489164e-03
3.211610842262937332e-02
1.520627468720197814e-02
1.760360935062049020e-02
2.028312264920622415e-02
1.796846409781155396e-02
1.140419022911284136e-02
-7.744594481441892039e-03
1.537429843538099840e-02
5.786355892201207850e-03
3.043168052132528764e-02
2.051093271266925516e-03
1.815231283394541997e-02
-7.306209349724287865e-03
7.365798177322581755e-03
1.710754529931280202e-02
5.117433094294915330e-02
1.095846777218961732e-02
4.381519347295109832e-04
1.089257348245098282e-02
-1.585457434924269354e-02
-6.946945531983372661e-03
3.394391446720580047e-02
-2.348167397693492683e-03
4.221291103524517363e-02
5.521287364363016261e-04
-1.698451932078363404e-03
1.050757924354102715e-02
3.524438350262962694e-03
2.729827744354780279e-03
1.649638134556198968e-02
1.441633727614300038e-02
2.135893874105180418e-02
9.894048615623174739e-03
3.265403179890806473e-02
1.607549201113216142e-03
1.104122249579310086e-02
7.817400810611661519e-03
2.583721325361987634e-02
5.510089966389289037e-04
6.261512383735463004e-03
3.497193980467345337e-03
2.087432184442840084e-03
1.641697266503610447e-02
1.410657990350056186e-02
-3.904263591178011757e-04
3.756356272614863601e-02
-2.949151003096707468e-03
1.949165088901490218e-03
2.058752063109818109e-04
1.541156583324934052e-03
1.531212398430244377e-02
1.580848628241831970e-03
1.995867131315736190e-03
5.392399201430333328e-03
1.188585226015769283e-02
1.570867640126218795e-02
4.876000943303032166e-03
1.761883209710576534e-02
4.064466024775011989e-03
-3.225504367724808200e-03
1.778576568582087777e-02
1.234260999420979396e-04
6.864288015244942101e-03
-5.014371380386159309e-03
1.550625374954022612e-03
1.133425948071080380e-02
4.699270360145556789e-03
1.191473755372152166e-02
-3.231167938540079922e-03
5.071516556064211909e-03
3.609918961647240292e-03
1.323212269196496083e-03
-1.056514277500263804e-02
8.334503670625971472e-03
-3.135214423874045555e-03
-1.240826642579943243e-03
6.903895411630899676e-03
-3.118039875385069087e-03
1.014693773796668773e-02
-1.242201140853783784e-04
9.180802640280254223e-03
3.808999562717453342e-03
-2.997712425241025151e-03
1.811571970674785703e-02
2.227857206454311734e-02
1.166659557708017193e-02
1.240114469528946599e-03
-3.335394212216400041e-03
-7.952855802996962320e-03
8.200559027439800058e-03
1.416649233297598807e-02
1.610329598953360621e-03
-1.420224908507432141e-03
1.352142441437787466e-02
5.628112156645977658e-03
4.017457184044941065e-03
-5.076517748041047950e-04
-1.049925586291108382e-04
4.225192144424884388e-03
9.713700226207560629e-05
-6.655554859916282436e-03
7.616421176537187601e-03
1.544464503303004908e-02
-9.674416019959145800e-04
-6.475687006883033142e-03
8.617459019585093694e-05
1.771086688548245388e-03
1.239863399378301860e-02
5.272333365555601989e-03
7.957613449217490129e-03
6.439413015815319274e-03
-3.191045983484847373e-03
-7.078118922514695707e-04
5.039271934266799022e-03
1.724649395267929125e-02
3.136412899886911829e-03
-4.146040112741555816e-03
1.151240783758270859e-02
-1.951285683265682616e-03
-4.330062886071767148e-03
1.297814350332508445e-03
-4.032940057918617325e-04
1.752824921933201921e-05
1.050751713765165490e-02
4.216810818349805978e-03
2.914438614586422650e-03
-9.057799370697991459e-04
2.788211511466263080e-03
1.711035921672359166e-03
3.286421286081592751e-03
-6.258483859200165457e-03
2.301234381353453682e-03
4.951414259648359573e-03
-6.512719754470194149e-04
1.330728339821161217e-03
1.068166611683826588e-03
1.570295784178825718e-02
9.254753703114747959e-03
5.416170627317379131e-03
2.200632707445860856e-02
2.264104473771107705e-03
1.583956937773872004e-02
8.081611368697757050e-03
1.573617333533190461e-03
-2.230076984457375969e-03
-4.229195875670470860e-03
1.733231521909249853e-02
-3.750732130243434204e-03
2.375660081016435238e-03
1.749589345673897497e-02
3.493523328050964979e-03
2.264792475078228340e-03
2.102139027096872059e-02
7.891447931582074721e-03
1.177805296090994039e-03
-5.339709899588846766e-03
9.845986732538340030e-03
-3.798197947263087099e-03
2.313929147942267971e-03
9.963316420562350409e-03
2.291885181190271136e-03
9.377820228852012246e-03
3.237963338256595429e-03
2.802332936001560373e-02
3.523159730654050817e-03
-2.353435951778170242e-04
7.408505929900067663e-03
2.911943064982750254e-03
5.141490110594366643e-05
3.193389088046230673e-02
2.215665548946758618e-04
1.349270567890571704e-02
2.743355613136823704e-03
-8.556893011674073912e-04
5.230744200175898272e-04
7.548132298857134284e-03
3.115475927302272224e-04
-5.258831525324071839e-03
8.700782849475776834e-03
-1.526471821804655090e-03
6.125253762697203778e-03
2.595277014339275427e-03
5.352838701448176841e-03
-7.459959728212772583e-03
-1.212381405388453758e-02
-2.128565792290350311e-03
4.937513345470329572e-03
1.212517678771666239e-02
1.843659946458367851e-02
2.327405425171010216e-03
-3.901981186950751433e-03
-2.556509012093563342e-03
-7.832156353978391577e-03
2.143661901655625687e-02
5.033986917397929167e-03
4.499178018603550502e-03
-1.107802491245387538e-04
3.040392308392619869e-03
9.063305080373635931e-04
-5.272054563380201841e-03
4.143642497305446938e-05
6.067972195631474597e-04
1.028018317479751330e-02
-8.895547117270027199e-04
6.816404484112392401e-03
3.259692242140541790e-03
8.066608201149474966e-03
4.354670905485571661e-03
2.633444210445371175e-03
-3.053169863256130316e-03
7.763535688781887222e-04
-2.853965869986395398e-03
-1.022615910235520099e-02
1.785836617955170041e-02
3.166564304001336008e-03
-2.263523333370966173e-03
1.604951603974881860e-02
1.581791926208954771e-02
-2.024650122195665279e-03
3.535209897757954443e-03
1.836454044363809018e-03
2.317557368368882223e-02
7.521338300889498021e-03
-8.383829218596837440e-03
6.186208207841657411e-03
-9.351071866119276422e-04
-2.091019358737703990e-03
6.340437430876299900e-05
-6.351567948245132392e-03
-9.335080689211820368e-03
-2.821894926571520603e-03
1.315112379102744387e-02
-3.837802420071905612e-03
3.378946307198751105e-03
6.217652785198614243e-05
-2.481856930032841487e-04
7.874764601083024743e-03
-1.241460436199277656e-03
-7.625187311638731598e-03
-4.503509744838864355e-03
-1.873951703662214870e-03
1.097659590157093945e-03
-2.004509881483775968e-03
-8.163059072069768843e-04
8.637118134270862710e-03
4.444828497348137994e-03
-9.975422937269504478e-04
6.821530976296375686e-04
6.373892243389907980e-03
-1.477959443213843274e-02
6.083472690719546805e-04
6.613172663233771349e-03
-2.571622721607483807e-03
3.053074785717460301e-04
7.220002087508158375e-03
-1.662543363896421683e-02
4.255574890628601933e-03
1.245807871809517624e-02
-6.907058923813853314e-03
4.067960920905758573e-03
2.300420713040811794e-03
-6.143659951462253702e-04
-3.610234010724191860e-03
-4.268780343514669631e-03
-7.619960371491883754e-04
-1.029199841886459590e-03
2.015643407474061038e-02
1.124497094684479188e-04
1.472331645712505284e-03
1.534157766755767788e-02
1.132919091702310052e-03
-4.521299070824841108e-03
6.406964824449258664e-04
8.119844715758951434e-03
-6.736932110606619513e-03
6.211076136269328774e-04
-5.197675146068417469e-03
-1.007316583744706073e-03
4.043257830916013700e-03
1.423077535192386308e-03
3.060268469867963217e-03
2.195068947792043305e-03
4.089420629439204612e-03
-9.784720598687365531e-03
-4.534418435753562703e-03
4.207023975302978842e-03
-1.826935634106847776e-03
-1.609518163585981453e-03
9.927092097020442235e-03
-5.013720527630396995e-03
-1.015098290427470136e-03
-3.514202930759851586e-04
3.241334514787695339e-03
-2.569822712516060294e-03
1.082182210293757170e-02
1.801147975474961041e-02
4.215443646670689361e-03
-1.314399148241951216e-03
-2.631926300848396252e-03
-1.467522726065741568e-03
3.693191728670405121e-04
8.534863340233740658e-03
-3.836201592000817312e-03
6.561114339573635539e-03
3.007328691386453381e-03
8.544638879513410034e-04
5.524797277267870683e-03
5.802793101714970531e-05
2.912823429286978075e-03
-1.534600052142977820e-04
5.068917719356720933e-03
1.377377856262693287e-03
-4.431798048583346361e-03
9.001172419422489787e-03
4.090274069309283653e-03
-5.232973432966530822e-03
8.409987001362294670e-03
-6.137416632425628064e-03
4.341809508976777685e-03
-8.096316656551568640e-04
-4.603658459214334149e-03
2.839709920671909960e-03
4.332139857269033147e-03
3.125782292243682614e-04
3.692032438509807932e-03
-2.934934103924974683e-03
5.479439124361081340e-03
2.486354311275789514e-03
-6.306269939021174817e-03
-2.636458052143756704e-03
2.626033941513440401e-03
1.091605639335009679e-03
6.946133176777718500e-03
8.461671445413657816e-03
3.861441905689611161e-03
4.164173795369555554e-04
-1.132160175475212813e-03
8.291613490415402493e-03
4.634975430261885528e-03
-9.313682521899427748e-06
3.538387289635353938e-03
-1.276130095136858780e-03
-1.099169061821778483e-03
-4.378203157487765666e-03
1.418916803828666707e-03
-3.662078253018749216e-03
-3.360436126020086359e-03
-3.333309678797611447e-03
3.986306488246722790e-03
-2.266170674907999356e-03
1.806542632062223264e-03
-1.371904741554198000e-03
6.319190153263889130e-03
-1.376500361929443783e-03
4.756428259191919708e-03
-4.869050224634434085e-03
6.709077423397786372e-03
-2.421043807320870205e-03
-2.954447778505577948e-03
4.874820343931477243e-03
-1.634918406272597611e-04
5.192171155039596378e-03
9.434223730310302078e-03
7.538719984780128686e-05
3.170224479590003086e-02
8.355669947168714584e-02
1.531676344108165444e-02
-6.964223089882571292e-03
2.226467004406230792e-03
8.386827161189890772e-03
8.495137982109594865e-03
-2.598681378517903474e-03
6.113915056628146764e-03
1.925099546142746559e-02
-8.477620863298692896e-03
1.059059597763953656e-02
6.494193530573215238e-03
-3.665500606571852130e-03
5.234708647199084498e-03
9.744236426440759311e-03
2.725702418137415303e-04
-3.898605544801100583e-04
3.982709560022924811e-03
-5.561652078603311188e-04
3.049773758593332228e-03
-2.007355287888167895e-03
2.022817645614050173e-03
2.926987528182972871e-03
-2.831516203430240602e-03
8.161608699398376771e-03
1.172022270414879892e-02
7.842343940589096077e-03
7.373011364751320788e-03
5.887639741855300347e-03
-4.850877448547280014e-03
6.690011334477913296e-03
1.474611162037933656e-03
6.417372410976601022e-03
1.268252594903884756e-02
6.931969282713511087e-03
-3.325217875652038721e-04
1.025346680282866393e-03
-4.222411031983894399e-03
2.535405888447866268e-02
4.667501357854676562e-03
8.672059713966817282e-03
3.125942816706600829e-03
3.874332220389993444e-03
6.850458100984644499e-03
4.778387598670551760e-03
4.351213184629299305e-03
1.164751099959703169e-02
4.891370037012694738e-02
4.016246151885072453e-03
1.024475281822926666e-02
8.099921042112623662e-03
2.782318897039087052e-02
1.208825827700012526e-02
3.250526466932947972e-02
2.184765075509419001e-03
7.419124418789307084e-03
4.019888217305309271e-03
2.011922697892264827e-02
4.030312187067833750e-03
7.837047234281829811e-03
-3.778891645387183300e-03
3.407779578341474380e-02
1.213961457376379555e-04
4.052892521417349181e-03
2.125597544371033397e-03
8.970113719880349820e-03
-4.907674602377387445e-03
3.368177007712510728e-03
2.100326270800111431e-02
1.826397812121304236e-03
-2.214500259540169193e-03
3.193981428458976014e-03
2.300376219908031698e-03
-2.798108452707487922e-03
-1.439652967066029285e-03
-1.952084479502137250e-04
1.040154761543244169e-02
1.502872250011559781e-03
-1.788034658456212709e-03
-9.587956318680176775e-05
-1.603342709679950445e-03
1.933491964046292130e-02
1.995205100492414632e-03
1.644748858253528359e-02
3.541649007881414717e-03
7.858583181145128993e-03
2.372201392086076971e-02
2.992469149607049177e-03
1.178439526623682254e-05
-4.203427264660617130e-04
-2.583544224188961784e-03
6.817491975080060274e-03
1.530547472524416974e-02
5.908841526102963891e-03
-7.566938937239573761e-03
1.391949130350812140e-03
6.846936390741112724e-03
5.739045725301587797e-03
1.460718255988533928e-02
9.952355710641670045e-03
1.159339567725335002e-02
8.357303547433385035e-03
1.182559242668479449e-02
1.281183260481301781e-02
1.357202149506490148e-03
1.109309167102313053e-02
7.852524541899490174e-03
-3.655094366400683022e-03
-4.119053674512953645e-04
2.805110450643321859e-02
-1.020342280140187560e-03
1.060286696781866274e-03
-3.600887027868091613e-03
-2.224572823470030193e-03
6.054132732442705925e-05
2.004800614626816180e-03
-1.632020525720083871e-03
-4.572203785897445590e-03
1.426731324658973843e-03
1.062967558270250593e-02
-2.324777704251472770e-03
2.841280023621403292e-03
5.621033574892861720e-03
-3.164812909374190020e-03
5.325696120490653468e-03
5.821876021847754643e-03
5.527479328328683758e-03
2.739678869668880912e-03
-2.378646027735551588e-03
2.339842576098709499e-03
1.185240991534709104e-02
2.977946137309299326e-03
3.759666246801199319e-03
9.012488639984153269e-03
-8.140822934188661139e-03
2.801308339957052276e-03
1.133406113921715157e-03
9.787417783458077138e-04
8.173463518468328552e-04
1.014153867679715680e-03
-1.427638125549363785e-02
8.958878756606292355e-04
-1.394561997503834848e-03
-2.601567256798267488e-03
2.081797421850307538e-03
-7.546573414790831019e-03
2.433055592284001731e-03
-3.372064841785879855e-03
-1.137730688371176371e-02
1.005426166834840450e-03
1.044223365063846366e-02
2.458639020471679783e-03
-5.538200432750025118e-03
-2.511275492786708020e-03
-7.016649241366974821e-03
1.733906185028066989e-03
9.661128792265391042e-04
-8.613968265429399439e-04
6.727081430063777331e-04
9.068074568264726260e-04
8.606478262013880082e-03
-8.271655209154406621e-03
-1.326432687258876329e-03
9.659015585659529515e-03
-8.423524333361194494e-03
6.960379811762475860e-03
7.957678535236198392e-03
8.966833631446265510e-03
-6.262056875465170196e-03
8.053779869409218722e-03
2.760876432605081747e-03
6.955426914759551757e-03
-4.704016703345413261e-03
1.004107172147915630e-02
1.016391483902314005e-03
4.172288613538006549e-03
3.108343155050451601e-03
3.323464069993328340e-03
1.270395027315147874e-03
7.901372015404242374e-03
-7.818634950348825330e-03
1.450794494749720834e-03
1.051794643512886547e-02
2.570805165029690226e-03
-1.782029960369555226e-03
-3.598355291273123806e-03
-4.845055492207165672e-03
-4.852540142011554014e-04
1.653818068407116385e-02
2.101079589557135804e-03
3.998105115948760637e-04
7.784458995780620030e-04
-1.310187788441306584e-03
1.982126606681387706e-03
-1.799967072095908643e-03
-2.149110811844196769e-04
6.329805067629275424e-03
-6.488341333676074518e-03
-7.734897639035951886e-03
7.451859505698443971e-04
3.977902897844406635e-04
2.078300378419105018e-03
3.915860725216864383e-04
-7.610276107399096580e-03
1.048794733256892299e-02
4.148243824458118338e-03
9.367295835370192600e-03
6.037578265439371046e-03
-2.806563343944492011e-04
1.161180099112223661e-02
-5.255436902950191228e-04
6.362761050246345043e-03
2.404226116119964618e-02
6.206543443803426430e-03
-7.621318318099929399e-03
8.796139002200555404e-03
1.231740456252292289e-03
3.463191515395590801e-03
-5.960921782477761506e-03
3.930484355745540812e-04
5.442985466088028426e-03
-3.758193965944892599e-03
-2.017996918949544263e-03
1.158516453313866539e-02
-6.063481460735775392e-04
7.237670526931172174e-03
-8.380616137486364761e-03
-2.269319193735273160e-03
-5.518051885934775790e-04
7.483124265507355537e-03
-3.186059534247152793e-03
1.749492536159122369e-03
8.647399370291880549e-03
8.894316928783157356e-03
-4.381554375831772348e-04
-8.848341256666798944e-06
-1.740822910603790231e-03
5.795253219706907391e-03
3.530579823286326101e-03
1.729299148450624086e-03
9.521584123275199331e-04
2.979584128917257477e-03
3.586921178139432752e-03
8.690873087211347520e-03
3.575079253934660729e-03
-4.408568843963530867e-03
3.723716263808272281e-03
-1.655784248856188249e-03
7.068476961767983582e-03
2.753657315159323184e-03
7.247403970579924942e-03
-2.715196409011670468e-03
3.638269906741843792e-04
-4.032995720307131805e-03
5.206738248000279852e-03
2.872760926697944320e-03
-1.202224484046496679e-03
2.743816063927659440e-04
-1.188579673006620423e-03
5.417670972864005799e-03
-1.198498590763158109e-03
7.120540778513946524e-04
2.124611816494333290e-03
-4.397803690051377626e-03
1.334022447372116161e-03
6.990753866241619825e-03
3.238776583583295038e-03
-7.532589473415029092e-04
-8.109006635813659951e-04
-8.636483220773210397e-04
6.335936133737313670e-05
1.324653920587227050e-02
6.926579600309153931e-04
4.547785633486938622e-03
-6.565979442325923718e-03
2.528765425271621830e-03
2.049493008962361557e-03
-1.334465432275992519e-03
2.290500152576026467e-03
4.064468131711834915e-03
1.165528490835877190e-04
-1.069317633415238196e-03
-8.026148123467855390e-04
2.521705411140735126e-03
3.599114301965292226e-03
1.959748834981752015e-03
4.593706099809980077e-03
-1.218906259471354194e-03
4.839044928580141409e-03
3.702354241245195843e-03
7.594895018917215612e-04
1.516216518198180464e-03
-1.253356540794979502e-03
2.114854736257796696e-03
2.744616805260505481e-03
-2.572686577225454310e-03
1.395155300784945698e-03
5.258975801374558660e-03
2.298051046900606922e-02
1.986343843244172845e-04
4.343074973727500693e-04
-2.678317682056188592e-04
2.689361610925725295e-03
9.124850200086953187e-04
7.355372143568270765e-04
2.856686331276358116e-03
5.322689074674027618e-03
2.884675296815365862e-03
3.825139168481023807e-03
-2.239881421200008021e-03
-1.659456508028467510e-03
4.325039661415734822e-03
6.014627406405824613e-03
9.082019402862902095e-04
1.095258329875994571e-02
-7.114297092429729130e-03
1.086620703462380091e-03
1.038610079221681005e-02
5.357398939942058409e-04
1.586816480951367498e-03
1.819610955771165705e-03
1.309153557250467958e-03
7.992402073778595226e-03
5.534977984191045454e-03
-1.947950769799794597e-03
-1.976026393169480998e-03
1.181528529492296628e-03
-5.621413406953457495e-03
-2.377463080471635664e-03
-3.322036961227042839e-03
-7.720441670932853308e-03
4.917265484357336881e-03
2.027804286758866890e-03
-3.004194730797530091e-04
5.104586709509422067e-03
-7.424350036548897072e-04
2.153417753052359971e-03
2.669882255602722739e-03
-1.252621060060842570e-03
3.908824593291459343e-03
-1.401766185975860182e-03
1.950500432621016895e-04
-1.148900190138913520e-03
8.417367376137904061e-06
5.845273103208250762e-04
2.752675890730353625e-03
1.136984593705234669e-03
5.423396707198977797e-04
5.496081772594108581e-04
1.059048014108411595e-02
-4.601955931231710146e-04
1.272369263279283982e-03
1.393542867522654842e-03
5.837997662239634809e-03
-2.421314867811791109e-03
2.080820283561175994e-03
1.392070078066181583e-03
3.198683102082364605e-03
-2.224112233426111650e-03
6.601306656861919385e-03
5.892630022424246751e-03
-2.546181868981886674e-03
1.842873625391805437e-02
5.813057312865800921e-03
-9.287223431064729100e-04
3.693950838811603174e-03
1.725345720037943422e-03
3.072846981399647483e-03
-7.533208517046990731e-03
1.000510408661439872e-02
2.197484181664729683e-03
1.424877029624235965e-03
-7.166622979322325587e-03
1.406910139383546476e-02
9.305260651316667577e-04
8.790959415459285997e-03
5.143797514416219990e-03
-1.823016597057370777e-03
4.971793573410034257e-03
2.452523889243567960e-03
-4.104311521387338929e-03
-1.007254237601678745e-03
-4.574357636680393010e-04
4.621212072876127418e-03
6.954958876942485442e-03
9.940297044096651526e-04
2.779313912923709121e-03
8.625879311136794856e-04
-3.851781230450043031e-03
8.631311899448960642e-03
6.572514392413011594e-03
1.253279408199878264e-02
4.656846567007886031e-03
-2.537105816056983709e-03
3.285740269482669571e-04
8.138134888171652537e-03
4.633168222656458383e-04
1.476321271829811842e-02
3.128905502992193003e-03
5.086201351663252601e-03
-2.725931902938153080e-03
-9.586739186257437796e-04
2.044122942126100351e-02
-4.470255912132343849e-03
2.136697146672925877e-03
-2.627915188039342109e-03
5.868723979815539636e-03
1.226465826993479447e-02
-9.221023311680703449e-04
3.425563148835879777e-03
1.961444825721620974e-03
-1.846024444970376446e-02
1.784737928170065588e-02
-8.031178295143788460e-04
3.202973966549357496e-03
9.357810912040181919e-05
-2.382630028417011964e-03
5.127017083071340811e-03
1.020446805820264535e-02
-3.209177892320491925e-03
5.144215719156287198e-04
-6.010681155822989417e-03
8.766212674559391640e-03
-1.006146725515441598e-02
1.183757797096626416e-02
1.130336526933071496e-02
2.774356630584035466e-03
3.012291935802720744e-03
-8.649305318386907911e-05
2.758810998970345025e-04
8.917770031241048154e-03
-1.062166592231991117e-03
8.356375766008511050e-03
1.700514055718598330e-03
-7.473951061800918278e-04
3.002567987369468561e-03
1.651144806123778412e-03
8.705899718715912755e-03
1.759247576533604085e-03
5.468754154228848592e-03
2.869855808674247506e-03
6.142237342474638970e-03
-4.485880422964675686e-03
4.175371506859197612e-03
1.928158427478737780e-02
8.913682480224982205e-03
1.017230054026768693e-02
1.031894647678826583e-02
-4.206974418709723620e-03
-5.786411961140878676e-03
6.061443628417949314e-03
-7.269969425799629320e-03
2.053491836668862661e-02
-1.937660833943795433e-03
5.865750137575166841e-03
1.074372260842022808e-02
-1.733522531524844465e-03
4.130962079452621741e-03
-8.316410907478422043e-03
5.864304722586544290e-03
3.192060157434551109e-03
-1.430410383263555889e-03
9.664133997758119279e-03
1.090554118333611142e-02
-8.902184760577859859e-03
-1.675102152323984517e-03
-7.498743143733805011e-04
8.182733823521188285e-04
-2.165838840142413763e-03
2.090425802614341664e-03
2.808838858968619456e-03
2.676436093189554083e-03
-3.253580376146996420e-04
5.732305344740265020e-03
-3.252211307702726657e-03
-3.771871737083737786e-03
4.300869246533577757e-04
1.109949963569052504e-02
-3.131312364434725697e-03
-1.617787523102276644e-03
-3.681689414027841667e-03
3.361546940042597128e-03
-3.137201696777787430e-03
4.530748990017263722e-03
1.017151704723196892e-05
1.697917550604163134e-02
-7.930906506049576420e-05
1.519669748122942469e-02
5.357015835962502907e-03
-3.612699692968494901e-05
-7.691226976721312128e-03
7.246324105024670986e-04
-1.671653066093016851e-03
2.636155901775726410e-04
-3.546539298407504898e-03
5.148277301144308857e-03
-8.195103505822089532e-05
9.834573198387904294e-03
-4.623653850664345526e-03
-1.336366261018423528e-03
-5.071303132509889008e-04
6.406454573919090865e-03
-4.618725918505020046e-03
-1.804141281641601742e-03
6.056272867307383595e-03
2.262655973181867367e-04
-4.033729485392363243e-03
-1.413766603355130509e-03
3.155251453317875834e-03
-3.546120815494106966e-03
3.992300160470554221e-03
-2.061556837528919894e-03
1.518963146350887396e-02
2.573552079489538000e-03
-1.175562798767261757e-03
5.223178720485333049e-03
5.369739774096966324e-03
8.452194451878518658e-03
4.681122267953874601e-03
2.053813867422208533e-03
-5.697197757078827779e-03
5.637747401999416638e-03
-6.789650755045584588e-03
5.171563950904238711e-03
1.144138793184256570e-02
9.080163171190666280e-03
3.612648045253118514e-03
3.612399066084825625e-03
-6.718146051993901732e-03
-2.245214779616907749e-04
-2.704937215153918259e-04
-2.159658511882533386e-03
7.988183409041525740e-03
-2.495872530128460335e-03
-1.171482509783835753e-03
-3.354685565010256509e-03
-8.042591509056403994e-04
4.530209691193711093e-03
7.589439994944730677e-03
-8.085241432381175741e-04
-1.795189069135734884e-03
1.021454904294700735e-03
-6.282015196309717131e-04
3.647175829867794605e-03
-4.237558204087152336e-03
-2.437568308437622431e-03
2.207690490084314710e-03
-2.730064871939815851e-03
3.790619430299920108e-03
4.065107799738269627e-03
-3.599254717577860495e-03
8.783125699650860818e-03
1.276307122698656970e-04
-2.134861070011196110e-03
-1.752226936179500849e-03
-4.050638569683471905e-03
2.990237869446276666e-04
4.457688008254939716e-03
7.752905597508116592e-04
4.532956491667737651e-04
-1.654648962602634204e-05
1.320253034031210540e-03
1.002666139395654542e-02
1.370516447879608496e-02
1.416073728188753898e-02
3.726632917913442426e-03
2.694582653278075786e-03
-7.670512064991796657e-04
8.158678153642750369e-03
1.504014420714446052e-03
1.038220336008878128e-02
2.198197385219004957e-03
3.800519708906275294e-03
-6.684629054244850457e-04
-2.775597326100625109e-03
-9.706711984869690821e-03
7.060208876419061565e-03
4.188267969915592144e-03
-4.079264695937272092e-04
2.127795238856968526e-03
-1.071416182250120065e-02
2.903090345328175875e-03
-6.467488194924689423e-04
2.381730617302650274e-03
3.759534742834512357e-03
1.536542292710591992e-02
-4.933366565847868354e-03
1.106920397491970715e-03
-6.470248682241836868e-04
2.899515503444909104e-03
-3.429691122090611395e-03
1.869181337265816761e-04
2.214481627976665375e-03
1.272666866415246914e-02
1.126969144052820601e-02
2.301645420871308370e-02
5.022618410212060028e-03
2.823634127749454631e-02
2.254331783085994356e-02
-1.124506912019238285e-03
1.851927561453964441e-03
2.255635855326367650e-03
6.102587598926283163e-03
-1.061268154470476968e-03
-8.174446719066440215e-03
1.769943135761895339e-02
-3.845743600373019953e-03
4.488756563182330628e-03
4.832308854761109660e-04
-7.074453280833502148e-04
3.513500471940403120e-03
1.786944332867563406e-02
4.956664288641852989e-03
2.307824443179876898e-03
8.122172766105014916e-04
6.698021378630627035e-03
-2.421719427911948625e-03
4.838578947343192237e-03
-6.945170350660949030e-05
-2.074421637706981569e-02
-4.710029447183118948e-05
8.037284619254417284e-03
5.746022321570055458e-04
2.512484935074831005e-02
1.259473287731930138e-02
4.005194510102070941e-03
8.216388231378652166e-03
6.573993986604432897e-03
5.494043281629036601e-03
-1.000629908632354311e-03
-4.569919715826526070e-03
1.177700353927162331e-02
6.274641738039903570e-03
3.890664503622322939e-05
4.219632023611554622e-03
-1.063408828953096765e-03
5.778474602288202408e-03
7.335062804457492640e-03
6.381357619073847569e-03
-6.782020394472166886e-04
3.393835133744234974e-04
4.721748966333450329e-03
-7.325326421999569897e-03
-1.601457335655870643e-03
2.254437272810599392e-03
-1.866392625906269768e-04
-2.466778955439057498e-03
-3.204045378258185933e-04
-1.111672453610099143e-02
1.988810514317193578e-03
-3.420556612476323075e-03
8.816170844566266008e-04
-2.593200108600741288e-04
-3.466359361959739545e-03
6.852552506527055144e-03
-5.259728356751743571e-03
4.741509337683231726e-03
5.419588363203888329e-03
-1.495322982323815924e-03
8.665589959922488737e-04
3.252934310410779406e-03
-2.668365825222459610e-03
-6.503463275983913799e-03
1.145002779771856676e-03
1.704531466650711577e-03
-1.312738234554838151e-05
4.632746947207860844e-03
7.004119537651311983e-03
-1.369157591153085697e-02
-4.105460158095205342e-03
-1.394997426646259154e-03
-2.425026448471115544e-03
1.336881518929181577e-02
2.620684531643885894e-03
4.684261677569640479e-03
1.669628007416710733e-02
4.294529100919380980e-04
1.614020343079251851e-02
8.217517736549322105e-03
-3.486180522095749194e-03
2.586544988722696463e-04
-3.969799716212456947e-06
6.173874448016649155e-03
3.903003512080383246e-03
-5.686623261442723398e-03
-7.736318104413640769e-04
7.706531728314995958e-04
3.578315363427376182e-03
7.228031576277327286e-03
1.206978236080481423e-02
-1.658374620522552832e-03
-1.314181921061834211e-03
-3.069691650205865537e-03
7.275902207774500620e-03
-1.468763737284199504e-03
-7.219107401871807314e-03
5.257496955458725550e-03
-1.916423428261331561e-03
1.138232289607727212e-03
1.105093549706515771e-02
4.277581438800759535e-03
1.113123856785301451e-02
-2.405772274654324489e-03
-4.026744090142573597e-03
1.178564785972061567e-02
2.306268061681302634e-03
-1.026344381906139219e-02
1.482413171387281063e-02
6.510089116063849657e-03
8.884738476459617951e-03
9.025920823222373726e-03
-1.960395234988854523e-03
1.531370681203498771e-03
1.287929880225838729e-02
8.344324259664918225e-03
-4.830493397862279520e-03
1.040018528698862313e-02
6.310924827147641920e-03
-4.226281180039924944e-03
1.488493447872434473e-03
-3.029971311809059268e-04
8.885302966017938038e-04
4.970485324728121960e-04
-8.228001881299816522e-03
6.191061742457719744e-03
1.636771387377920772e-02
6.381298283477374912e-03
8.349832396982791866e-03
8.917411914025575800e-03
2.837640080791303549e-03
-1.085688668170567764e-02
1.283563675548404261e-03
8.693516613433071791e-03
3.302325537495673022e-03
-6.415649077174569517e-03
-3.312953740174291208e-03
1.457944164267360732e-02
1.211661811002152922e-02
-1.415582152818958741e-03
1.186178492789651939e-03
1.041467462470333210e-03
5.330710444973964582e-03
-2.771053915645002412e-03
9.548994955312836968e-04
1.060680099775596422e-02
2.926196066675209456e-03
2.596789568493222070e-03
-5.035788070995109340e-03
-7.128231162241127281e-03
1.011461632585107951e-03
3.395901536502005796e-03
-8.062750198667442778e-04
5.400456125992612703e-03
1.395791864513144798e-02
9.730870956617936746e-03
7.648303432721927260e-03
-2.007606825453108965e-03
1.341259025171918830e-03
1.683219689365076104e-05
2.555891491856674205e-02
2.729595209006870429e-03
-1.954545915982987183e-03
4.426419859870541103e-03
2.054118838189223067e-04
4.090481843732426785e-03
2.495112505591682520e-03
4.265635362323792756e-03
4.958461403749053233e-03
3.113498660501398067e-03
-1.190961353842151255e-03
2.600700488512792345e-03
-9.661787702193529691e-04
5.029262495326375891e-03
-1.201326420079493543e-02
7.329951167639893635e-03
7.214124246434852269e-03
5.720032345656273463e-03
-2.238931046953001377e-03
5.068264558419429029e-03
8.560453560526556146e-04
1.122877310129159409e-02
4.694956298283948885e-03
-1.999789081687715266e-03
1.267385463857530724e-03
6.284585653751373867e-03
5.327065312322316198e-03
6.349191358638831429e-04
-9.785956379237711715e-04
-1.958191981473372378e-03
-2.798159340718944744e-04
1.734204905803096415e-04
1.284791891328228991e-02
5.048770230581247839e-03
3.856914251598565031e-04
1.521711144550870996e-02
-5.624852208597259538e-04
-3.498411454027711576e-03
-3.244355952864611632e-04
-1.070489174626005268e-03
5.837323144216420220e-03
-2.306094683438634965e-03
9.716707529366893411e-04
5.794594621850139224e-03
-1.109753039808694533e-03
8.599712833590720563e-04
4.280006808449416181e-03
4.028801938879553179e-02
-2.937305451546387385e-04
9.164119437000798479e-03
1.848242974632682140e-02
1.262906388660878232e-02
2.278184070606752154e-02
2.827114846369214226e-03
4.740640400500066229e-03
-8.246608999057627315e-03
1.646763465212210814e-02
2.914931531190686868e-03
-1.787906682929627043e-03
5.002420298566745589e-03
2.186535813540029915e-03
-2.997652842009209707e-03
3.277182418045028727e-03
-5.447665978951595107e-03
-4.482439468112512683e-03
8.324542466579354025e-03
-7.587854418731293342e-04
-3.939876199364845955e-03
3.406097607128092449e-03
1.650884438104718160e-02
-4.175676399063075681e-03
3.283619656240677892e-03
2.160687459170066230e-03
-2.281330173218906049e-04
-3.125872192805229273e-03
5.975149379452942937e-04
-4.042891660375978573e-03
1.550341139761500986e-03
4.633932893452669816e-03
6.075040252347950129e-03
-2.144281948596697771e-03
-3.607333493684812108e-03
2.861243240803908790e-03
5.623029088958262072e-04
-1.059502969001104109e-03
-8.773505084905318472e-04
7.482985243553814426e-03
8.846763298476152323e-03
1.410714982694431666e-03
8.994096537796451504e-03
-6.200099847411305772e-06
1.545227577805380944e-03
3.973876960580844352e-03
-4.919880484972046636e-03
-1.820298178512350660e-03
3.851843347871004332e-03
1.232025682703033996e-02
1.140901215908518042e-02
-7.023446854460389625e-03
2.294447400638408539e-03
1.710844771234454331e-02
-2.830755719399617905e-03
7.264323701507843616e-03
-2.653937848652162743e-03
7.684771088207004164e-03
-7.789717998789183560e-05
5.248507216015641484e-03
6.702668882692679100e-04
1.269139711941076262e-02
-1.320351550648498793e-03
-4.728492748448462867e-03
2.328466502301493324e-03
5.406039105278453993e-03
4.681519920953022156e-04
4.242130773300883603e-03
2.544955088873350848e-04
7.248681696442531124e-03
2.901997400315734638e-02
3.801124033719834993e-03
9.056804058215786254e-03
-8.695996949323040641e-04
4.765023137624469288e-03
1.165619629942991550e-05
4.035225446959075360e-05
8.412835863625139519e-04
3.241457915950445804e-03
-1.826433275690379950e-03
5.153532130963386568e-03
2.638885531307860657e-03
-3.329004919447322956e-03
5.718128943095821112e-05
2.735975116271266352e-03
-1.459109896805217644e-03
1.215664500147087572e-03
3.094773802247122348e-03
-1.161972408423146263e-03
1.485340680067155183e-04
7.298568030633007485e-03
3.029969166725031762e-03
1.124893787577989227e-03
-5.583612106072698318e-03
1.708566479024394361e-02
3.193127466038984778e-03
1.559202911361279829e-02
8.042357695688853725e-03
2.741957128534880384e-02
-2.047938001310064702e-04
8.850837929602293000e-03
-3.528420610877468395e-03
-2.807255639152422648e-03
-3.221399349959928448e-03
2.743728845936139246e-03
4.520740941659480948e-03
1.945579329475045135e-03
3.128616983302811867e-03
1.374643976717286522e-03
-1.840651034357443329e-03
5.947187383385617136e-03
3.470839503384969861e-03
2.900961500650417902e-03
-1.219948289348905725e-03
-1.648878554723495976e-04
8.259247146489092500e-03
-6.925188218060800410e-04
-3.375325660574787345e-03
5.036914781351405426e-03
5.776201328939551067e-04
1.182555353312711270e-02
1.481867204749037249e-02
3.884581164079342359e-04
4.100831694148737282e-04
-2.495954403966184603e-03
9.356012846625555608e-04
3.104075011740830507e-03
1.184880024677769294e-03
5.881468750808579310e-03
2.477648748855275796e-03
7.958495511859288787e-03
-1.025046054641462305e-03
3.861559331525832046e-03
3.879143535679255989e-03
7.293232942992057023e-03
-1.882402314725906394e-03
-5.323397488463982481e-04
2.538206492270047958e-03
2.173531798378238226e-04
1.804350562962197396e-03
1.005820171031086363e-03
6.622176697210509395e-03
-6.750366430342923454e-03
-1.126953369013954142e-03
1.852937259757479662e-03
4.675775203694498838e-03
6.174827195388020570e-04
6.033720364346917449e-03
-1.479779336083557762e-03
4.618068186721073845e-03
-1.420539752732148057e-03
2.885614360939804841e-03
5.734651064574935357e-04
-1.414968485058020939e-04
7.433550559985334068e-04
3.376898649452506670e-03
-1.894773739672613510e-03
8.423343037546415866e-04
2.879221217632629099e-04
6.575407926230314145e-04
3.822596517666370427e-03
2.131937826741963932e-03
3.734865003185511290e-03
-2.237058714430920992e-04
-1.597677977706064151e-03
1.802521601467040741e-03
1.681819312401691517e-03
1.153482909975642092e-03
-1.912736234021366905e-03
5.242854638520515892e-04
-3.118429517420835163e-03
5.032756530869377312e-03
-6.454614832736716400e-03
3.148472888605418230e-03
-6.163193306161823728e-04
4.635351007968770837e-03
2.078825996380966740e-03
-3.952180467114482093e-03
5.406592136405198763e-03
2.905297869450883513e-03
-4.522098459429255493e-03
1.829996249460076260e-02
1.555489386276694402e-03
1.586572310478542251e-03
5.522311094883399982e-03
3.246719407617201618e-04
1.087700091535537218e-03
-1.071992397454391574e-03
2.856405578354848616e-03
7.786625174401702425e-03
1.065541422290872771e-03
2.522534290580874354e-03
-3.781944507910639953e-03
3.880030148642541876e-04
-2.435875930640037741e-04
2.601244481436874693e-03
-1.619759014137400798e-03
-8.534329437451403013e-04
-3.789549336365765665e-03
-3.721337090079436874e-05
2.197339970796439741e-03
2.838717834218507791e-03
-3.934387210113473839e-04
1.963672998267499119e-03
8.314752110090408918e-04
-6.445403351749626327e-04
-5.474537804977376663e-04
-6.672644857617764927e-04
2.870979520556352863e-03
1.869027556597250813e-03
-4.233762938705824298e-03
-2.042546374508277048e-04
-6.087391284301792117e-04
-2.251744788235636018e-03
-1.032057408849020464e-03
-8.513084492859071886e-03
-6.455514686607196316e-03
3.201226262147723826e-03
-2.274211628279190333e-03
-5.373673055371088175e-04
1.504509737902415397e-03
1.921208992615576743e-03
4.292761835417924048e-03
5.095672723282297645e-03
4.911985618484644364e-03
3.828450218894837755e-03
3.367075995265396762e-03
7.276868978599256021e-03
6.854689776768209397e-03
-1.461136433976517081e-03
2.141410618973015045e-03
1.607173048138088286e-03
5.513641134600049537e-03
-4.534004685965522022e-04
-2.616438635919114252e-03
1.534681310584408865e-03
6.649841529758562624e-03
9.116747249062757529e-04
4.038754989312413543e-03
-2.706072582353787493e-03
-4.004168968669515917e-03
5.829795776016396570e-04
-5.023549773553922723e-03
-4.558945217841158968e-04
-9.023387299927283539e-05
-3.703786981742373304e-03
-2.310862005261845112e-03
-6.968417692056003837e-03
-9.215836959038884585e-04
2.768808326828595861e-04
3.261603240698684146e-03
3.152206664784912727e-03
-3.178009662709581091e-03
-1.395321528513958440e-03
2.781648382238483333e-03
-1.054752306138299379e-02
-9.295651530866544453e-05
-1.027513897546596978e-02
-2.595948334072963352e-04
-3.165616336206424249e-03
-5.763844381000734172e-03
4.779860305898833532e-03
4.815475555006726825e-03
8.535494915118929660e-03
2.281219729910197950e-03
7.354711427826369705e-03
1.483443104923995795e-03
6.196467129526424950e-03
2.621248121733878687e-03
4.783552902383796318e-04
4.247857592054156417e-03
1.010508866790072032e-03
-1.597070044084433283e-03
4.535532094326059221e-03
1.031620245613729678e-03
-3.826319004326978346e-03
-2.126326242195399150e-03
-9.299641436584322931e-04
2.101812483221747116e-04
-2.756129724804436045e-03
4.252734523630879310e-03
-2.022240494909669471e-03
5.414452772482390708e-03
2.237975577642102674e-03
-6.394660796868492994e-03
2.024080434037889113e-03
3.976309609836086063e-03
4.250501724252831598e-03
6.981950181900632366e-03
7.720087079289499705e-04
1.327261362891787302e-03
-2.477266814014829604e-05
4.058939724540776457e-03
-4.412104500972394670e-03
2.822111661463470780e-03
8.729859062726485651e-04
8.193118914015520490e-03
7.516610892192542026e-04
2.866052392851643586e-03
7.003985592529821114e-03
1.309511682178302310e-03
1.268684426849000331e-03
9.303246201194316674e-04
5.509223733634552138e-03
-1.224825434582831659e-03
7.272629195021577085e-03
-1.323275791547282206e-03
2.399840429015448473e-03
-2.458581111794611376e-03
4.536965037782735716e-03
8.010381112562921235e-03
-1.119201648492764811e-04
-3.235310441886065421e-03
-5.333913913680276425e-03
3.070544988321100227e-04
5.651870280175947357e-03
-7.019057536058716934e-03
-4.021252928657580855e-03
5.905801891402495240e-04
-1.600735358743442987e-03
-3.445804319529221886e-03
2.587823639405796485e-03
5.341933205777848852e-04
4.795892454545605315e-04
1.190181428614973166e-03
4.857229381327534019e-03
4.161145765312768662e-03
3.215302817925009583e-03
3.967006244196499853e-04
1.684969642591459130e-03
-3.872051619605522323e-03
-5.123649874735563582e-03
-1.169821940421876148e-03
1.077304446325753114e-03
4.872493930494378039e-03
4.217297888736855870e-05
1.164603802264704922e-03
-1.097489827278666681e-03
5.963115609990605505e-03
7.269953055923146328e-03
8.027976548645734348e-04
-7.246932662091328577e-04
1.024755382197855592e-02
-1.779944521878399103e-04
-7.252021321319447600e-03
1.057168420599540262e-02
-7.486950448616285642e-03
2.205112362092126205e-03
3.756716562118620102e-03
1.237223065197494073e-04
1.728672556085867999e-03
1.830757562592249827e-03
-4.053753512982666979e-03
7.520184184364279989e-03
6.677073410673647381e-03
-1.041200173597770125e-02
3.033713647885973985e-03
4.601898490533128105e-03
1.311218775543773578e-04
5.910979333425735388e-04
-3.688859285745864965e-03
3.566620647228822133e-04
-3.680140932855483437e-04
-6.139606429242540526e-03
2.477808596748572612e-03
1.807987167833151722e-03
-6.880939888044719770e-04
6.656693967255610661e-03
1.744396698810999138e-03
8.649695817140219418e-04
-1.553848011728738241e-03
4.354264933855152980e-03
3.686802344352311297e-04
2.977518377314129772e-03
5.919305788196232813e-03
1.498337170353664961e-03
1.419856981291963641e-03
-8.668300954316330480e-04
4.742801133422216465e-03
4.739654758928762111e-03
2.251910901813414939e-03
5.557430462388514986e-03
1.744565028259324139e-03
1.136779886084852455e-02
1.589697089733261345e-04
2.135394295837575018e-03
1.381785181956690124e-03
-1.400505236712328364e-03
-2.633822535556770011e-03
3.258429614252597866e-04
1.212894260815849988e-03
9.914397235397026664e-03
-7.541960860817554938e-04
2.289022505802494872e-03
4.245993226610720195e-04
3.589902371360813044e-03
1.508661757206453038e-03
3.477749643532285218e-03
1.093797093607977618e-02
1.802495473716629170e-04
1.372271178835119017e-03
-6.480628894884475112e-03
-5.979313601922301921e-03
3.280873330265177742e-03
-1.848958751114690565e-03
1.210634696344422764e-02
3.960548129442003056e-04
7.764102373200175780e-03
-1.066330749548005316e-02
-6.772134451078715145e-03
3.006371161662996228e-03
9.438714809215500989e-03
3.168643660843567002e-03
1.779617961502403742e-02
7.315543423927329744e-03
3.716355435950150724e-04
-5.047782144100494998e-04
-9.289676319626212833e-04
3.127757910661805620e-03
5.980912508583579885e-04
2.878469220106357439e-03
5.201344892272595326e-03
-1.662643620530305198e-03
1.572448911316450849e-03
3.166486743401028710e-03
-1.218571048125238494e-03
1.012185805422050576e-02
-8.074614025974226166e-04
-1.266544366734019544e-03
-6.806607064574316489e-04
7.570990628823503783e-04
-1.045075294690642458e-03
-2.896448005249831420e-04
1.237724328047705045e-03
-3.155154087740288851e-03
1.703477354610480202e-04
-5.232487041093187305e-04
1.421516810520946292e-02
1.061339169336539788e-02
5.665884125044393614e-03
1.378646868707434671e-02
5.694292192672024272e-03
-1.011427165591269328e-02
9.172703428244834492e-03
7.686344324447722497e-03
-3.931336426283517285e-04
2.516076386320694955e-03
2.951805937565964155e-03
3.767223122280082860e-03
3.996223374440767591e-03
7.952469797885070718e-03
-1.736436517515893910e-03
-2.494503422124114654e-03
3.134408504263524586e-03
-1.205989944493488820e-03
-2.628934741918912896e-03
9.237575488393065179e-03
3.232268438604342462e-03
9.919229447532941155e-03
4.177627085661358812e-03
-1.552572788676716709e-03
5.483127754742870598e-03
4.950656863365264157e-03
1.092391398468805109e-04
-7.846500530972225565e-03
-2.949554633713166642e-03
9.825876597093340797e-04
8.112399341075791047e-04
8.243949916332362401e-04
-1.060068098953496169e-03
1.145395732159855970e-03
2.086748083942800659e-04
4.360956029258714409e-03
-6.917036255320925964e-04
8.332250033550520681e-04
1.168420241081843947e-02
3.165552508929024220e-03
-1.509839384345879575e-03
1.350884688573190983e-03
1.012306524080600241e-03
9.652243441930256299e-04
-3.301670926167314321e-03
4.781745712244716770e-03
-2.278453501810015144e-03
1.326490059429353413e-02
2.993430281204469481e-03
-2.991560840127402855e-03
4.635101569414016784e-03
1.687704064509663610e-03
-9.938517588054592445e-05
6.294932347290315040e-03
2.096950743874888973e-03
-5.375733807197580856e-04
3.491824945630510671e-03
-4.176911710462378330e-03
4.886594191849882732e-04
-2.472180019097296481e-04
-1.582936073241405627e-03
1.299875636009590295e-03
-4.497571582650657226e-04
-1.103356043291259031e-03
2.804243449412843411e-03
2.614920976787244800e-04
9.847914918998238766e-04
-1.238563542329420772e-03
9.997456588085037316e-03
9.113829269493280280e-04
5.935850424368000269e-03
-8.698959147836803161e-04
2.536769221267376299e-03
1.044144895194953427e-03
1.788479671691501184e-03
5.452726007925659014e-03
-1.964090345057812443e-04
-4.339612929719329697e-04
2.038916860725151301e-03
2.687017312470902654e-04
7.721582853526589305e-04
6.258795774855899219e-04
-2.148091257372094316e-04
1.282355088114835954e-03
7.089433389790882750e-03
2.062334864484953109e-03
4.392854679892527550e-03
4.181419940332682834e-03
8.304032989495802389e-03
3.895858170615810632e-04
-4.164114705477219838e-04
2.096408903345131896e-03
-1.722993817540963233e-04
-3.224539903746003171e-03
-2.578095585552879921e-03
1.585643257969932387e-03
2.824079356696674974e-03
-1.384303606210361129e-03
5.830184743156510262e-04
4.883167044748419269e-03
9.699339932741732340e-03
-7.438421126216358511e-04
-3.062323719845864815e-03
3.459735111511555439e-03
7.997899202174975700e-03
4.509669617648383614e-04
7.659227967023422715e-04
4.778138640646101189e-04
8.624117478743236614e-03
1.289016792953312680e-02
8.052942237574236758e-03
-3.647580319225314678e-03
3.628013183176861944e-03
2.059038200028036683e-03
-3.915047003554477734e-04
-1.922084367760134313e-03
3.153678512417673434e-03
-6.266064784610301652e-04
-2.016135269297511165e-04
2.329672432347290861e-03
-1.044886159809096373e-04
2.967915953859417023e-03
-5.864155357036049399e-03
-4.370864077805515849e-03
2.964684216681934530e-03
-2.877986502337617596e-03
-1.069206099223037835e-03
1.612109530657646972e-03
-3.757124277874714698e-03
6.312449016611339832e-04
3.858108604340992030e-03
-4.652043537515197953e-03
6.048009772860446888e-04
7.161179809353717014e-03
-1.817806515776411534e-03
-2.299103388012963163e-04
4.907599206744139506e-03
3.651297084648048950e-04
2.458982857529912712e-03
-3.261768186912127228e-03
-7.254092856596959776e-04
3.371226637371348579e-03
1.351515247511828575e-02
-5.361504236681890675e-04
5.464746000736152819e-03
2.587595619313459716e-03
-3.731712262640921908e-03
-6.197656335780856417e-03
2.664688638464621576e-03
-2.379297487641761875e-03
2.293844727549950585e-03
9.497994841737163532e-03
6.257275385489209640e-03
9.805999049289731290e-03
-5.971359689286022225e-03
4.008881528300689383e-03
-4.725842815729124069e-03
9.872881980900654122e-03
2.717424929947946308e-03
-1.804748815332981584e-03
-3.679134202157591585e-03
-5.343205863849837325e-03
-7.030611914266471536e-04
5.885618011998880635e-03
1.297015996862817266e-02
-8.535195670287304588e-04
1.265181918611035967e-03
4.036913558217367776e-03
3.903263727795896598e-03
8.739225476199517090e-03
8.939652542650028400e-03
-8.547534681686104127e-06
-8.331604624486921643e-03
6.218244011204350323e-03
2.535614730894410369e-03
1.125621834198218228e-02
1.398325651419033908e-03
-3.128594417670711118e-03
1.057564684337691276e-02
1.415067039658724282e-02
3.185465146933995090e-06
1.626572642251194675e-02
-2.890983545795634130e-03
-5.325601517332234896e-05
8.033887906756342727e-04
1.135284679393504855e-03
-7.676522720681485702e-04
8.186678677766779516e-03
1.291286321140420242e-03
1.299688616192808382e-03
1.185158789094201658e-02
4.952027115478319086e-03
9.341661265161699257e-03
2.158398454910865141e-02
4.261979621116740446e-03
1.761571263865577362e-03
