0.000000000000000000e+00
0.000000000000000000e+00
0.000000000000000000e+00
0.000000000000000000e+00
0.000000000000000000e+00
0.000000000000000000e+00
0.000000000000000000e+00
0.000000000000000000e+00
0.000000000000000000e+00
0.000000000000000000e+00
0.000000000000000000e+00
0.000000000000000000e+00
0.000000000000000000e+00
0.000000000000000000e+00
0.000000000000000000e+00
0.000000000000000000e+00
0.000000000000000000e+00
0.000000000000000000e+00
0.000000000000000000e+00
0.000000000000000000e+00
0.000000000000000000e+00
0.000000000000000000e+00
0.000000000000000000e+00
0.000000000000000000e+00
0.000000000000000000e+00
0.000000000000000000e+00
0.000000000000000000e+00
0.000000000000000000e+00
0.000000000000000000e+00
0.000000000000000000e+00
0.000000000000000000e+00
0.000000000000000000e+00
0.000000000000000000e+00
0.000000000000000000e+00
0.000000000000000000e+00
0.000000000000000000e+00
0.000000000000000000e+00
0.000000000000000000e+00
0.000000000000000000e+00
0.000000000000000000e+00
0.000000000000000000e+00
0.000000000000000000e+00
0.000000000000000000e+00
0.000000000000000000e+00
0.000000000000000000e+00
0.000000000000000000e+00
0.000000000000000000e+00
0.000000000000000000e+00
0.000000000000000000e+00
0.000000000000000000e+00
0.000000000000000000e+00
0.000000000000000000e+00
0.000000000000000000e+00
0.000000000000000000e+00
0.000000000000000000e+00
0.000000000000000000e+00
0.000000000000000000e+00
0.000000000000000000e+00
0.000000000000000000e+00
0.000000000000000000e+00
0.000000000000000000e+00
0.000000000000000000e+00
0.000000000000000000e+00
0.000000000000000000e+00
0.000000000000000000e+00
0.000000000000000000e+00
0.000000000000000000e+00
0.000000000000000000e+00
0.000000000000000000e+00
0.000000000000000000e+00
2.178403946938300972e-04
2.374667132104453168e-02
4.595936606618459251e-04
5.640512970746506920e-03
9.308234089773805009e-03
1.880876495536378933e-03
3.020485831603750108e-03
2.782271785267903877e-05
2.053152331264448266e-02
4.243013267886250849e-03
1.057693284021725584e-02
1.020768163306932062e-02
7.014923600071372098e-03
4.244157341264190308e-02
1.550136657019671529e-02
3.216307935916462579e-02
2.045662793273949134e-02
3.536880660045505637e-02
2.951377957809162705e-02
1.100557590825817535e-02
5.395548602701992491e-03
1.474865940089607926e-02
7.885573865809276592e-03
1.074321731588199526e-02
2.395952417084979899e-02
3.611888731412383341e-02
1.916649343227008057e-02
9.267616025426925544e-03
4.576738167033536642e-03
-8.168469712245265621e-04
3.621388466100837478e-02
5.644980186151022511e-03
8.434500814331485213e-03
1.251990774821436572e-02
4.955651731807286797e-03
2.644012146689446105e-02
2.544157081006781507e-02
7.451384932590726130e-03
-2.916176948999297473e-03
2.699646403802023059e-02
5.684381846141980769e-03
-2.942690842010138347e-04
1.817974076314742352e-02
-1.103692161610159584e-03
6.939661345259788387e-03
7.541402427984289503e-03
1.695673667298742623e-02
9.352769566909164070e-03
4.144727853460253818e-03
5.184973736663226786e-03
3.318134073538487293e-03
9.668980588679734062e-03
2.376900456232130740e-02
6.155727221277038086e-03
3.706780396628636676e-02
4.786227284928796372e-03
9.125758248424768043e-03
1.497392626379739217e-02
2.157667431082407449e-03
6.205896445785414467e-03
-6.449477783509720979e-04
3.828004277014334950e-04
4.788254808331489885e-03
2.847566269708495714e-03
1.497300367619867900e-02
4.396234080564184396e-03
8.454497719751123339e-03
6.546858870956466687e-03
1.619752207457774221e-02
3.411172775408543873e-03
1.971370192501809265e-03
1.957107391732655979e-02
3.418922291685399378e-03
7.016937063689747921e-04
1.172930135452102639e-02
1.420597255698035841e-02
3.250917893654110651e-03
2.684117019647473505e-03
2.228897927283510043e-03
2.569355468815493967e-03
7.491472434956813293e-04
3.730033707247354217e-03
2.229479961510422506e-02
6.719588237446843734e-03
3.467210445777817087e-03
1.535181746963350247e-02
3.554861678042155280e-03
2.497602712239897944e-03
7.315873511244935790e-03
3.431510368307324338e-03
2.809356040076825371e-03
1.155700368971857191e-02
1.979728155208055132e-02
2.130182112242768894e-03
7.838398723959468656e-03
4.728059488496268344e-03
9.501949548668113532e-03
1.324372695353535218e-02
6.691440906364547539e-03
-4.673566344545714967e-04
9.124034220005492607e-03
9.963391387459591148e-05
-4.247054932393302864e-04
-1.491480104825440751e-03
5.886788111242492218e-03
1.412415402813026188e-02
8.694015446037148872e-04
3.027520989193730090e-03
1.212638505105996132e-03
2.157322547079786566e-03
6.089338490205064604e-03
1.731704360060919374e-03
1.600603237318487916e-03
3.497277276003493088e-03
7.527785082516258528e-04
6.019798302818749058e-03
5.248545532578109294e-04
-8.011084030822437181e-04
3.097519153731033946e-03
1.945985664364849061e-03
1.450809934684963581e-02
3.442910536220462978e-03
1.017304330438191518e-02
1.591805649150252952e-02
1.074250986215564193e-03
2.806412426918069355e-03
1.579079401106673122e-02
6.993035568679455832e-03
7.612282801650123616e-03
1.779060259199407440e-03
2.856977254892201570e-02
2.393078932753129381e-03
4.992560767223519144e-03
3.889824577015193823e-04
4.655081343887462059e-03
5.577999488793222195e-03
9.528724049701753698e-03
4.411357178958429104e-03
1.818136480877287353e-02
-7.368745070776263001e-04
9.238995188984166704e-03
-2.745804940246131080e-03
3.032155387352592282e-02
1.380104242792825828e-03
1.294995295661428847e-02
2.227087474396143713e-02
2.194257136410326416e-03
1.230789062797167134e-03
3.566086694618819664e-02
5.433990970053279544e-03
1.440814926392686851e-02
2.106895389345139584e-03
2.890836230311820756e-02
1.465285837438481606e-03
6.563398942909140325e-03
1.927043773424149883e-02
7.603152048997328070e-03
1.396164245873625018e-02
5.289585897267674516e-03
1.697857721237771428e-02
1.225785757664818107e-02
4.689627188131095803e-03
1.757136197150256651e-02
1.053273522940766094e-02
2.358845918802405378e-02
9.627837704486498852e-03
-6.806587936286516210e-04
-1.882096301816803957e-03
8.981690063418774211e-03
-7.547596689428681411e-04
1.645617017058187415e-02
-2.161449230231685462e-03
4.759003152957195018e-03
1.871873448436587369e-03
-5.426222307589257526e-03
3.376642606197889315e-04
-2.605833335008543149e-04
2.794801769937503913e-03
1.686074076836612326e-02
1.008309886257125268e-02
-6.481190526781454350e-04
9.425280181888054387e-03
-7.951016706138800197e-03
1.464737693959315863e-02
9.025857730324911635e-03
3.814048305105008970e-03
3.463290657077965334e-03
3.820437050085260036e-03
6.904628774457633768e-03
2.765774305526446080e-03
2.131754394532921898e-02
4.734384099870043126e-03
-3.309700423619426918e-03
3.428539290731049457e-03
1.808497901195800506e-02
5.235434282111529197e-03
1.356140143919551660e-03
4.258472293270523443e-03
6.891669616832306160e-03
1.105657239556326853e-02
2.137523123826062105e-02
-7.142915461951610760e-04
7.725792669477286531e-03
2.228082405275930589e-03
-1.622566058133701828e-03
-3.795545843350966314e-03
2.439602383538020704e-03
1.560974684025604776e-02
1.588090668803583683e-02
5.213213971539160281e-03
1.292776294769135896e-04
-4.762557270589257326e-04
1.575085927084295340e-04
-4.007027871298384815e-03
1.205514936438555756e-02
5.855569611270757674e-03
2.234821552294926489e-02
7.524228680305149663e-04
3.474887776196668859e-02
1.383236511281908665e-02
-4.949050392960355205e-03
8.041109299194748247e-03
-2.440918307257753349e-03
6.093961586964953374e-03
6.126504218524552250e-03
3.435661205406551587e-03
-1.465534942281980198e-03
-6.598197139433747624e-04
2.246333825061577402e-02
-9.045309622681083420e-03
-2.455744405919188175e-03
1.873905563933730978e-02
1.149426266630948316e-02
1.064556147969281281e-03
7.850095330795388987e-03
1.243114208274001542e-02
5.960027714819882009e-04
-1.469384375209575443e-03
1.916355686148687792e-03
-1.599838538073345990e-03
2.156935464555512563e-03
-4.548120012806422703e-03
-2.977036389946979399e-03
-1.009871703252092270e-03
-4.376206570607643273e-03
3.815214025384627491e-03
5.591234345197621837e-03
1.822259566363777176e-03
6.773425177789379375e-05
-8.774112776985911518e-04
5.689848289174945228e-03
9.975864520155402343e-03
7.177054561320376450e-04
1.153191796784607155e-02
7.285796693185006556e-03
1.557564467610633024e-02
-9.008365608770595515e-03
1.323201692594685140e-03
-4.786916387791782627e-04
3.393136904720193015e-03
2.328378404835356082e-03
2.446499970337192090e-02
2.889391603099147280e-03
5.147409000014316165e-03
6.751245089378384023e-02
2.822977790983858745e-02
3.254894100741005658e-02
1.055330934832748313e-01
1.115167348064049872e-02
3.232926059849184491e-02
-3.673406351434080341e-03
7.333023967466688331e-02
2.224853857810815336e-02
1.487971914558744793e-02
1.305397533281373729e-02
-2.177008522277588173e-03
1.468112391267301260e-02
2.275539129175148043e-03
5.429181821243488949e-03
7.023627755610604637e-03
1.965611642300607240e-02
1.254337348340329658e-02
-4.396758491992413566e-05
1.506743773779132623e-04
-1.170814972096114251e-02
2.748605419817054529e-02
7.604371687749268520e-03
4.401675574914405004e-03
6.629632070458775853e-03
-1.824061629523412217e-03
1.851683605080282772e-03
-6.257241913001624148e-03
2.200724582534288251e-02
1.874246320075371661e-02
6.592404571635777401e-03
1.008306292991567252e-02
2.230433559209333769e-03
1.841733846266368959e-03
-4.821272348054203875e-04
-8.528438343714909997e-03
3.087642203191484722e-03
1.910682899142044158e-02
5.577028676847087425e-03
-1.083450035578966764e-03
-4.277061366075532271e-03
-3.694041527844510193e-03
5.358645539115902516e-05
1.520157403968206214e-02
1.839366039181496160e-02
4.595225222170331268e-03
-5.179429439995462091e-03
6.875181058258993290e-03
1.969831722497522239e-02
6.258400701589841679e-03
1.724414500863914387e-02
3.165779146927534884e-03
1.662405389811091655e-03
1.989206043872180935e-03
6.278744319882806173e-03
-6.376205197125751727e-03
-8.591408064524707656e-04
-1.411660121997585773e-03
-3.375439134199924112e-04
2.198399154721013098e-03
1.044383819579491543e-02
1.349342135285652592e-03
4.682168981189060997e-03
3.173701797045252408e-03
2.857177235636581408e-02
-2.797066420004831657e-03
5.978230417843647532e-02
9.085487754802978530e-03
5.963137997823874520e-02
4.758195985988421944e-02
4.492894077706643258e-02
4.058206617475406536e-02
2.758472082060753686e-03
6.779442186273924344e-03
5.449770661996819823e-03
3.117230261605725278e-03
3.360988163508642906e-02
1.966608688089280590e-02
1.212522288472137923e-02
2.888908006465217004e-02
1.826767384193623417e-02
1.377814783572426337e-02
1.034200017358197568e-02
1.527741736373247963e-02
1.596714381622531265e-02
-2.118431651052224765e-03
6.316715251868743400e-03
2.481378917931553740e-02
1.437181951052389321e-02
1.933443210214697006e-02
1.783323191920656650e-02
2.816141491526398533e-02
-4.330911377376822288e-03
5.337620147786073695e-03
3.679368891873782102e-04
-1.910742970113794197e-04
5.000754825270707291e-03
1.665033145709129969e-02
4.124663106753211940e-03
2.105572954551912859e-02
6.776172391533781536e-02
1.328176117063309125e-01
-5.607297622215965185e-03
3.155680500632471186e-02
3.577409623266850774e-02
1.574167050199251671e-03
3.055772614330591608e-02
1.711312942351502636e-02
-5.229898602518813673e-03
7.804948688369776899e-03
1.237103200954948329e-02
1.322434785481306236e-03
2.689051782600879181e-02
-3.130603506647191246e-03
-1.233710286568854772e-02
7.658591866287252185e-03
-7.410985080063488967e-03
1.564301480563962468e-02
-9.699155832060568985e-03
1.352496618988156298e-02
9.469564154039364356e-03
5.806609036511086591e-03
2.083298880622534710e-02
2.130510484964767345e-02
4.571878212088287610e-03
1.950985097730194295e-02
-1.804677400718516936e-04
2.195037632182380780e-02
1.808517997606266456e-02
1.279585716353983044e-03
1.856777421865512352e-03
2.638217288624104210e-03
1.749100571216578512e-02
-4.378434637723014645e-03
3.835542296697469489e-02
-3.787584071684123137e-03
-8.901246776174337938e-04
9.132631515947415429e-03
-1.666909194588672705e-03
1.943332340310935380e-02
3.014855288401840569e-02
-2.713235490176946815e-03
2.526921660585415216e-02
-2.479514429380531067e-03
2.677444034812640275e-02
7.591271620025034049e-03
2.574551829360372315e-02
2.313577815931893485e-03
5.100561443715530274e-02
-8.123153694493375279e-04
4.284914304145483015e-03
9.417647712163561974e-03
7.854715646329821221e-03
-5.826071576192687253e-04
2.590577681406429703e-02
-9.910988999753754525e-03
2.543266882545072369e-02
1.000471907584770705e-02
4.122097530236954604e-02
-9.380071671511598088e-04
7.207726556784446910e-03
2.258818297359194496e-02
3.161216370447653135e-02
1.381594772766326935e-03
-1.055875483511394290e-03
-5.007193573351830917e-04
7.377711206539586987e-03
3.103690216595578200e-02
4.087781360332891530e-03
3.014628691436314987e-03
3.348656451412086038e-02
4.836325090917168584e-03
3.743566355117101778e-03
1.151707678704102546e-02
-6.455551851762345028e-03
8.967785392663657484e-03
1.638619073332898577e-03
-2.563519221853754332e-03
7.134067024797479187e-03
2.440431984647706536e-04
9.062903439322936294e-03
-4.139131349168303532e-03
2.708833776027826795e-02
-2.070049930301146902e-03
-9.524341976645090508e-04
1.801323043562981507e-02
4.678566296246905801e-03
6.269301612208484989e-03
1.006635109868105407e-02
3.345372733783327605e-03
-3.404773161056418029e-03
-4.257354751401934249e-03
1.646930523751832104e-02
4.128494553759486964e-03
-1.749975783126440183e-03
3.064022075629531513e-05
-1.883755944804413503e-03
1.380963343398692277e-02
4.289272658732064779e-03
5.134227550352636615e-03
-8.752356054248552463e-04
-5.324868638331646184e-03
8.481984631355317557e-04
7.767952888701781279e-03
1.218050503450549514e-03
1.800833189932328493e-03
-3.240826244525434659e-03
4.653340466953116532e-03
9.522941417247510892e-03
5.066457257760534350e-02
1.569636132616939253e-03
5.965630901734262324e-03
9.315936758362081821e-03
2.121833812235313435e-02
4.159018899974639520e-03
8.046889865562017671e-03
-1.362958932703213543e-04
7.986935894038919848e-03
8.697898723209262356e-03
1.539885127043217131e-02
-3.217121535239299800e-03
5.763332853274442339e-04
2.861563724777284323e-03
1.400941118460246985e-02
9.286013468744306904e-04
8.820893592690356652e-03
2.062500210856100472e-03
3.175926647844458991e-03
3.335068885175231351e-03
6.572544313448038834e-03
1.534608962227122439e-03
-2.406913753249938226e-03
-2.020867163609955421e-03
8.326043658755074781e-03
2.107240465763064036e-02
-1.345785638559862706e-03
1.132547783218804810e-02
1.251322255320230954e-02
4.933650070120873012e-03
1.370242278471493075e-02
1.031607471527040513e-02
3.956805650425982042e-03
-1.812882801994127394e-03
2.844733153662552631e-03
4.209899287215003970e-03
-2.240477385995553929e-03
1.072373510086197489e-02
1.583441060662464845e-04
-1.769071694584996605e-05
4.839652616193536143e-03
-1.670530528519269513e-03
2.193800889001297581e-03
-3.602995085248202056e-03
1.677094580574207700e-03
7.299349621098035097e-03
1.329963993804539162e-02
-1.729875944656557914e-03
9.656526332153456127e-03
5.765280146674479217e-03
-1.177766683436422485e-03
5.288788057528717897e-03
1.730024877827820995e-02
7.255511051818956322e-03
8.009883592556809803e-03
1.884603919257193602e-02
1.131538228880969547e-02
1.362495904038789167e-02
6.593889137252518726e-03
4.649454903764923923e-03
1.295720383343174900e-04
8.945708376824098966e-04
1.092369971162289108e-02
1.184188152868062040e-02
5.286971227888367583e-03
2.392230272943691310e-02
2.002673263686072930e-03
6.348805132551322249e-03
2.069113913223980666e-02
1.787031774404230014e-02
3.069771748278573870e-03
6.973340682617333065e-03
8.389286710338750633e-03
-3.054725289314445336e-04
3.226703488162823569e-03
2.319489127831451253e-03
-1.211685293150711277e-03
1.031680554730241874e-02
6.725058054410953945e-03
3.584732665457845968e-02
-1.751220405994810200e-03
1.235981787435702292e-02
8.087724938488707882e-03
4.280426062810103842e-03
5.187861249581145889e-03
2.894103083557388045e-02
1.311611932943857872e-04
6.819420073908269778e-03
1.099231325738018669e-02
1.787175481913628322e-02
-2.308476878841751116e-04
1.071996276598419229e-02
-8.259968497322489308e-04
8.992890480335326980e-03
9.294664079914940341e-03
-5.507282270799893640e-04
6.153688871930756586e-05
4.067513104603403228e-03
1.017905544231023033e-03
6.004415176348084499e-03
1.774295928084782328e-02
-4.044950087349491745e-04
3.130915741112525255e-03
1.281082255181079793e-02
1.339247378544725607e-02
-6.099846623420632956e-04
4.173060416932715920e-03
7.950240713075523019e-03
6.614599763220526361e-03
2.092789428282676098e-02
3.349137872839520139e-03
5.575515123077617180e-03
1.223342945405470582e-03
-9.696217660608168242e-04
-1.607446036024487001e-03
6.909510465894841587e-03
-1.428459843281126330e-03
-9.957378521478676883e-04
7.208267442915458623e-04
1.390859173555369119e-04
1.130799051397921202e-02
1.092609613945762399e-02
1.282056248566161571e-02
1.211900229192946349e-02
-4.659615802171912209e-05
4.759392005470929575e-03
1.265827704469139675e-03
1.411316404925548953e-03
5.825177998323967724e-03
2.777370274180157930e-02
5.452767759124793265e-03
1.566002199405511078e-04
3.512249711792848894e-03
5.603376673300975060e-03
7.772655080433961416e-03
-4.684690877775986480e-03
-2.657116948405897818e-03
2.112740038463193845e-02
-7.757923011366674865e-03
3.023248131744646957e-03
6.093990649525188492e-03
-3.210201033824431087e-04
2.201515448526601519e-03
-3.318953642999602810e-05
3.880055204609427801e-03
8.743009698610654939e-03
3.324424339603569093e-03
1.269797748142020150e-02
-4.179070734071062081e-04
2.550277736416844271e-03
-2.188873697253497161e-03
1.467421584205551343e-03
2.374914046249936277e-03
6.364826070643577437e-03
6.249572971459342770e-03
3.084980139065592129e-03
2.355869376200372088e-03
5.130793008332646017e-04
-5.552836002842709805e-03
-1.307323925174801171e-02
3.735255324212029878e-03
2.587104460302393216e-03
-7.769169848393557912e-05
1.000997718264816545e-02
4.961684895144272134e-03
2.609895950182913784e-03
-7.813070490475658870e-04
6.254458755512743579e-03
2.718705361887327043e-03
4.005218096549621222e-03
8.344746570518708989e-04
9.886207170652271115e-03
4.540061846478556269e-03
1.927790796131436182e-02
8.392998078612394844e-03
1.208374351535713986e-02
6.738173898373053979e-04
-2.399423610461605665e-03
3.853520447059593373e-03
9.526989742878437181e-03
-2.617558597164600619e-03
-2.979860587483785118e-03
1.628818022252785311e-02
-7.675915045847156752e-04
2.010554497342032475e-03
1.329112273580925797e-02
-5.178025803014767257e-05
6.380056985755143580e-04
-2.778147478182753285e-03
5.682857619963422105e-03
3.705722376176362465e-03
3.703786925988550413e-04
-4.320241921163334685e-03
-2.101485272359264640e-03
2.269888167833033349e-03
2.420765921047491383e-03
1.688417239575340035e-03
-1.551498921108268331e-03
1.266065960155588746e-03
2.788939294345840064e-03
4.975544225489759390e-04
-1.113407359511867935e-04
-6.589138463427865987e-03
-9.259274917645728565e-04
-2.155945693542137172e-03
5.404735418923399363e-03
3.921200504999534280e-04
2.805175905214184239e-04
-8.644310544146282171e-04
-1.514149213803210603e-03
5.651390285476444626e-03
1.500599742834811488e-03
-5.534698321302400706e-03
-1.679666271353019713e-03
-2.885510658289563903e-03
5.242493370613491264e-03
-1.217950526667065624e-03
4.139065319558483773e-03
-1.838814792212723186e-03
6.335966360189914520e-03
5.138041300792594267e-03
8.506880636309873582e-04
2.720304377878700330e-03
9.903946609585262645e-05
2.462438455985826308e-03
6.159669931200470461e-04
-1.708393257940057442e-03
-1.326278525662846980e-03
9.146604898177558823e-04
1.427758071142229152e-03
8.304280314401552357e-03
-4.327439143964608229e-03
-2.444479939529940228e-03
6.291276082982497769e-03
-1.343071247922191392e-03
1.503183963435643497e-03
2.116103249649791546e-03
-2.090209453303533589e-03
-5.425774774892105305e-04
-2.744267136140942807e-04
-3.728740295101621444e-03
6.411618235292453494e-04
2.559052362876616479e-04
-1.041696574386728876e-03
4.763207333654456699e-03
7.738189854028802890e-03
-2.177801621892612970e-03
8.370906845327754850e-03
5.582655635795671922e-04
-5.536283276293284608e-03
3.522370484346557581e-03
-7.722111108849250179e-04
1.919179097494407319e-03
-2.827726118188214448e-03
2.095977779533658714e-03
-2.079619287620314717e-03
-5.443325586368059736e-03
2.377188843707414394e-03
6.149630509354463669e-03
3.378284837794960638e-03
-1.685369646081116488e-03
4.182837015425823826e-03
5.128018177102351693e-03
3.215840026446719138e-03
-1.685788459964443833e-03
3.941384720288771369e-03
5.002265381954263887e-03
-3.310668371847023993e-04
-2.441582740506248635e-03
4.344495771622317449e-04
1.684109016853898959e-03
8.714604214309799868e-03
6.867805499680279188e-03
6.748308065316769959e-03
3.344819252717355033e-04
1.020875079941683736e-02
-2.155699246645171804e-03
4.204505735088543729e-03
6.354373157416046310e-03
-4.176460731196995641e-04
3.190350650951814110e-02
1.148432894385305603e-01
7.979159923806367766e-03
5.500762710052510031e-03
4.684520421532804499e-03
5.470728152750413235e-03
8.525450101600932917e-03
-4.366926717225116245e-04
5.119401156482395604e-03
1.886678533535160809e-02
8.656177110454132961e-03
-1.101231775132820168e-05
2.709153366734201335e-03
1.273287721841425899e-02
9.222367025657951436e-04
1.880674612274046498e-03
-1.233201544702833795e-03
2.077729368403771412e-03
9.181793475768055320e-04
3.257030382800505004e-03
6.312866145764567827e-04
3.038439918011509241e-03
9.223137637684401661e-05
-1.623894836708474282e-03
2.344683850597754308e-03
1.034225740185423749e-03
1.547103190385008126e-02
6.572533846865578726e-03
2.780263522239016403e-04
7.718118524161140213e-03
3.493091297362095268e-04
-5.201087965312651933e-03
5.730527712155399772e-03
2.255643860104224272e-03
7.734808080882125784e-03
3.467235165163691252e-03
3.770470427328096678e-03
1.155113157663340516e-02
-3.133088721079182928e-03
1.755866788182683727e-02
1.543814832056951891e-03
9.371521322593872466e-03
3.847529896780026680e-04
9.514149906893250991e-03
2.798530486281067958e-03
2.980150253958782159e-04
3.703496649985317003e-03
1.129437030512810136e-02
4.450833177303601534e-02
-3.959587981504746057e-03
4.898769485318302773e-03
5.358427662202492302e-03
2.787898474070891336e-02
9.450154788196803504e-03
2.458089491693723344e-02
7.084517206891298609e-03
-3.773949602709948540e-04
8.559761961742845884e-03
2.416140947121913837e-02
5.439382625434807661e-03
4.475089369426131850e-03
6.304320085119423421e-04
3.455324906489148223e-02
-6.317017769492470469e-04
3.453376123354700341e-03
3.276493862445836215e-03
1.896690077021761719e-02
-8.856433426917109230e-04
6.005351747740209946e-03
1.800146140242175202e-02
2.010476789006398601e-03
-8.381356298476897240e-03
4.062674712756332747e-03
2.957552481929197515e-03
3.280676802343089052e-04
-8.662631913836777147e-05
3.894589848390226944e-04
1.060601729951575999e-02
1.253998541487826674e-03
-1.737438278698028851e-03
-4.105856229880061777e-03
1.611208461190475390e-03
1.924166461791495739e-02
5.770469510421993159e-04
1.933711878838793516e-02
4.498706226197744448e-03
6.290527059408215077e-03
1.427731330528543389e-02
2.557511456578407186e-03
7.881394257079411478e-03
1.670848448442270248e-03
1.586060823062751882e-02
6.951279965488548797e-03
2.033730333778368746e-02
6.212873524130644101e-03
1.040153682281277914e-02
1.704987563515170546e-03
9.546635005899252804e-03
7.340363342528825538e-03
1.723776199693358158e-02
1.557087377338246988e-02
9.659835968971101569e-03
9.220353816117386053e-03
1.738980020458629969e-02
1.991916887507583223e-02
2.216961008436854445e-03
4.121075521345552578e-02
-4.849769538157296805e-03
4.066534040479765494e-03
1.841684911504018213e-03
3.915557487116876761e-02
2.500777555728919948e-03
2.995470429930773698e-02
1.665729109961875017e-03
2.686308983179078180e-03
3.293551310051769012e-03
-4.488443747340306773e-03
2.929826105071344812e-03
4.323763650977639414e-03
9.211539989958501817e-03
6.930677969642822303e-03
2.952483225788594522e-03
-4.272668694907898884e-03
4.678005978488188749e-03
8.476646208323822609e-03
6.181572209621021691e-03
-4.504841123602770260e-03
-5.678993102815095432e-04
7.825841281766462857e-04
3.939344637625304991e-03
7.483183734436277875e-04
1.704154113504319223e-02
-2.418417408871492615e-03
-1.748869136539587697e-03
4.725806930346185437e-03
1.003766565276167054e-02
3.109939502626429993e-03
1.471706852779931449e-03
8.425496892552460310e-04
-1.760619624340565084e-03
2.704848713538133241e-03
1.562629057274178210e-02
-6.215418019330657198e-04
-2.655978821798987612e-03
1.004209515810476801e-02
-1.527288317689551658e-03
9.093731319312672520e-03
-4.115579235065256608e-03
2.087257623949268903e-03
5.566784458734728123e-03
2.697378326015038592e-03
7.881955773786388647e-03
-9.316659899291663410e-04
-3.727079333976812247e-03
1.145013381678001117e-04
-1.005793078855064891e-03
-8.610944008598365009e-04
1.562723094557323797e-03
3.432803171415757786e-03
-3.101110743491541574e-03
-2.597980873941428508e-03
3.642478092926522588e-03
-1.028346172143126264e-02
6.460224653082118854e-04
1.255327962936229197e-02
-7.734022100737254594e-03
1.321412279647021792e-03
7.016391387421646274e-03
9.710602887037568867e-03
7.810396368026831931e-03
8.558577166778881876e-03
3.966286709037241537e-03
1.890205647478943778e-03
1.263276609960933621e-04
-6.358301280963211261e-03
1.289279622689323661e-02
6.693404880544106400e-03
-3.354259889706989999e-03
7.597930027068066023e-04
5.578100478961873533e-03
-2.321000414470555245e-03
1.010275398016623498e-03
-1.311190509031370821e-04
1.596284474407717174e-02
6.456616621038673703e-03
2.596421199907720818e-03
-5.010239623018363127e-03
-1.639859392292788553e-03
2.326264370070772400e-03
8.917651819552759387e-03
6.457637079811250937e-03
-2.665262349433008410e-03
-1.734560818837498899e-03
1.686286886069534099e-03
3.726093925427413286e-03
1.914112901831755309e-04
-3.963142098527657614e-03
1.201548998626474421e-02
1.223233270872004994e-02
-3.215632944667927168e-04
-1.277919292605814118e-03
8.269516236062798842e-03
-3.214213850908730248e-03
1.476400407535451457e-03
1.438370679746215318e-02
4.005025738441304255e-04
2.073198352673336336e-03
-1.397187058025646175e-03
8.299463791831290403e-04
3.710550789091398519e-03
7.979441706865774558e-03
-7.699507195169623267e-04
4.657195478209103651e-03
1.002770703411963275e-02
1.354876558597669072e-03
6.213373279662691775e-03
-2.341194953505717309e-05
-1.317416691890197986e-03
8.297114975570265161e-04
4.042301742357171275e-03
6.268628648668181716e-03
-2.004392878703200936e-04
2.001032571618301982e-03
8.013599314140539692e-03
-1.655583015408780556e-03
-4.662106009405440682e-05
5.613430324026788890e-03
8.537112330574588015e-03
2.806908429096884646e-03
4.283867230111811780e-03
9.128133579958170110e-03
1.011832630544578539e-02
2.936741040860654578e-05
-3.904958904084074138e-03
1.527155353461469604e-04
1.269227678969509464e-02
2.828813940425717235e-03
4.696518238518218417e-03
-7.037514818955092465e-04
-4.541658226650414215e-03
1.558383032175011344e-03
-1.980800332420594966e-03
1.105305529314537841e-05
-4.516354181949205036e-03
1.494548154343745957e-03
1.059311425446152330e-03
8.961404646750918842e-05
1.019968230809623760e-02
8.356205060344853910e-05
1.665383639874251989e-03
-4.947346360534510268e-03
1.211565549209703448e-02
3.288819902290087381e-03
8.166370820283028187e-04
1.202266934680484844e-02
-2.452858274695328585e-03
-1.623961184780567737e-03
5.963095260584800987e-03
1.062045868800572893e-03
4.059862163744647201e-03
2.942549494457759925e-03
9.371005468247942116e-03
-1.593076556515315729e-03
-6.576232369552624610e-04
7.619942085167316984e-03
5.747220400710845297e-04
-2.984877483718747278e-03
5.081047583960039173e-03
8.626176709467472557e-04
-5.635710352398436325e-03
2.092544990845534962e-03
-3.163272309207963012e-04
1.351763072272164565e-03
1.067423189730384468e-03
-1.315173724100250022e-03
7.433665634412115614e-03
-4.657273339701656530e-03
-9.695838471048297399e-04
2.951537567663537007e-03
-3.647819759760857045e-04
-3.378436919499414395e-03
-6.433160342705136238e-04
8.254534107080031477e-03
2.798770846900327548e-03
4.036235944424529246e-04
6.220085336939500803e-03
-1.482169652176745529e-03
-2.272820899604869054e-04
1.351347399603047622e-03
-4.151551449332291713e-03
-2.425480463393263689e-03
-1.124259716127544483e-03
-3.223228703058697922e-03
1.354317373619877939e-03
3.775722592414786083e-03
-1.319245841558306688e-03
7.526651269316323237e-04
-1.906245834479507184e-03
-4.661321337938790187e-03
1.111461875455011135e-02
-3.420874954127912275e-04
2.917564576115419246e-04
3.696822559412659857e-04
-2.087457762042054486e-03
-4.964889276336597809e-04
-2.626301021801463677e-04
3.230283462715178265e-03
3.423276755518524315e-03
-3.519177791111044798e-03
-2.821025722434214022e-03
2.012899431332954014e-03
1.579823395601648826e-03
-2.994466287441251563e-05
1.551731346046849582e-03
8.169651301974379092e-04
1.563838759323947373e-03
2.341265785159108229e-03
1.017256355608957014e-03
1.339661048946699969e-02
5.174124732366574934e-03
2.343288692702806585e-05
-2.004494968154505678e-03
-1.027506895129856384e-03
9.775170406552192645e-03
7.031257929859714359e-03
-3.068312275179238460e-03
2.530461313759902083e-04
7.635599897294804723e-04
8.273554453068010864e-03
2.554730929513492500e-03
-4.150005563552477267e-03
1.015846775379200539e-02
5.625074253549147696e-03
2.273566955691707497e-03
-3.785843733323667089e-03
-1.239076742356493531e-03
-1.400036217882895655e-04
3.211236108449382846e-03
9.828015672899259158e-04
1.991755019011491601e-03
-2.872292544294263554e-03
-1.772241072795727700e-03
-7.009202545706328617e-04
2.751295277400927705e-04
1.358679166659142656e-03
7.700368001837943179e-04
2.599970636534474494e-03
2.131206327863090482e-03
3.328936536969156427e-03
5.745865561286036486e-06
-3.361442932503464279e-03
6.686011020872127111e-04
1.830333338380416095e-03
3.249150302391913721e-03
2.643497155425256076e-04
3.558427918966722888e-03
3.329547294590946881e-04
3.331329683625596297e-03
2.454596615477660018e-03
2.158156400047011518e-04
-1.324365488606232388e-03
7.500060892262569185e-04
-9.954278005566896334e-04
1.055328397740303362e-02
4.220609097162601915e-03
1.672666091416849087e-03
1.787716292508771936e-03
5.217097428464521208e-03
7.465240013519144945e-04
4.262766355501951959e-03
1.355606996688320720e-03
7.126946074113517729e-03
-9.267295333067044043e-04
-4.796588546010547606e-03
1.531388497269197020e-02
-1.566162378823926504e-04
6.984527879386417774e-03
3.369025507256275063e-03
9.447914731105974337e-03
2.925651169515659355e-03
-1.645619774143449723e-03
7.993634913020681307e-04
2.176667238128256014e-03
1.143359457863888989e-03
1.312829141328147268e-03
4.849054378525351032e-03
-3.990234423960163906e-05
-3.051033527623338661e-04
3.928657008304300394e-04
3.843927894307754174e-04
5.934246936058505673e-03
-1.251661777963824270e-03
7.562805236475832107e-04
-1.671522195139096010e-03
6.799401974880542017e-04
-8.223677524502827005e-04
7.501725491494406692e-03
6.572440627412516612e-03
5.470118810514302751e-03
-1.763063869680002102e-03
3.137638932825537186e-03
6.215826301823788001e-04
1.130193926627856950e-03
7.988981594965088515e-03
5.419002490917874948e-03
1.926367682498461619e-03
-2.825055418011557587e-03
4.611463803030199302e-03
5.334484926942993296e-03
7.350122251178030364e-04
4.601006148088236485e-03
1.777079838609922158e-03
2.859101109365432339e-02
3.047630955188082580e-02
-3.925973847357156800e-03
5.721783853588779771e-03
-2.418068431660667494e-03
6.344439659813571296e-04
1.006966448967422725e-02
1.377717414320998694e-02
4.307859773568033235e-03
1.949007711261532740e-03
-8.187009504901135958e-04
2.359900312512015069e-02
9.343694718983596229e-03
8.197554905136584733e-03
1.274944874080598083e-02
2.811910140133259527e-06
3.790206699063205283e-03
-4.475310852655429474e-03
7.456118104882337918e-04
8.535551060206226018e-03
4.263565710936443806e-03
6.519204606571922696e-03
-1.717806866595851176e-03
6.108198387059084015e-03
1.121066761785017261e-02
6.597570008013782863e-03
6.248038877445880740e-03
-8.583708102987938279e-03
6.056180884457703674e-03
5.196899499746006346e-03
2.528893485804308179e-03
-1.937089365419283936e-03
7.895051362600487982e-03
2.114379019570292867e-02
6.343216287522530569e-03
-4.363602987449129687e-03
7.774212166796621616e-03
4.009761258190220647e-03
4.090738097091423456e-03
8.053513042062906968e-03
7.227164692783047406e-03
2.654875526812344386e-02
1.719372006797778921e-02
1.799392206719162106e-03
1.330307970662147204e-03
-1.029936542354396162e-03
2.692571347585011494e-03
2.121611627886622539e-02
3.308397986931622611e-04
-2.030725493107312946e-03
-1.071815913760677200e-03
2.823728742109161624e-03
-5.053337177335922399e-04
-9.089080917273339999e-03
3.971293039935720401e-04
-2.159716274654530348e-03
-5.884565401597008274e-04
4.946618596417234892e-03
2.534184918389783582e-03
1.434087899110500150e-04
-8.327329420092519432e-04
2.919052903546852894e-03
3.549332458790657036e-03
1.276674881679402875e-03
-9.661890207052414511e-04
-1.750922217750984370e-03
1.696172216116477796e-02
2.966807540613916171e-03
1.063330080769019949e-02
1.768166590583855526e-03
-3.656853595152081103e-03
1.432635057794240992e-03
4.110882166225999709e-03
-3.593554539695208877e-04
1.528795787644564308e-02
3.255424722620665814e-03
1.316118726496178989e-02
6.859305453821660375e-04
4.623143281056546440e-04
5.889859115191751864e-03
4.538846245878502481e-03
5.613875619732587238e-04
7.883231972100501750e-03
-2.603916923884803253e-03
7.114825628021616451e-03
7.314244532892802929e-03
4.517544751992644443e-03
1.459054552505473657e-03
2.090455736187318315e-03
4.845599623706697313e-03
2.431395875227677916e-03
5.490926123490524370e-03
7.104853255148592742e-04
4.724517109194982718e-04
-1.254829820345846865e-03
1.007665842970455021e-02
8.095646155453186527e-03
3.371902081686075844e-03
1.742668867804850717e-03
2.141058262925858106e-03
-1.259164526616641470e-03
-3.167821763554466534e-03
-3.706304108122250845e-03
3.212500571009128079e-03
1.605456213102107732e-02
-3.171600067808545351e-03
3.443503252185276670e-04
4.586075939945651048e-03
5.137866703357631300e-03
-1.967633377718883397e-03
3.431869551075496586e-03
-2.303990624087982799e-03
4.183800837504763129e-03
1.293347202112870263e-02
-3.420389173275759000e-04
5.477385632442104309e-03
3.651986437792430207e-03
3.556126401817389857e-03
4.114985959855401582e-04
3.827251006172681120e-03
-1.735675864965316928e-03
2.650608724439346663e-03
3.382454098709693430e-04
7.421870045303952113e-04
-2.500682302710987084e-03
6.282400789490580817e-04
1.120764207326725237e-03
6.817022275237770131e-04
4.515854940975371108e-03
1.927826748537447626e-03
4.545180793331647672e-04
2.853535569319037152e-04
5.323914412965765654e-03
1.548272019947064676e-03
-1.446428521121436188e-03
4.523588064364677044e-03
-1.573576761696189770e-03
8.653627527649458088e-04
7.010449260844368001e-03
-2.546436373637884641e-04
7.406460775976158022e-04
-3.762619416624791990e-03
1.425019396249131622e-03
-3.943328534679700213e-04
8.826733826421775432e-04
6.419800914411003326e-03
-1.427339522533139279e-03
4.777725067813966926e-04
-2.049045163600534802e-03
1.356370768414047814e-02
9.437340903779119911e-03
9.821557242961588205e-03
9.219484060321504748e-03
3.882681836232127620e-03
-1.242658082421177739e-03
2.692196660784168701e-03
3.669109030960519997e-03
3.850728610299803626e-03
2.457104480033032307e-03
-4.888138004310085480e-03
-1.202440147602157642e-04
1.803285646401760201e-03
2.345159136456907061e-04
6.621954366731276631e-03
2.926288331184149962e-03
4.318042815016894485e-03
-7.804683606927079968e-05
1.685589608098055775e-03
3.834654095895359202e-03
2.539065580681503821e-03
2.020293419708852570e-03
-1.393396375654834367e-03
2.753310554611692641e-03
1.573511955645244239e-03
7.135816464659879704e-03
6.641429960458565020e-03
2.792454462516342269e-03
3.969890317887425808e-04
1.295998038829089495e-03
3.263729430999286977e-03
5.866895659781377545e-03
5.620857817050783738e-03
5.930218679589510655e-03
1.600541022966309179e-02
2.175676108104544412e-02
5.994572573409713903e-03
2.344314501834396380e-02
1.426268001220833311e-02
2.189894645412002010e-03
-1.078204293562898307e-03
3.003633666668874529e-03
1.115845205984939683e-03
-1.990763733590103588e-03
6.998571776787559928e-03
3.423688323910011478e-03
1.908467830376036657e-04
-3.175988210009231608e-03
-8.146457710911149137e-04
5.707173658647528725e-04
-1.831887116468717625e-03
3.515048227952119637e-03
6.658504938957898397e-03
6.473306748315523114e-03
1.996711732612973730e-03
4.825337227638726301e-03
4.283396448179969777e-03
3.654490767109421813e-03
-1.258047486763970262e-03
6.381278008011241620e-03
-1.992320607305091314e-03
-1.163067461106663102e-03
-3.752666382278336144e-04
2.284133608644945551e-02
6.025935321539680790e-03
-1.500339439526526342e-04
-8.387575266384619853e-05
5.507208629041037556e-03
-1.375823279950961478e-03
3.681262124314370679e-03
4.319172865695317977e-03
9.948477296076337767e-03
2.827506810870706114e-03
-4.046751334552832827e-03
2.256309393885865509e-04
1.038123252167001860e-03
-7.523966193250706223e-03
8.197492493306271499e-03
3.815547251021006794e-03
-1.670682362830516222e-03
1.452533032870161663e-03
-8.164245960137985923e-04
-9.076219877946010550e-05
2.398157815508897544e-04
3.491054079122092937e-03
-5.558257248482093016e-03
-5.949502491267390008e-04
-2.488287868440125852e-03
1.170425431047387999e-03
1.231298402223345804e-03
-4.384618805605197526e-04
3.672800399121419444e-04
-1.825983401408380049e-03
-2.881526541592410381e-03
6.798065897896065496e-03
-5.266332902238692916e-03
4.828794184973632733e-03
6.484992807726591528e-03
-2.947611238360887606e-03
-4.517788253992147639e-03
3.601187303663746977e-03
-2.431382012033511501e-03
4.509369955495201240e-03
2.769286738721152535e-03
4.032808267911213752e-03
-5.897225792627063673e-03
8.580405609752110932e-03
1.982686740205833950e-02
-5.903425285802401182e-03
7.169179703498953452e-04
-6.109973668551693486e-04
8.043610211360453528e-04
1.158022154901066150e-02
-1.335538437328631471e-03
1.466353509892321175e-03
1.292025990619221840e-02
-1.151130881313222089e-02
1.055430949815171215e-02
8.358619007404474027e-03
-1.921784696014405347e-03
-8.763766686086354161e-05
2.816631398828809817e-03
-4.054512339880605130e-04
1.097393295224557801e-03
-3.829663052500809767e-03
-1.686305566943692436e-03
1.081858022815850896e-02
1.937869648302230092e-03
9.392028327853798111e-03
1.380756671646994269e-02
-5.249184273467127904e-03
-9.759410159014074958e-04
9.353217252373354895e-04
1.058923925237528242e-02
1.077024810515650639e-02
8.101824323282305965e-03
4.438557397077596590e-03
-7.339494253020595370e-04
1.554211436959832254e-03
1.161958610459153801e-02
7.783363959797799138e-03
8.556920419884343418e-03
-1.085624846944682666e-03
-2.545074251047732116e-03
2.945260775549428389e-03
5.073341458309465341e-03
7.203463849422453609e-03
7.714152528884332324e-03
6.636806548948093881e-03
1.051217107832622122e-02
6.759538540188608086e-03
7.046285191926329001e-04
3.815131527922823330e-03
1.758815622415351582e-02
5.962616732038486696e-03
7.772265751107027693e-03
5.615696235173990407e-03
1.074199468958619667e-02
-2.161765367047816140e-03
2.184289358919957406e-03
7.153628576455678748e-03
8.471332604385288382e-04
2.427945239090935348e-03
5.473492787703444079e-03
5.049014624967831065e-03
8.400100059642728878e-03
5.213727891565362801e-03
9.854196711710500392e-03
5.560384553808586476e-03
3.915449529307272157e-03
-1.474085759009118122e-03
-1.842784974742993440e-03
6.556197498014717726e-03
-4.313024390379438348e-03
-3.747463710095004421e-03
2.256646097055667495e-03
1.163456570411862748e-02
1.849500494545438904e-03
-1.968424463917278159e-03
-9.467483015174149542e-04
8.809617686175690975e-04
-1.042578419703946678e-03
7.464329811678482472e-04
-1.820126042384779966e-04
-1.513067579528760585e-04
-1.048805390651706606e-05
-4.030087585165995426e-03
3.949769921112274672e-03
1.472506121321587053e-03
5.174250047383815651e-03
-1.402232233213223040e-03
4.148386802429252819e-03
1.431067448251544015e-03
1.071586452134446615e-02
1.946419163358564536e-03
-5.459217596939289381e-03
-6.842198739682851284e-05
-5.759988847990594150e-04
-1.140122358427577039e-03
-2.263919103146232528e-03
2.982090879592375673e-03
4.069515998123937779e-03
2.280962092172118122e-03
1.527304546261773824e-03
1.387725377766762342e-03
1.365662608401932258e-03
1.378646588634761458e-03
5.030099207806083654e-03
-4.334383338641534114e-04
5.555782304414629350e-03
6.669662774025456606e-04
-1.920900698654123774e-04
3.466156069588273263e-03
-4.071933515605256210e-03
1.751263152093143066e-03
5.040757100247181960e-03
3.209829043161536825e-03
3.838627498085920436e-03
-7.254930864932379337e-04
1.402302467676563077e-03
1.110761868000902314e-03
5.617856802357698576e-03
2.302968440375281344e-04
-1.646885764999915904e-03
-1.219755616316641920e-03
3.528783283154543395e-03
-5.372454374824844805e-04
-4.074848431186594948e-03
2.481282614668143226e-03
1.388358361166089675e-04
-2.754397367475311473e-03
1.829979349660862398e-02
1.416857521674594247e-03
-1.507111419964424562e-03
9.622320239564744956e-03
7.289035399571647603e-03
5.539150669172676969e-03
3.816947221100849656e-03
1.176851023311169101e-04
2.853792304657811526e-03
-1.427283149243443235e-03
6.011623098741824406e-03
-3.216768273778873328e-03
-4.909901422059255970e-03
-8.763622062197644596e-04
-2.500496563377915338e-04
3.252662860866595285e-02
6.530092272803334971e-03
2.001145830516482590e-03
1.043008194196715088e-02
1.067810004866246755e-02
2.117785802597580910e-02
3.286745465175984308e-03
3.436692424719064044e-03
-3.890749404993878047e-03
8.179172813189770908e-03
-1.304564787836467532e-03
2.666987012919961111e-03
4.140076278528516569e-03
5.880104338955038229e-03
-9.202832600957335093e-04
3.107727286563646309e-03
-3.437479736621361359e-03
-5.416283937813795406e-03
6.519633001560999098e-03
-1.192705909851586718e-03
-5.075730183613019406e-03
2.428628144443386889e-03
1.660255269420670560e-02
-1.428105930795166463e-03
2.941928785513849183e-03
-2.115798888847282132e-03
2.378092079268307249e-03
-2.792128252716206526e-03
-1.470642230012730953e-03
-7.698375264218670303e-04
1.125517972521260495e-03
2.966352543006393113e-03
4.003684777667501984e-03
7.403173404233538875e-04
-2.320901977520984944e-03
2.228211310310241819e-03
4.520280548128514583e-04
-6.801170923129699246e-05
-3.545389157071044892e-03
3.038729470795529294e-03
6.708472283657859400e-03
8.529542825887451076e-04
3.848816215674597235e-04
-9.614053239243203382e-04
1.531190037018813994e-03
8.853197974342167211e-04
-3.063571450340364243e-04
-1.345884751759378155e-03
4.676511230198457034e-03
1.140725801618912814e-02
9.627440535378284370e-03
2.186024829197280562e-04
-1.478154197216210129e-03
1.384120346953574693e-02
-6.517929435428764656e-03
2.823426071653202876e-03
3.706878021488254141e-04
5.087986439183735457e-03
8.786529777149776127e-04
3.617947123803944790e-03
1.495727721942330867e-03
1.512637759812728196e-02
4.641701920646661150e-03
2.693592948729165836e-03
5.588274621724036682e-03
8.185172086186687235e-03
-8.326575744051407414e-04
6.090297194993242631e-03
9.284788252288930831e-04
3.372137468302422326e-03
1.198910028746096035e-02
-1.405278727927008857e-03
-1.129467229639556820e-04
3.557510346730638614e-04
4.653238665955066779e-03
-2.728777541780175783e-03
-7.439426029488900756e-04
2.523839094744680361e-03
-9.484723256847401446e-04
-3.907704487837482558e-04
4.955335017793409055e-03
2.666491077804347600e-03
-1.104900846562070467e-03
-5.798383746829844547e-04
7.454280101097952903e-04
2.770682114193929926e-03
-4.045966024268282169e-04
2.747543169359633816e-03
8.790141915712315450e-04
-1.261594254585250664e-03
5.287924413422602846e-03
4.998679706206527948e-03
2.152535753802696170e-03
5.646442851090338177e-04
1.792060293305746191e-02
-3.037325148032310809e-03
1.166838334549288696e-02
1.047791747200615443e-02
3.322426825606871609e-02
7.513830767597325100e-03
5.976517539241267725e-03
-1.628588691958433952e-03
-5.837872305481628735e-03
-2.212847354595929000e-03
2.583273728122826868e-03
1.269660073549563287e-03
3.552426478441032907e-03
-9.900763959201919207e-04
6.150336874962494989e-03
-1.000217805584842617e-03
-4.192247717800295405e-03
2.745263486606425683e-03
2.596550962014540932e-03
-1.207460236852727579e-03
-1.219229404496317577e-03
8.621531902868510844e-03
-2.801211812198424467e-03
1.292933406247816653e-03
8.035662876672818380e-04
-9.158798439057907114e-04
8.099107133911698925e-03
1.681794728013209436e-02
1.894684341936651081e-03
2.463727206086313570e-03
-3.439620234722291520e-03
2.718721193156347585e-03
3.128285279058715118e-03
-3.219424554721884773e-04
3.935656398094178332e-03
3.233812753393701563e-03
4.649618000561002093e-03
-3.774093298633198965e-03
5.503112236834858256e-03
3.738910520873088388e-03
1.146129926191642202e-02
1.372175026874622970e-03
-2.214411871476619064e-04
2.898430418965534591e-03
3.092625743493963766e-03
5.633597551548064552e-04
6.047076088061861376e-04
3.954254260217382293e-03
-2.995808789681564908e-03
6.166221321944110635e-04
-2.903001833604646788e-04
3.258210007056374898e-04
2.942082629086121680e-03
6.905680739065924757e-03
-3.081356905851550393e-03
4.095586047498080140e-03
-3.456176772976399508e-03
3.054388099953789498e-03
1.005687447117354760e-03
1.350382932354103876e-03
2.531393575218766553e-03
5.950326631688498957e-03
-2.925589406590069913e-03
2.044912739165989559e-03
-2.494748940381132964e-03
5.074018048398330066e-03
-5.256870431783054916e-04
2.249668803593200470e-03
3.242705342186911859e-03
-8.550469005419541980e-04
-2.071891428010700850e-03
4.474029820069982434e-03
-6.421328923836934271e-04
-1.760611094894674617e-03
-3.677763481113991220e-03
1.051702673261424104e-03
-4.016791020560222386e-03
7.656765247236400895e-03
2.141853362280061839e-03
1.403450310992389706e-03
2.457634289738632166e-03
3.668966499908518728e-03
2.514425920760789482e-03
3.669420378809773974e-03
-1.513129875692475774e-03
6.359844916269620854e-03
-2.356176761860653314e-03
2.913217624162894610e-03
2.133595194426807836e-03
-2.532634181647908274e-03
-1.244043574666071905e-03
2.289298774089563657e-03
-2.289122509426020236e-03
-4.717734429869580807e-04
-2.191110325423837202e-03
2.240731359597386736e-03
1.705318188097246918e-06
-5.844643554053674962e-04
2.480831734133873666e-03
1.132775904349584079e-03
1.708774018156902341e-03
8.629365278037400781e-04
1.842180496822485398e-04
6.542018722536125253e-04
4.332114669163368570e-03
4.875708674536113245e-04
3.784602906501804368e-03
-2.719153451420963739e-03
-5.168255594569526063e-04
-3.900265425640093682e-04
5.751813373837229987e-03
4.687544242294850068e-03
-4.122916161429710760e-05
-2.093398307525421798e-04
-1.106327925415664069e-03
5.327096776417608939e-03
3.147937532876745291e-03
3.967928741952815933e-03
6.038180778074277080e-04
3.506484550490923061e-03
1.531922847336154815e-03
9.164093175994980633e-03
-3.680640410521093461e-03
2.447014155386826630e-03
-2.006958943893552387e-03
-1.846464461644545642e-03
-2.612657018614525828e-04
8.766999323408391793e-04
5.677056401710285465e-04
-3.261591048399381607e-03
4.171957043572943656e-04
5.714609555205022416e-03
3.617774244279163554e-03
1.183720964613661601e-03
5.920089937814609730e-03
-2.708736770816612578e-03
1.719509323609926324e-03
1.835316105919351662e-03
2.001797589864327993e-03
-6.997681063036175191e-04
8.699665074005900889e-04
1.071056992707312104e-03
5.060632800601310745e-03
-7.974454981544590142e-04
3.740585471131883770e-03
-3.901266529162624765e-03
-4.314634553055956417e-03
5.806936647747796762e-03
-2.513908288979501814e-03
-2.009599049721896456e-04
1.306879647670696528e-03
-3.942819067631454875e-04
-3.441933477832176055e-05
2.163294970087096224e-03
-6.024985317822184432e-04
3.019145722240315719e-03
1.277076146272025561e-03
5.040090057786913600e-04
-1.952987208637615860e-03
3.737957422972127894e-03
-1.653561846633741853e-05
-3.367352563058651892e-03
-1.562434811139202379e-03
-7.082564641581722172e-03
7.266278690258863885e-04
-1.981675604905221849e-03
-1.072974245446934888e-03
3.534759425170113257e-03
3.446590293209470836e-03
6.965216422650134277e-03
-3.073494844485043925e-03
2.033604801212292746e-03
8.132233705008009000e-04
2.738126686955324237e-03
-2.212502329268537220e-03
-1.368461438487214923e-04
8.007632171757626338e-04
3.399772497407363252e-04
-2.223405335813882690e-03
3.802554994569978548e-03
9.603463672422750527e-04
1.992249218670140778e-03
6.669522619313227214e-04
-2.517125987777694106e-03
-1.261170822266202652e-03
1.158099884868269043e-03
-5.171626636002216951e-04
-1.926048571408537323e-03
2.444109096558732663e-03
9.217175437758877085e-03
-1.830567428103738615e-03
2.128076176282519844e-03
3.343860314854223354e-05
-4.362504393222379692e-03
5.849942869318420537e-03
-1.006991878706153679e-03
-7.721515153071921000e-04
4.458745891910764281e-04
1.558959696030469541e-03
-3.193773346113213188e-03
-8.358290876257709612e-04
6.667804964827669630e-04
2.529478797548040132e-03
1.303017399289104991e-04
3.699974016244000257e-04
2.404244171195853760e-03
-2.153506707240774969e-03
6.636541186443504874e-03
1.700310282001238783e-03
2.601695032633117785e-03
-2.436423240024261812e-03
1.190919772346927001e-03
-1.972843586262890830e-03
1.405762243529544474e-03
8.338452639253773717e-04
4.397485481475589889e-03
2.247041846757227238e-03
-8.962860535202877470e-04
-5.915484055238449815e-04
1.146842163923397339e-03
1.573244671701266775e-03
4.401838692093863054e-03
7.047069338754377403e-05
-3.545364037635894035e-03
-2.127255505156710504e-03
6.760629348293874631e-04
-2.488838735985344879e-03
4.560870808219313378e-03
2.341865251507494351e-04
-2.283610204841341525e-03
1.298309218534815556e-03
2.457010640859273991e-03
4.076754036781674202e-03
2.008724849703079091e-03
1.689553272897750726e-03
5.162366909265060644e-03
-1.304311708784074240e-03
-2.024111630564495029e-03
-1.835285858376307618e-03
1.846499986201300563e-04
-5.011687543704382644e-03
1.511841453162007581e-03
-3.271139751368234289e-03
-1.153273150697381455e-03
-3.106504691305463778e-03
6.316619500066685856e-03
5.108472881308219297e-03
3.555510105386647875e-04
3.775469283838130997e-03
1.295243586100060587e-04
1.036104206628031023e-03
1.214851589829033483e-02
-6.088775739515370862e-04
-1.367076145179667388e-03
2.043258423761109589e-03
-1.496884278408478538e-04
-1.851168167951502139e-03
2.739829838548607337e-03
9.006911457390351112e-04
1.155830353515863770e-03
6.892595659967745009e-03
-5.166889871261770226e-03
4.557030067821073518e-03
4.981109483069595667e-03
8.032052155141006840e-04
2.901495744313900907e-03
2.140207526903217111e-03
7.118465543305897703e-03
9.294653085809121036e-05
-2.838035537855440127e-04
5.017878476429834308e-04
1.663845148571028477e-03
4.788806469657098421e-03
4.108288150588034968e-03
-2.326688698759946973e-03
9.270164108864621319e-04
-7.084986591057110955e-04
3.674065858141264442e-03
2.010459261831692860e-04
-1.203856696465796495e-04
2.366715039020303186e-03
3.131233965986180562e-03
2.747160503666843702e-03
3.203087276675752266e-04
-7.401198983147077963e-04
3.139295686385164914e-04
2.831846500981379487e-03
3.085559717478951556e-03
1.408571133818065525e-03
7.225514841807336233e-03
2.233986527994484810e-03
-3.136803205077863185e-04
3.279909392995345591e-03
1.909053469776145900e-03
-1.589450598970528188e-03
9.077877537691588124e-04
-4.259069416753087645e-03
2.869288026826247607e-03
-2.221880653281434019e-03
2.695441826212361357e-03
1.333297471243311515e-03
1.053518487044607151e-03
4.578525865989417284e-03
2.993307049094113062e-03
9.289227277594108018e-03
-8.110650855950923485e-05
-1.709251552622265179e-03
5.021934148184202355e-03
6.629056286122226097e-03
-5.751736882732561007e-03
6.649664448327795470e-03
4.348159053594665042e-03
7.811373374944166788e-03
6.220737210112552845e-03
-7.932496180877589200e-04
5.859826672522509307e-03
2.327338373961103813e-03
6.313483285414849683e-03
3.231138438216195688e-03
1.510831827690404736e-02
6.586339669467255152e-03
-4.018945093222986084e-03
-2.438395697783685644e-04
1.491638954036827829e-03
1.823512779465492808e-03
2.293840723756383933e-03
3.843180713109348341e-03
-9.638440067189669048e-04
1.434813566656578925e-03
-6.045845188323241762e-03
4.612321640525104266e-03
1.186761473596395326e-03
7.363889267057678253e-03
-6.782158576602026478e-04
-3.886781353498899817e-04
7.827893708255354369e-03
-1.047980126858949783e-03
-1.215728553993843759e-03
-2.226119915322345190e-03
-1.367980527775452225e-03
-9.365451629167328377e-04
1.679121043334569222e-03
-3.210748754037089526e-03
8.066073516564381540e-03
6.270264425187381183e-03
3.246932980679499529e-03
7.848024836067760482e-03
1.376750281337747956e-04
-4.345285767731526735e-03
7.251947718732943728e-03
5.385703814131274914e-03
-2.354644420427729878e-03
4.913893803477556313e-04
-2.698348326284993534e-03
5.571128686055627083e-03
1.965123581432528469e-03
7.059680788355606959e-03
1.214638126789486985e-03
6.516289950496303822e-04
3.764277417472846124e-04
2.624118635568505314e-03
5.901919496580583339e-03
-2.459713381790511189e-03
4.438349979788389381e-04
5.108421477549915553e-03
6.975687205505819340e-03
1.528235170051637235e-03
3.432483452998276539e-03
-2.873858238311506347e-03
-4.387028473775783860e-04
1.586507750712808345e-03
7.526045010468426126e-04
-2.492736410271438087e-03
6.787361988727153754e-04
4.211080015735449260e-03
-1.276015715473355827e-03
1.025862237617930104e-03
-1.212213993994939705e-03
7.461123978987164833e-03
9.219740658866456325e-05
5.547013265205960435e-04
1.561371132539886818e-03
-6.500791244302458159e-03
2.160662056935587581e-03
9.493696185022800285e-04
-4.153122565264823316e-04
-1.115047813244211209e-03
2.579964941429218131e-03
4.701165532631180685e-03
1.167051047743233091e-03
6.646663675420467522e-03
2.141848137568037706e-03
1.800588767197018039e-04
4.778720260885222469e-03
2.359232610977445455e-03
1.811982965662561808e-04
-2.471597331855913265e-03
3.460062688152778978e-03
2.287788718224270873e-04
1.113375368267614752e-03
-1.470033207894963327e-03
7.474624543095295106e-04
1.563736109553482204e-03
9.563103757764845544e-03
4.861275806828079145e-03
5.563848346035202806e-03
-2.565905217423615622e-05
4.518944668406378422e-03
-4.642668852108491374e-03
-3.472556925538956146e-03
-7.926377788191568512e-04
4.109832562541755260e-03
2.456298772225258770e-04
7.218186038035348875e-03
2.270433674754194012e-03
-7.493179639541979256e-04
4.207422726434563269e-03
2.373568568294795282e-04
-5.900086319112247827e-04
-4.253631526979621304e-04
2.165361275583172363e-03
-2.368142612782102568e-03
2.005655633686901740e-04
1.327828366961230581e-03
-1.740696339942733595e-03
1.413299937225382394e-03
7.144128942402498510e-03
5.954080361072514385e-03
7.939347799553878645e-04
4.409782348949360838e-03
4.991931074104077708e-03
3.456215707045004037e-03
-4.415702794834347293e-04
-9.506464011225942111e-04
-1.072347589160002439e-03
-1.178085971618252157e-03
1.269567204952536804e-03
-3.862474058816100283e-03
-1.035390595523795389e-03
-4.025029148545014026e-04
6.230818668883444673e-04
9.950385846609151232e-04
4.239702275904953105e-03
1.023269311006879713e-02
-1.001057433364649363e-03
1.121301295313855556e-02
2.828519521861423691e-03
3.253194712545032577e-03
1.477129358043403071e-04
4.017762819443908588e-04
3.009815227732132083e-03
1.061108110781947261e-03
4.109158396597660003e-03
4.160424873447254000e-03
-2.662380333148035849e-03
2.466680451185157986e-03
-5.632303170771342342e-03
-9.414093763266025150e-04
6.093651943523180001e-03
4.249284821028406593e-03
-9.000035400963465751e-04
-8.671748825794100158e-04
2.274857281700375946e-04
2.521522764433311355e-03
3.750394658528366162e-03
-2.967900869271471523e-03
-3.205725451591932666e-03
-4.962563500098863493e-04
3.725394878164096923e-03
2.402521590016288774e-03
4.653974525870342022e-03
-7.999028569511549072e-04
-1.848166121626283742e-03
2.422695592624571695e-03
-6.378073084288258827e-04
6.108669471482737132e-04
7.463412969381567202e-03
-7.879863259243461739e-04
5.638764787142315840e-03
4.485942172192306128e-03
2.286962638900453398e-03
1.776301944678379671e-03
-2.155703145663297095e-03
1.249750427708836657e-03
1.257634710828754721e-02
1.190433033839593917e-02
6.309403292338778071e-03
-1.814231099023597181e-03
1.053176099579009733e-02
4.381847224340814067e-04
-8.553620059665350411e-03
-2.127551756084740918e-03
-2.760873077982814276e-03
5.477822236786431855e-03
1.170563944401883244e-02
6.649920168546579607e-03
4.519092015290943586e-03
-2.323715156327895576e-03
2.547742824921213345e-03
1.616705995306490402e-03
1.667719150326234245e-02
-2.635365474061914046e-03
-2.528438511077092578e-03
-2.470665621972708507e-03
9.961490011635307229e-03
6.913163334009291526e-03
6.266867374662115318e-03
-7.681915959086520369e-03
3.622770067933531396e-04
-1.838907173774523393e-04
5.364885669511660314e-03
-2.513468471084401995e-05
-8.308534458832233724e-03
8.382895557374307749e-03
6.736753217201046917e-03
-4.887736313239195163e-03
9.245357018291672918e-03
-1.444682409624172014e-04
1.025092851272613875e-02
-4.391819793966628051e-05
7.617952429766503084e-04
9.292817185048020401e-03
1.048620719058310918e-02
3.640303264189148429e-04
9.973390098516816613e-03
-5.622167184859417884e-04
-1.048610400134229953e-03
1.609231494531576743e-03
-1.359492208875646719e-03
4.788584446643848018e-03
7.877912541433770149e-03
-6.974454350314803364e-05
1.879377102543219793e-03
6.813924728852969147e-03
5.894548747323113437e-03
6.230868711164308515e-03
1.164487879483595183e-03
4.144932785391179653e-03
4.850433593978907207e-03
