0.000000000000000000e+00
0.000000000000000000e+00
0.000000000000000000e+00
0.000000000000000000e+00
0.000000000000000000e+00
0.000000000000000000e+00
0.000000000000000000e+00
0.000000000000000000e+00
0.000000000000000000e+00
0.000000000000000000e+00
0.000000000000000000e+00
0.000000000000000000e+00
0.000000000000000000e+00
0.000000000000000000e+00
0.000000000000000000e+00
0.000000000000000000e+00
0.000000000000000000e+00
0.000000000000000000e+00
0.000000000000000000e+00
0.000000000000000000e+00
0.000000000000000000e+00
0.000000000000000000e+00
0.000000000000000000e+00
0.000000000000000000e+00
0.000000000000000000e+00
0.000000000000000000e+00
0.000000000000000000e+00
0.000000000000000000e+00
0.000000000000000000e+00
0.000000000000000000e+00
0.000000000000000000e+00
0.000000000000000000e+00
0.000000000000000000e+00
0.000000000000000000e+00
0.000000000000000000e+00
0.000000000000000000e+00
0.000000000000000000e+00
0.000000000000000000e+00
0.000000000000000000e+00
0.000000000000000000e+00
0.000000000000000000e+00
0.000000000000000000e+00
0.000000000000000000e+00
0.000000000000000000e+00
0.000000000000000000e+00
0.000000000000000000e+00
0.000000000000000000e+00
0.000000000000000000e+00
0.000000000000000000e+00
0.000000000000000000e+00
0.000000000000000000e+00
0.000000000000000000e+00
0.000000000000000000e+00
0.000000000000000000e+00
0.000000000000000000e+00
0.000000000000000000e+00
0.000000000000000000e+00
0.000000000000000000e+00
0.000000000000000000e+00
0.000000000000000000e+00
0.000000000000000000e+00
0.000000000000000000e+00
0.000000000000000000e+00
0.000000000000000000e+00
0.000000000000000000e+00
0.000000000000000000e+00
0.000000000000000000e+00
0.000000000000000000e+00
0.000000000000000000e+00
0.000000000000000000e+00
0.000000000000000000e+00
0.000000000000000000e+00
0.000000000000000000e+00
0.000000000000000000e+00
0.000000000000000000e+00
0.000000000000000000e+00
0.000000000000000000e+00
0.000000000000000000e+00
0.000000000000000000e+00
0.000000000000000000e+00
0.000000000000000000e+00
0.000000000000000000e+00
0.000000000000000000e+00
0.000000000000000000e+00
0.000000000000000000e+00
0.000000000000000000e+00
0.000000000000000000e+00
0.000000000000000000e+00
0.000000000000000000e+00
0.000000000000000000e+00
0.000000000000000000e+00
0.000000000000000000e+00
0.000000000000000000e+00
0.000000000000000000e+00
0.000000000000000000e+00
0.000000000000000000e+00
0.000000000000000000e+00
0.000000000000000000e+00
0.000000000000000000e+00
0.000000000000000000e+00
0.000000000000000000e+00
0.000000000000000000e+00
0.000000000000000000e+00
0.000000000000000000e+00
0.000000000000000000e+00
0.000000000000000000e+00
0.000000000000000000e+00
0.000000000000000000e+00
0.000000000000000000e+00
0.000000000000000000e+00
0.000000000000000000e+00
0.000000000000000000e+00
0.000000000000000000e+00
0.000000000000000000e+00
0.000000000000000000e+00
0.000000000000000000e+00
0.000000000000000000e+00
0.000000000000000000e+00
0.000000000000000000e+00
0.000000000000000000e+00
0.000000000000000000e+00
0.000000000000000000e+00
0.000000000000000000e+00
0.000000000000000000e+00
0.000000000000000000e+00
0.000000000000000000e+00
0.000000000000000000e+00
0.000000000000000000e+00
0.000000000000000000e+00
0.000000000000000000e+00
0.000000000000000000e+00
0.000000000000000000e+00
0.000000000000000000e+00
0.000000000000000000e+00
0.000000000000000000e+00
0.000000000000000000e+00
0.000000000000000000e+00
0.000000000000000000e+00
0.000000000000000000e+00
0.000000000000000000e+00
0.000000000000000000e+00
0.000000000000000000e+00
0.000000000000000000e+00
0.000000000000000000e+00
0.000000000000000000e+00
0.000000000000000000e+00
0.000000000000000000e+00
0.000000000000000000e+00
0.000000000000000000e+00
0.000000000000000000e+00
2.249089040280913710e-03
5.973778732678005840e-03
2.624016975248442268e-02
5.266634901044365061e-03
4.599173426800176601e-03
1.295982414740893575e-02
7.443885453812811893e-03
1.588754789861825415e-03
8.029071647092116473e-03
3.197004810759381324e-03
2.765002971834638282e-03
1.344941712625318496e-02
1.277196207839941845e-02
5.817913744217474183e-03
1.591031936554006265e-02
1.030925481005373276e-02
6.824281620365040338e-03
2.363397294985635985e-02
8.960574948256840033e-03
7.908116755071714979e-03
8.338962013593211736e-03
5.449431189927676257e-03
8.337907216770265237e-03
3.259386107317520289e-03
7.933647176355375016e-03
7.716831655727062443e-03
4.057511344213089212e-03
4.074664931555247414e-03
1.624885934065439753e-04
8.709370160700806093e-03
8.115155460933630438e-03
3.282785605218318907e-03
1.306915034722860944e-03
1.112740900053993919e-02
3.117415761978983499e-03
6.409177386339804175e-03
2.194372177353234518e-03
1.823561348661757037e-03
6.746852542138831454e-03
2.200110678477310271e-03
2.474298716298839809e-02
9.697972624688921267e-03
1.153085388319823740e-02
1.347970522579407249e-02
6.453281398071455954e-04
6.343922929012871942e-03
1.584598087708801589e-02
1.092344775739566634e-02
9.015177535657446437e-03
2.099127709775207469e-03
2.995446865578898707e-02
8.409801668139749858e-03
1.405234111462929335e-02
3.286579395962760820e-03
6.006536719496731111e-03
3.959226779582294270e-03
8.758698126973126982e-03
5.821995662248209344e-03
3.818386329337299621e-03
2.388498044501854642e-03
8.163117823255384986e-03
6.024633380746757631e-03
1.950639174210712368e-02
6.533809540513256346e-03
2.026853914303900286e-02
1.784145368302618787e-02
7.422130811137089661e-03
6.096259665208552010e-03
2.754308800599630097e-02
1.142063377090060498e-02
1.564284186014079647e-02
2.202190919870115979e-03
3.140805876455695506e-02
6.566953992064483887e-03
6.580484773483242025e-03
1.049318977383239052e-02
1.546748357147014613e-02
1.919371208244690166e-02
5.739154543847167604e-03
1.479521169493441986e-02
1.616781217904871004e-02
6.477957105634085146e-03
1.332274189385136004e-02
2.276597062996288737e-02
2.745695100632538146e-02
8.347768595419051071e-03
3.449648780476305149e-03
-4.109879354090151932e-04
1.235414308002602893e-02
2.399611314877482006e-03
1.009705470434060434e-02
3.705417311112299897e-03
4.536552405657747096e-03
2.635234137516795448e-03
2.991764158825490141e-03
7.277896080835892945e-04
9.527211390588980920e-04
1.819715182143777019e-03
1.531616173444429879e-02
7.679231476085074046e-03
1.403257818924692367e-03
6.166240228879332069e-03
2.791953872953827076e-03
1.482794067520480999e-02
7.981462587320220167e-03
4.802393639947664591e-03
3.472844991676996267e-03
4.439123582532330213e-03
5.158758563525283128e-03
5.149843464923677984e-03
2.074264499427851821e-02
1.705775655677332393e-03
3.655098479515853094e-03
4.071788993552829215e-03
1.987236641021711617e-02
5.196191173426178110e-03
7.794304497185489990e-03
-2.616057486690929069e-05
1.082532910351122028e-02
1.110482877223404816e-02
2.689309284675572842e-02
4.994995984391619771e-03
1.264392614522542174e-02
1.838705380214222893e-03
9.085402303607787583e-03
2.779385246634408311e-03
3.668981971637754608e-03
1.407577050927067558e-02
6.638430695148373611e-03
1.301034272300196238e-03
6.413280144217738815e-03
8.121514367584412378e-03
-2.750575757734955839e-03
-3.112751256187658408e-04
9.608752447647403439e-03
4.161106794791666862e-03
1.513784472802270735e-02
5.514347090346155209e-03
9.317166006241594037e-03
1.430268970073608065e-02
4.697600750131714249e-03
1.049579177512387912e-02
3.275395395362239431e-03
1.170556058425350696e-02
1.523414178076144473e-02
7.820392209390762336e-03
3.409699864251170172e-03
-7.190327880215155367e-04
1.450970813159650243e-02
2.157589706575857406e-03
-1.957624967143245954e-03
1.691489110637762680e-02
1.102281333260509907e-02
6.461805079239939416e-03
3.455361341707883886e-03
1.524261579908013815e-02
4.596409799930940908e-04
1.076196029368717451e-02
2.330702464104718666e-03
2.212969514915444878e-03
1.208556865923600138e-03
5.789157436221563716e-03
6.483165038957598367e-03
2.885066236677390726e-03
4.739882882278649394e-03
2.310765802478001799e-03
8.414880212513453465e-04
3.978595491084144405e-03
2.827034156399199768e-04
4.652559106121967672e-03
7.031504327124469926e-03
7.241767379742289346e-03
6.241929985170946785e-03
1.363268270266454821e-02
6.222443412694332945e-03
9.794142339001048192e-03
4.221178603780395382e-03
1.526565042293316111e-02
1.043440239467888567e-02
2.556552744471665868e-03
2.478552225142335082e-03
1.418100874778232580e-02
1.344884295132865162e-03
-1.989687359268130402e-03
1.613903443382254041e-02
1.249571169969240780e-02
2.603565505906371702e-02
7.166686584113345082e-02
9.139572884608964526e-03
2.061641502655740116e-02
9.347879557655081745e-03
2.969779390942198574e-02
9.635796137017135776e-03
1.510736998953713522e-02
1.188698077338941339e-02
-6.441022778330141030e-04
1.326857271177272340e-02
1.241327818468887468e-03
8.523773055676346459e-04
1.211030866081760438e-03
7.920556956229904758e-03
6.961770907727001141e-03
5.272089664230663296e-03
5.345558301821816058e-03
7.574337825716041979e-03
1.996359695111361160e-02
2.252693277068691831e-03
-1.949025060344912940e-03
4.191767431260583557e-03
9.485431866363096395e-04
2.941927642234391099e-03
1.568167599328377376e-03
1.413865914863275154e-02
9.262670362928542012e-03
3.907312090715615166e-03
1.011764515434631501e-02
3.561128034203823577e-03
2.113311159867168644e-03
1.630991598145109436e-03
4.520573508296416194e-03
-1.520160291321097455e-04
9.613035416135506939e-03
9.018813848482480980e-03
1.021121262560159906e-02
8.732511487128044592e-03
8.292865116769847222e-03
6.282731365933444303e-04
6.362713567473127392e-03
1.530111550738036050e-02
5.544786695789772485e-03
6.495221812257213553e-03
4.600263828023594403e-03
1.637290467073415287e-02
6.923091449360290004e-05
1.463116162109756938e-02
6.196990294919557836e-03
7.157663349468848697e-03
7.700830003363546075e-03
1.650280638444823547e-02
7.207133791543400385e-03
3.327293501136525770e-03
7.484251992552959018e-03
-3.518206198456722694e-04
3.840123401422525402e-03
5.937826915844218387e-03
1.883004243737883363e-03
3.895299857880743510e-03
-1.693059173771132263e-03
2.284606344885101517e-02
2.259247999074114489e-03
5.380103067164324071e-02
8.542972578235608072e-03
4.728784763975116268e-02
3.763027666836148838e-02
3.969646227877617756e-02
3.673388901513279653e-02
6.583166697434491774e-03
1.296805190584715377e-02
1.221159127526569906e-03
2.273555833923380891e-03
2.002232604358728310e-02
2.508399273821518630e-02
1.634159145464964685e-02
3.190505331986939752e-02
1.696681227635816677e-02
8.043887307161450353e-03
1.542773203257575589e-02
1.843432394571275709e-02
1.216292322964134150e-02
2.294136552844166285e-03
6.167889231530070040e-04
2.921347721652195126e-02
4.931361679831804123e-03
9.942761421833977084e-03
1.157204319130221383e-03
1.135228101230300810e-02
7.128212210669818485e-03
1.010978256351321818e-02
5.478717131084003163e-03
8.269159043004450579e-03
9.457362022455041706e-04
1.135698954625635575e-02
-2.796354929133724847e-03
1.781669293845439608e-02
6.097863138739977734e-02
1.116076561249564336e-01
8.056212567886513951e-03
2.284554631019317453e-02
3.888834307417731589e-02
8.334457433154217332e-03
2.470773192149987307e-02
1.697278182667210505e-02
1.434031348593104577e-02
1.375721621125840927e-02
2.385376356003283613e-02
2.635544137131269095e-03
2.397749172687310693e-02
1.965692301307069793e-03
1.002555900103106745e-02
8.631547609465812718e-03
8.773602696451887617e-03
1.421273379269611878e-02
4.051602782935393235e-03
1.190205697999144156e-02
5.573465291668001920e-03
1.015411918162808548e-02
1.354126734159592088e-02
2.335116682657507187e-02
5.439540420524151612e-03
2.344418196003433472e-02
9.734640589770360286e-03
1.521780351947417398e-02
1.767351498904355667e-02
1.103183711755920809e-02
8.575222408083581216e-03
2.912160123379218309e-03
8.887079971120403696e-03
3.229276660001408235e-03
2.630608681495735096e-02
5.818691724466253882e-04
1.395577856574498413e-02
4.872081395499950826e-03
5.088329900830587151e-03
1.543820130437194640e-02
2.785038861613461925e-02
2.090294471049429850e-03
1.273353329570182414e-02
1.006017577681118588e-02
1.449958216819395920e-02
5.883987808216219889e-03
3.107986500595623716e-02
1.569114937536575643e-03
2.973499320753062933e-02
2.171398707661065328e-03
3.228781310056489610e-03
1.030614809758536796e-02
6.381084000581198692e-03
1.612992109936028755e-03
1.282333012818601299e-02
1.213264551928792782e-02
1.874812095012403160e-02
1.203157502055856969e-02
3.038324850546596928e-02
8.641671594350907757e-04
9.679891010056637310e-03
5.027436894248522165e-03
1.934538517886251821e-02
-1.424866156629850909e-03
3.355431455564711254e-03
4.370121192777304785e-03
3.756421806587803298e-03
2.786538833230856743e-02
1.185455265881018433e-02
1.570558480773909509e-03
3.335294854496620442e-02
4.911255172514631707e-03
3.504937829910599947e-03
4.247852609626943422e-03
1.897535904529935435e-04
1.619269297860335272e-02
4.360838140337364686e-03
1.940967069417004953e-03
5.604397295368665835e-03
9.849549006973835549e-03
1.143577931107539816e-02
4.347380322781566747e-03
2.100611340644533906e-02
2.881021191453428301e-03
1.686209656678807831e-03
1.425982132040337809e-02
2.543928760365870081e-03
6.823296709378872879e-03
4.384891931228280387e-03
3.094161771153200978e-03
1.014766959050222850e-02
5.768210101471298555e-03
1.054282929505404032e-02
3.526809285903111189e-03
9.391314391913516829e-03
2.875919162013045125e-03
-3.167136019931427252e-03
8.639329603189048468e-03
3.554437880921489101e-03
9.727252196733680596e-04
1.880281626066096783e-04
3.301727859698413547e-03
2.642610662082632740e-04
1.132845087070093008e-02
4.236547095626182549e-03
6.425406502760228240e-03
8.172667098658086904e-04
3.714045499075529187e-03
1.050390028216775622e-02
4.311249920499028720e-02
7.679239875252308160e-03
6.230175960332627778e-03
1.205000249575104501e-02
1.785478471026554631e-02
5.356147847423125934e-03
1.169349015938422193e-02
3.943334106771592164e-03
4.934405752926561591e-03
1.308272528344619871e-02
1.011080467451608809e-02
4.381411553331766677e-03
6.537588638450328839e-04
4.277874375846041008e-03
8.283362906633584891e-03
2.200958436584988902e-03
8.902842463687443697e-03
7.659993187028570072e-03
1.126637927458946746e-02
2.937857100017243935e-03
3.740209094744899408e-03
1.056383152465485047e-03
-1.988488260859179913e-04
8.544529946474149415e-03
5.358851485271701708e-03
1.574277979162891361e-02
-2.388813464933824127e-03
7.981526508976370671e-03
9.672879136025245433e-03
3.178735219929897018e-03
1.156952486630069207e-02
1.565780107294878834e-02
2.051915402430200784e-03
5.823563862159208959e-03
-1.738555481186663566e-03
1.518778485735244920e-03
-1.144804649297292065e-03
5.977144451942435072e-03
-1.828813566692042130e-03
7.891023270710862195e-03
2.722391832528581451e-03
1.252684530857792406e-03
2.271487805327078013e-03
-1.343324680559312371e-03
4.775787846151932788e-04
1.489523184051479111e-03
9.481371387625106215e-03
-1.247907453285292470e-03
6.402537744052522531e-03
4.450383308912579140e-03
-1.030032216694000153e-03
2.840252191784616541e-03
1.251811293843735351e-02
7.338207579909807911e-03
6.768072229190398408e-03
1.752894416117593834e-02
8.606152275361961257e-03
7.655938858447808651e-03
3.041040727742823531e-03
3.758242158970635446e-03
1.216287572989758212e-03
1.481608706450860844e-03
7.180356696522048957e-03
6.733340539974124427e-03
1.509510346055529433e-03
2.691928566333261219e-02
-6.732623292252209709e-04
-1.378740709532483375e-03
1.459440927419689352e-02
5.025215454838799847e-03
3.058202279513846846e-03
2.855874374225083646e-03
5.540861845045759286e-03
3.488779428798402180e-03
2.619766997301967940e-03
3.595965016398847136e-03
1.638442625342279631e-03
3.034698693232421723e-03
3.753393575980885216e-03
2.080459917932276151e-02
1.513345365850439061e-03
1.425424626730480322e-02
3.290647493124672883e-03
1.267555112651443366e-03
1.833376914748680725e-03
2.800716003525641554e-02
-4.195588604364171000e-04
4.824960298972072459e-03
1.067918669549174429e-02
5.419336116172461700e-03
-5.504289920648416760e-04
7.410808525320371036e-03
-4.890381938864654925e-05
5.209962780126964170e-03
5.231656093872473490e-03
1.383395591647161322e-03
3.681587618907079069e-04
1.890289969914414918e-03
6.837414611653208543e-04
7.613449662098013132e-03
9.696656861758409102e-03
2.688684381026447585e-03
5.166961246464310195e-03
1.093041657605066559e-02
1.186433312209109886e-02
5.169149059021376814e-03
1.887382857477650248e-03
3.858602682843087668e-03
4.015547078300271168e-03
1.429044899051463979e-02
4.047586998633229648e-03
4.176728445990136526e-03
-1.583281140266698398e-03
1.528422282529005817e-03
7.140542842785097943e-04
2.655106434220723573e-03
3.257756803332475734e-04
9.209499055215124904e-04
5.100089961021498849e-03
3.453754104041507466e-04
6.473624186064314001e-03
7.172424632214012205e-03
8.310205986753717994e-03
9.733676310406181795e-03
1.493488972682581895e-03
2.149103091024777857e-03
1.438242618536371593e-03
1.979731297507932117e-03
5.901519186532973131e-03
1.917615126732363784e-02
5.615521665022424336e-03
-2.834990904008315594e-03
1.080884933800740563e-02
1.492120692355346570e-02
5.433301581614107326e-03
1.899154999426866689e-04
-1.371283667108245865e-03
2.033353593983572641e-02
5.712760365000455962e-03
3.703572069460970423e-03
6.101130977332279957e-03
6.121030293928048311e-04
-2.817995544985565579e-04
7.525113984239494101e-04
4.295536081171044684e-03
8.250318713648403801e-03
6.724892889708130629e-04
7.961693023857617860e-03
3.969653253953686275e-05
1.326219373834652045e-03
-2.523918017257373043e-03
1.721644251523370313e-03
2.319109325241622450e-03
3.069303661333600951e-03
8.624801048828139097e-03
3.745360849167259608e-03
7.175326237710846983e-04
1.579318730943424405e-03
3.278239704138203973e-03
7.876013546092028653e-03
-2.887764833591616436e-05
-1.877900490217405949e-04
2.715888631139736029e-03
1.120902677778532613e-02
1.602792873624428894e-03
1.126560293767855069e-02
-2.169894521670073361e-03
1.633734941273697408e-04
4.285109090279747707e-03
2.759977775549198476e-03
5.927553814199184971e-03
2.012802953746303108e-02
4.013013913941898894e-03
1.025089585136356764e-02
1.305470210416917118e-02
1.055885659822354203e-02
1.234654878069626951e-03
-1.283621398528383235e-03
1.951616016229035678e-03
5.038031677608308979e-03
-8.750592567032722171e-04
2.672922399046211324e-03
7.341138979736850333e-03
-2.408778862057334678e-03
9.445417908817254748e-04
1.191924035891163934e-02
1.749742911650723973e-03
3.453599284574971348e-04
-9.452148882144379739e-04
3.543344154221118435e-03
4.536681704055441425e-03
1.030290916869224102e-04
4.494981673984104961e-03
1.932532704390278787e-03
2.200746317702743406e-03
1.003087556732656883e-03
3.008891354538110324e-03
1.841247216125605976e-03
-2.990104551836264123e-04
2.895733151558113009e-03
1.453116965661031563e-04
4.372617825573807751e-03
4.719620115012923556e-03
2.223367909071416199e-03
5.855578978920749321e-03
-1.007939523543321773e-03
-1.066798728923971625e-03
2.245140819922104240e-03
2.412015478616275944e-03
-1.845412058061615462e-03
9.924276945209071707e-03
1.481514827073775360e-02
7.900074926659571978e-03
-1.610790378126126946e-04
4.238559229721699378e-04
2.809182800328942787e-03
1.076910177502726209e-03
3.222893730009570266e-03
2.666957142238926982e-03
2.759591844548998484e-03
2.840747778207437964e-03
1.421917240214406065e-03
1.747604551450657965e-03
1.474986186145088238e-03
1.892512874980161732e-03
-1.095256753249371044e-03
3.507717078629064671e-03
-3.231798266539811625e-03
1.430099595744815238e-03
2.126289254109906685e-03
3.310610949842765494e-03
2.207956757984208453e-03
1.955812091166379916e-03
7.348340163119550066e-03
7.449142833273400544e-04
1.889512584408402840e-03
1.691124727169365100e-03
2.147612536004543399e-03
1.374186675158294403e-04
-7.136302640452598690e-04
-1.931894863175297270e-03
1.563944279536682701e-03
6.132833551803288904e-04
7.864240966332686385e-04
1.062856434835920613e-02
5.816974889974215780e-03
2.027985729240539751e-04
9.396167738288115079e-03
7.571524394227135794e-04
-5.382883220793554212e-04
3.585434739665873879e-03
1.086164840400162361e-03
-1.472641239692614942e-03
3.920970258457470020e-03
-2.691983029656926443e-03
-1.140205692699411107e-03
-1.302068377261878830e-03
8.674832605777546340e-04
4.722729733788685359e-03
1.138721519739892165e-04
-1.830862637717449535e-03
1.530856766337690498e-03
3.552209746773341264e-03
1.683174026644244925e-03
-4.008568511803737092e-03
3.585489684165818047e-03
1.239125274728358110e-03
-1.384811713395199366e-03
-1.963643687968979687e-03
1.708415838338412165e-03
-9.912132031103361787e-04
3.622637652452118974e-03
1.477285407071626030e-03
3.376429355869365028e-03
2.015613130882398102e-03
8.044710615668068665e-03
-3.038618088747727791e-03
2.650663996592671819e-03
3.782080519524362930e-03
6.703133156648580400e-05
3.623902233511154536e-02
7.737560540230116468e-02
6.270745702444731166e-03
-5.209942395966539463e-03
4.251484872334549900e-03
2.060598529161952394e-03
8.649717525847379004e-03
5.600860196909293598e-03
4.831328831251324903e-03
1.812354817516842811e-02
3.042067766583409025e-03
8.229392514049079649e-03
1.791200653748866627e-03
3.547857616895853591e-03
6.036023756089563090e-03
8.163898367396119765e-03
-5.163217544987267122e-05
-5.120558139802676044e-04
3.126824541386370900e-03
-3.401935925271862629e-03
-9.143459542359979458e-06
2.824090780746794059e-03
3.766471193429760025e-03
8.414521720951913947e-03
-1.186325211569088647e-03
7.041559773846857440e-03
1.945940901731748121e-02
6.684504262027479542e-03
2.366054073382778834e-03
8.564635005255595568e-03
2.362625771183378583e-03
9.534960441516924677e-04
3.882415977313683278e-03
3.112599626081141322e-04
1.021841929615741572e-02
1.343185241773282163e-02
6.706587546241185062e-03
7.370173426187466223e-03
2.308211029474997863e-04
1.635798481390704842e-02
2.915952107568807027e-03
8.407911005217500594e-03
3.873056992338428164e-03
8.522399819023486131e-03
4.700848683383915955e-03
4.433539288320425056e-03
8.205114606558837342e-03
9.138972905849937142e-03
5.009901760864715614e-02
-8.113101158193197424e-03
1.360358617271799353e-02
3.076006165999298127e-03
3.440890011876848731e-02
9.034719124352328865e-03
2.485776416134055644e-02
5.641496578457370729e-03
5.718438871718473614e-03
5.051378568511015639e-03
1.261474940091772065e-02
5.723663532882445129e-03
4.168560802725116386e-03
2.815254850187439654e-03
3.239510824560640212e-02
5.346401582513094809e-03
-1.979297940147990795e-03
-1.254410467043221662e-03
9.744979510421076033e-03
3.081791960265036281e-03
5.071647413385317604e-03
2.328033056683177088e-02
9.808748226950397657e-04
3.832280631523387812e-03
1.199990361794416645e-03
3.711859686885472191e-03
5.028755507841471337e-03
2.272356919088842474e-03
1.834834698210612621e-03
-2.080962840265814830e-03
2.703527033279264601e-03
4.958993665167365063e-04
8.325534481243845875e-04
1.986355455080640684e-03
1.874534067647339042e-02
5.384470643538140019e-04
9.335820334437460247e-03
1.551886953147737537e-05
2.203190890813330055e-03
2.004598597225617715e-02
2.845296301636055306e-03
1.479284562464078766e-03
-1.316142214214927227e-03
2.547891083741141670e-03
7.032221211560255383e-03
1.380857549453995414e-02
5.662567156072792138e-03
1.485596211518583516e-02
3.448817676825370127e-04
6.764442030776420325e-03
5.483775175442666232e-03
1.055832364849829119e-02
1.029196619460896397e-02
4.647021632106443888e-03
9.432395059536359885e-03
5.123729549652565260e-03
7.501578919507189205e-03
1.905317610391768935e-03
2.066410156745071211e-02
-3.512762860949155720e-03
6.466236044618129709e-03
1.697153683066908447e-03
4.311124536128941448e-02
2.109383281864887598e-04
2.754458755285737678e-02
6.144478582188681037e-03
3.681263226545839536e-03
3.113880004448291421e-03
3.164557664861403913e-03
1.736281951436029029e-03
3.230221433806814389e-03
1.195244512583493179e-02
1.074267148231543290e-02
3.569129599728247410e-03
2.874628925448108937e-03
8.116477387086561135e-03
5.435997547623074196e-03
8.025889237225301495e-03
9.233031129986619609e-03
3.643253771941211850e-03
2.778730024954129130e-03
2.251847588432840178e-03
3.158758228938290426e-03
1.157534099598780952e-02
2.616971757861664104e-03
2.300860222549501021e-03
6.266444953005522074e-03
4.632593582921257225e-03
2.906031802701521897e-03
2.424192627573398991e-03
-4.135773955089529956e-04
-7.137467392797117952e-04
-2.610607919121881934e-05
1.403931239136636810e-02
2.334654815621948262e-03
8.872189188977063542e-04
4.979517602707745835e-03
-7.040305435276415346e-04
9.277730736785137766e-03
8.501826167721006008e-03
2.077692504285010358e-03
3.916419715096217460e-03
4.283197043525859005e-03
6.760736687879497116e-03
1.915079841492451545e-03
-1.552182487251475970e-03
5.485702678326420927e-04
7.290498166991838183e-03
1.951128182196027903e-03
2.749332507556130969e-03
2.174909328172319224e-03
1.586656699657680190e-03
1.787673103857869176e-03
2.442295540900078343e-03
1.137360911266206177e-02
1.563165643948013876e-03
8.772199223201611329e-03
1.018095563619351605e-04
2.762639563317191398e-03
6.053389160770402365e-03
9.650480429169815480e-03
6.757225876484626581e-03
9.147112364194359344e-03
3.584186699067160118e-03
5.028976639907297395e-03
6.403054129353140649e-04
2.433980989704460831e-03
8.933849615392215268e-03
6.994605132716335411e-03
3.025356964730861482e-03
2.267876826764156535e-03
3.826638823661713314e-03
2.737997898979480527e-03
4.089858122321050025e-03
1.869247485080234540e-03
1.454985922683446967e-02
-6.893847102115570162e-04
-4.826456023091753246e-04
6.402801941645924928e-03
1.344234084123781866e-03
1.009690896716783446e-03
1.201744146951315255e-02
7.451190394445581996e-03
6.968347320345945686e-03
1.713352802451349093e-03
8.140310852885653805e-04
3.764663173197247466e-03
5.894872432659583293e-03
3.417296972251111873e-03
1.199653653985920110e-02
1.054835987380431730e-02
1.907981800701340084e-03
-8.574588928324353328e-04
4.632847821862451192e-03
1.013271652050912013e-02
8.289858169628917242e-04
1.253246952237308323e-02
1.258343469491214877e-03
4.011943603036094604e-03
7.534825710291110853e-03
6.542380008377780658e-03
2.778773002975881267e-03
7.616772658511874322e-03
-6.486132476359351192e-04
5.934344494903533336e-03
1.160804119116892567e-02
6.399937358566093124e-03
3.302913359581289860e-03
4.594712705576386308e-03
1.853797751682166942e-03
3.270985335932734446e-03
3.618913090153107713e-03
8.219377729943917743e-03
4.567464502171963113e-03
-7.312623942069121146e-04
9.268952961627247022e-03
2.165959263997087932e-03
9.489795677693190499e-04
4.729269911642738217e-03
9.926432647442480928e-04
-2.067396249736375233e-03
-1.606516126739198887e-03
5.290033904375364068e-03
5.951430953717333147e-03
3.660401566511165428e-03
5.759878636042803021e-03
8.408394337469737509e-03
5.399245856296227067e-03
-7.079021639778374387e-04
4.288947740681251994e-03
6.874463198419200269e-03
2.688825313085100970e-03
6.154455149424181877e-03
2.574188240472828106e-03
-6.457832811154495291e-04
-1.401807922560760564e-03
2.586391713053861133e-03
1.726593316088305928e-03
2.187565573321909301e-03
7.424423028049930741e-03
6.263385675153727416e-04
1.405802729658356138e-03
2.993629017093484869e-03
7.058185657822472515e-03
2.277493018327956999e-03
3.816142301660163010e-04
7.656494527628955951e-03
5.082170710124350385e-03
6.619683786478294286e-04
4.589089427572147148e-03
2.942985171815690974e-03
2.599685680234308134e-03
4.643092547480740136e-03
6.582176188767837645e-03
-8.694533051332976013e-04
3.082405925120264983e-03
4.681612150710148280e-03
2.265694723419745069e-03
5.258264059986166548e-03
2.863637509802994998e-03
1.732864513108530249e-03
4.217363040352496532e-03
3.741146707124763790e-04
6.928110176850634742e-04
9.747813526814570403e-03
1.594653643671066880e-03
5.690191724588249469e-03
1.620811695114275381e-03
-1.604169030868538319e-03
1.958931506665222491e-03
-8.138341525692701934e-04
1.935618562247367431e-03
1.960908025818749404e-03
1.783626111497078458e-03
1.146243750605056670e-02
3.242090749725376822e-03
1.879973019054800767e-03
3.408100242386068526e-03
3.912300842171971874e-04
2.562642127257840508e-03
1.044570899324350757e-03
5.987547099097491679e-03
1.725271765916587758e-03
1.472684411433501346e-04
2.188329016425867753e-03
1.558241574763107908e-04
4.042255176334425167e-03
2.325272156032892959e-03
9.772975786791814144e-04
1.818118105140841424e-03
3.830038709873794748e-03
1.369533532399555553e-02
1.064877156129828781e-05
-2.716206953975188430e-04
2.338329238330559600e-04
3.536269052400093683e-03
-3.136355056275467101e-04
6.245064422269285117e-04
-3.148683316028560086e-04
5.486889982338709511e-03
1.871571217585661553e-03
6.580688323924952518e-04
3.061743424909975711e-04
-1.619262413192297436e-03
2.924671854160231042e-03
3.448303457452741704e-04
1.290638323426617070e-03
9.411846536290919413e-03
3.445437948069664420e-03
4.718630840249262229e-05
4.229246402142577792e-03
9.633582075917117987e-03
-1.108018025621520966e-04
3.275433845706473938e-03
1.220230696236840415e-03
6.758615204019521698e-03
4.810357190821670445e-03
-1.000927143159111390e-04
-1.650847846785528841e-03
4.698713300796712386e-05
3.124006670951432352e-03
2.604165583126171347e-04
3.005485438798029176e-03
1.534220719475224608e-03
1.822994758897536049e-03
2.026058872739148163e-03
1.911809067680778507e-03
3.812544912270314588e-03
-2.804660584387987164e-04
4.702556297968118158e-03
1.256538987305774648e-03
4.375484302400802980e-03
2.093393226387438126e-03
2.322002789258753933e-03
-1.149887844879293308e-03
1.290474122091983067e-04
1.568785400083611047e-03
7.365373175345156075e-04
1.110095262253469337e-03
-2.261594426474837667e-03
1.966482625621929561e-03
-1.717816950082961679e-04
6.366726963958848143e-03
-7.371898323781721587e-05
3.553008832240398419e-03
8.758674325924835444e-04
2.670829471930500319e-03
-3.686290638130728108e-04
2.116758663549837740e-03
2.202401836327091880e-03
-1.641282142515032095e-03
-1.347634192941901937e-03
2.897718099128112701e-04
2.097172535012810542e-03
1.924731316150336000e-03
1.920358314723299552e-03
4.609183713932327522e-03
6.848903719942711719e-04
2.512124191519686956e-03
7.399632952055185293e-03
1.787802330085968769e-03
4.399381664431992016e-03
5.803019259589405933e-03
1.083889741672282823e-02
-1.961308350423363218e-03
7.583603405105249218e-03
9.802749241383591425e-03
7.450577952241722000e-03
8.611813493404117323e-03
1.883280660460134913e-03
9.424958759679576831e-03
1.344843299875395862e-03
2.080924546858458311e-03
-3.790246137424201512e-03
2.441543716375125465e-04
4.992797645404568538e-03
4.632506506041359634e-03
7.315988587112148660e-03
4.359352208339458898e-03
3.546277526771292841e-03
1.996448023798206087e-03
9.817122732814014506e-04
4.667501556048111316e-03
1.843959594288700765e-04
8.968644636309549764e-03
6.549349305485716033e-03
5.787462333878417046e-04
-6.748301503299118913e-04
1.087989316484671426e-02
4.652216551407465945e-04
9.478275427176165516e-03
5.345388128905450079e-04
3.909620899398806235e-03
-1.884175822293534131e-03
1.556272406560794182e-03
1.206577825926336868e-02
-3.382666877278635038e-03
3.199702622717710745e-03
-3.013913568006047587e-03
2.432903001713016163e-03
8.593196148421033270e-03
3.789888878787141518e-04
1.513072282507849434e-03
3.854765931982831635e-03
2.175069134175689270e-02
8.246116723380788813e-03
3.702307090454663024e-03
3.135427964088181667e-04
1.290636819548420400e-03
3.691317637179049923e-03
3.851718829464807238e-03
7.331389597717827278e-03
4.097957502592329895e-03
2.501017334115445724e-04
2.431583791453843617e-03
1.285032494409614305e-02
3.672157164979431270e-03
8.834820243486999833e-03
1.117282380428739202e-02
5.583506335895885991e-03
1.073245080777922474e-02
7.510754325839206439e-04
1.297807664061868642e-03
4.758506663302515365e-03
4.872190202705548728e-03
8.107067795221436363e-03
1.153963633663924147e-02
4.816150101506379635e-03
1.246478538834257417e-02
1.196220416068183474e-02
4.894795505111062747e-03
2.094830354148542739e-03
6.211609968812026143e-03
7.257515479788454165e-05
7.026130715617721553e-03
-5.596432885562371406e-04
8.397332194715830672e-03
1.774240334749520309e-02
5.737351416535516058e-03
7.880734275602867267e-03
7.383084923791613345e-03
4.086113311221348764e-03
6.026131169771152757e-04
5.541926240643235343e-03
6.340694327535388586e-03
1.617830485721805100e-02
1.438877007803162321e-02
2.542709819448399529e-03
8.354123901237497582e-03
1.650864819211314821e-03
3.918186676643645346e-03
1.281566898870431688e-02
3.169527026773033551e-03
6.060519988415780969e-03
2.536351214826889191e-04
4.831449365259927152e-03
8.207910315112724661e-03
1.282018374629791645e-02
7.971518515673158608e-05
-2.511482939916322285e-04
2.780063988302483840e-03
3.962166479801863643e-03
1.981272251749416520e-03
2.611690685513384184e-03
3.160095013219587669e-03
9.032582592509203097e-04
6.883703035543472376e-03
9.544562020886923626e-04
2.840364483357600209e-03
-6.242693380673872312e-05
1.471974992581191917e-02
8.004388903912953036e-04
9.184818539067374915e-03
1.982327529476550802e-04
1.667668133390099935e-03
-2.723838935744504470e-04
3.810360765695834911e-03
3.088313504737517055e-03
1.497883145533786438e-02
4.189901336790254754e-03
1.203200980617802861e-02
4.695975263412466121e-03
4.082962220170408690e-04
7.635491041076449860e-03
-4.232089333986634866e-03
2.737789355325088384e-03
5.419349923511803876e-03
-3.825993481506513236e-03
4.461001596234377871e-03
5.697106388339187588e-03
5.480967666816796008e-03
5.695451371605517654e-04
6.275615796540804682e-03
7.545095254514536977e-03
6.064069440066424330e-03
3.275048726390819044e-03
1.264829889260199632e-03
-1.172629093353586157e-04
2.051228291671834247e-03
6.420719791673386648e-03
7.965350482243498120e-03
1.188735654442063050e-03
-6.243841037795736567e-04
4.208484549852533479e-03
6.390350294495325198e-03
1.046041358704741416e-02
6.759870612500489418e-04
-2.760893514535746850e-03
6.252261881883542163e-03
2.646944078255959471e-03
3.735722114428480060e-03
4.496760031722045817e-03
3.845746898734295899e-03
4.056618071148028123e-03
4.007833167960865410e-03
2.048657828304329808e-03
3.655049361714211159e-03
1.206905819995132516e-02
7.766539591094286836e-04
4.801993172211894111e-03
3.454623083103513636e-03
7.951467741104424614e-03
-1.713136070040944267e-04
1.636110551376529368e-03
-1.004315633225773665e-03
5.720248495346499755e-03
2.223780257213201546e-03
1.941482824375542890e-03
2.208479449401497523e-03
-2.126955675523968178e-03
1.790092983243809360e-03
5.713478896339357904e-03
1.196083846063310252e-02
-1.030609173156148313e-03
7.140248184821770599e-04
-2.163306456383246121e-03
-1.544858456687620528e-03
5.721744857450954819e-03
-3.794258671769315744e-04
4.305941948266145923e-03
1.156460521172578181e-03
6.283148376270174858e-04
9.348474792180599176e-04
7.252736539423241396e-04
3.256607850537206975e-03
4.213409597511714143e-03
7.807786241007309315e-04
-8.976423122288141286e-04
-1.942496586656299214e-03
1.404596999639206277e-02
1.417700511154554701e-03
-6.902278001655103110e-04
7.579726016010695112e-04
9.011479082881366023e-03
1.315193474546033419e-03
4.686308105936403887e-03
2.016595559513934682e-03
4.566051223594229727e-03
4.559289167867691325e-03
1.683999269876157922e-03
8.201224942373460530e-03
2.595271796539461683e-03
5.789320845864920351e-03
6.423627235480592820e-03
-2.159768093926252362e-04
3.949479245058676790e-04
6.073407667879308566e-03
4.826495443544233550e-03
1.651610781735114546e-03
-6.851153564140915206e-05
1.330140760238401800e-03
3.790884847466922600e-03
-5.806919071895874900e-04
1.801139472407978399e-03
-1.777239969519367902e-03
-3.694197671227238047e-04
1.329356239637943023e-03
4.317050440789030503e-03
7.483597422227939930e-03
9.411749236346479350e-03
5.406904584564028830e-03
7.063636972304139202e-04
8.122751901738971356e-04
5.228613000914657249e-03
5.434176289115432747e-03
9.912092566274373698e-03
1.326695707634193561e-02
1.470278278497039876e-02
1.459260439012836919e-02
4.795154794485212250e-03
2.199739976258554067e-02
1.436311924254025756e-02
2.865836771613126336e-03
1.816080834382993552e-03
1.356082201586980909e-02
3.381545609753037682e-03
-3.262172995477779234e-04
4.968907864896010551e-03
4.325301265764957062e-03
1.012689645224462611e-03
-1.686016071255431927e-04
2.626863615951171693e-03
4.585315381490938412e-04
4.562553643245121672e-03
1.056410504727418008e-02
7.723251405030646596e-03
8.380416146896864371e-03
-5.305048782112715012e-05
1.331962494935404195e-02
2.563783071451626767e-03
8.329518344988254275e-03
-1.499767175203402074e-03
1.752450963182685187e-02
4.980139289719311222e-04
1.242960012851907631e-02
2.386360074033732834e-03
2.185715342916063827e-02
5.957182645637527918e-03
3.876455998763023245e-03
7.242660415636367061e-03
3.747495610969723157e-03
-3.016097724703946294e-03
1.732489293367988356e-03
2.111747315338736650e-03
7.516400686608196852e-03
8.025797665996875149e-03
1.049761583046992597e-03
5.260912036502838479e-03
-1.572006472914471396e-04
-1.600012312826780154e-03
7.135307505657029724e-03
6.038703788787682172e-03
2.855784901246765685e-03
2.179678750287418129e-03
4.497554866034627653e-03
-1.909326333886634522e-04
-1.132121009338228146e-03
9.609597402459289089e-03
2.313393289046021453e-03
4.774697664619002684e-03
-2.037105432431937906e-03
3.570245586492881815e-04
9.521299246953107698e-03
1.257143845900474512e-03
3.303247723474830107e-04
4.752164810932231866e-04
3.266937126556441681e-03
5.596966449930723848e-03
-1.163055625871511596e-03
6.893776892034628352e-03
4.678664329347728690e-03
2.332869578501471555e-04
-2.387940124614516043e-03
1.722957610216012273e-03
9.130252635379420461e-04
1.572998272346338338e-03
9.651906907657728085e-04
3.600256468339875157e-03
2.930683252476930321e-03
4.560925049516788635e-03
1.389266417299572613e-02
4.875342555467721689e-03
4.144516436467832578e-04
-6.577497562835513080e-04
-1.137694757923216450e-03
1.169259470500061925e-02
3.930095309520527033e-03
2.459496549459086988e-03
1.066979499219634225e-02
4.477991576460460706e-03
1.096009904713897073e-02
5.438203907135794393e-03
6.043849573600209224e-04
1.761176714286694176e-03
2.629583878889063531e-03
4.347849045073338276e-03
-1.542108523928366554e-04
-4.944087274111503031e-04
2.605579324486885073e-03
9.997377395331626809e-03
1.191119667827496027e-03
8.358134944809450864e-03
1.559107917757005142e-02
1.595597747380324760e-03
-2.906236273611908279e-04
4.045819853673364615e-03
1.517548207714879832e-02
7.496000058574174216e-03
1.517213844792086180e-02
-2.551583291995972603e-03
9.253941929040656808e-03
-8.126744062472223773e-04
7.243657839234085571e-03
1.080375717113230341e-02
7.643110076702121919e-03
2.856863955021166600e-03
-1.484209621751214105e-03
9.172063993332289084e-03
3.773732193836254467e-03
1.099787537514537381e-02
7.073183436000064425e-03
5.028554001949729624e-03
1.053672637532815891e-02
1.185668608446894222e-02
2.948507084922107925e-04
5.084269551400027835e-03
1.914828633054300316e-02
9.412637613978940346e-03
1.654363938625725422e-02
5.806192565103960972e-03
1.121634928797982447e-02
1.493132235158813742e-03
3.931560362048268711e-03
1.093574000231372495e-02
1.967008053350213694e-03
4.057033411841133065e-03
6.365855584389925464e-03
1.097168159617692689e-03
1.066564777711184048e-02
4.628573159912683331e-03
8.552895136740996593e-03
5.492956489658917807e-03
2.030291552185663987e-03
9.223061341349118522e-03
1.938712160838019106e-03
5.208698950583886232e-03
5.084203867042349188e-03
1.738979734324477616e-03
2.577534734682927590e-03
8.573723741213106625e-03
6.320841392498830098e-03
6.820815784655011576e-05
-1.293614979965580693e-03
1.057407141551057559e-03
1.323148206490934627e-02
1.623320053515064920e-03
-7.356554756273921700e-04
7.702685811324929896e-03
3.378736596694652695e-03
3.921955575447699446e-03
5.784046535517849835e-03
1.121130633628269341e-03
1.050611938772155404e-02
1.203953867292470057e-03
5.768668261507401904e-03
4.487836170046867251e-04
8.625626715818159040e-03
5.799326754663317561e-03
4.652722314908677888e-03
1.716970805491226625e-03
2.309925232295604626e-03
2.040390947463052024e-03
1.054640098845341378e-02
2.454010458280873278e-03
7.194319822709482589e-04
3.667005745294820741e-03
3.324873372518880000e-04
-1.164574319519899939e-03
1.417310775869871789e-03
7.273796023317169283e-03
5.999284104153954252e-03
4.374743251373168322e-03
7.319425781026940234e-03
2.866445909439832920e-03
1.293342671336124555e-03
1.026782011664189535e-03
5.545089326822012603e-03
8.102782019150508649e-03
6.356261567471694837e-03
1.273312821240503738e-03
5.668417571647389394e-03
-2.204975190111691115e-04
-3.988386782572477755e-04
1.495379576115536810e-03
5.327323272900044704e-03
2.473934148144277777e-03
-1.135023572275130690e-03
3.471844653554352535e-03
1.873604718454537901e-03
1.146269250657390784e-03
-6.784006180331568882e-04
3.064641549896230440e-03
-1.824614780792647344e-04
2.419391948724255309e-03
1.170157284030378352e-02
9.083701893727219633e-04
-1.749965067152092942e-03
1.303201464360261019e-02
6.270327966603445741e-03
5.202930758634087549e-03
3.276045378276725047e-03
-4.632033970078022604e-04
4.040883579702237924e-03
-4.944034031752956963e-03
2.301797931731590710e-03
1.289063002082895069e-03
-4.810370344252899201e-03
6.454323124986879878e-04
3.066660237010969577e-03
2.728607900775301479e-02
3.695037668196577687e-04
8.126506088483287024e-03
1.126224552087322361e-02
1.088892506066646212e-02
1.570391277130355964e-02
5.880703305811309581e-03
2.816291878114609518e-03
4.499218407028289686e-03
1.308136068222140458e-02
-8.098694208576868699e-04
-4.731388373914520440e-03
5.234715249553281713e-03
5.687493033859319924e-03
-1.070772189029903709e-03
2.605023206563522944e-03
4.355029848592433146e-03
7.971488674769206320e-03
8.107500605177392697e-03
2.205448700093539608e-03
-4.948198294804052703e-03
2.369062896941808490e-03
1.161363194408541327e-02
6.451813606365756036e-04
4.480160640640464681e-03
1.085388956404681861e-03
1.198636699105346416e-03
1.559309771742515855e-03
1.903147818574607401e-03
1.145140275421812660e-02
-2.989398357310151183e-05
2.897573174328713433e-03
3.041327044243593951e-03
1.119956806751349395e-03
1.699628058851344924e-03
7.017290857761231864e-04
-1.171323099079512979e-03
1.765048285758231278e-03
3.384973917670168258e-04
3.051585452014284397e-03
6.196263822663479470e-03
3.963604094447392961e-04
-4.090511467961997077e-03
-1.857828712029777106e-03
1.062539151123691617e-03
5.616519397868046173e-03
2.261821105230865485e-03
-6.232307752990107631e-04
3.667006219081959170e-03
1.078623758361941902e-02
1.185131671100575317e-02
2.728378922591199671e-03
1.076801223309699243e-04
1.109587004110685129e-02
3.756870684354103596e-03
4.275787486105116740e-03
1.218593692641294166e-03
5.634659305084045028e-03
1.982608427441742011e-03
2.253792812797094942e-03
-2.708410469085900402e-04
1.304768793072669589e-02
3.638972428230118766e-03
-8.854183247450503075e-04
1.658097752780097025e-03
4.042400537405641502e-03
8.989925066549866702e-05
2.858162911288275772e-03
8.803588388197475245e-06
5.454284694417895797e-03
1.896175228018087341e-02
1.400495361174139289e-03
6.216936028413857368e-03
-5.944459195532760584e-04
2.594783639485160817e-03
6.683392180868224716e-03
1.287298709631225831e-03
9.265607289143443486e-04
2.731394986524265760e-03
-6.049454589535103576e-04
4.950823332771008695e-03
6.577825279413973981e-05
-1.452964447511650948e-03
1.389992041597739409e-04
2.457019438710309357e-03
-7.650049697290246288e-05
1.442250999008447970e-03
2.609251939087961839e-03
1.113898407002372878e-03
1.547559699351056016e-03
2.656062999906903636e-03
4.006244909073645305e-03
-2.152529672435748173e-04
9.540491153013281635e-04
1.581817654698096029e-02
-1.780829500886758334e-03
1.501406110078144958e-02
1.209749068740589330e-02
2.252811486863860735e-02
6.212760307175547482e-03
6.987239188964016433e-03
4.578009731821211341e-03
1.746006951403421140e-03
7.974643748747291391e-04
3.842627835660330799e-03
2.279631826145993474e-03
9.657564315576542754e-03
2.342420549960195011e-03
2.835695100787124796e-03
4.552453178303283087e-04
2.808187118309204196e-03
1.182480420701710741e-03
2.884660127762030384e-03
2.958622240286174149e-04
-1.074376890526642378e-03
7.801508888530440597e-03
-1.010821815577646939e-03
2.084944255027069374e-03
-2.594749345908298459e-03
2.203719927981908581e-03
5.127133147255801167e-03
1.041196698031529762e-02
-1.174376008605219814e-03
4.814288674614560296e-03
-9.688498365680931531e-04
2.829062128836465611e-03
3.773086483817859188e-03
7.780348050947772341e-04
-4.549244266667889190e-04
1.385811010442990904e-03
2.074636841859677817e-03
-8.583089901497941961e-04
4.625331056468148620e-03
3.942510698792660653e-03
8.822582261813333854e-03
2.227407749720073174e-03
2.060445566866704777e-03
1.561062654592648528e-03
1.732929408826243281e-03
-9.305296674967423760e-04
-1.636632538832509380e-04
6.655860284249998093e-03
-7.443738481211443830e-04
9.944375131001637362e-05
-3.304605002000868394e-04
3.156830040697623883e-03
3.148956120270654177e-03
8.188821451691025502e-03
3.083797186027197653e-03
-2.833754889145642924e-03
-9.829064134621663847e-04
5.156578359255716525e-03
-1.384624405836431399e-05
-8.806657917705962291e-04
9.112383016563245725e-04
2.166388191146753368e-03
-6.517219522588019935e-05
1.969346141599031836e-03
-1.629976356569634924e-03
2.545807564220949233e-03
2.430844162374460812e-03
-2.174233565808370017e-03
1.048545506890457895e-03
2.060438680397683013e-03
9.334776405357548016e-04
-2.560918161539941281e-03
-1.751717162195372442e-05
3.782932372419191541e-03
5.620252030173320500e-03
9.362226472619743873e-04
2.082608919888898243e-03
2.549056387039962211e-03
1.048588007698430212e-02
2.755463839694079122e-03
3.439471234017804852e-04
4.756213187354849971e-03
1.725834268634838641e-03
4.857631175933664613e-03
2.007946406462968354e-03
1.506223003020299182e-03
-2.589385547425063650e-03
1.411053247337698373e-02
9.290632645772187951e-04
6.059942571137001211e-04
1.902605014995175595e-03
3.663966976763111637e-03
9.763850641775057276e-04
2.561956557946357409e-04
2.481926179920528313e-03
5.278617742748257201e-03
-1.234589498354623539e-03
1.904456816700145346e-03
-3.694965841811891603e-03
9.736040487246664299e-04
2.709804689667034538e-03
7.098181814568668658e-05
-1.659776285670892283e-03
-8.918263277255390580e-04
-3.480952916182666890e-03
4.002817640010995250e-04
7.930307395543593693e-03
2.932298596797980241e-03
1.543849287779877318e-03
7.764138292169959522e-04
5.056090425548582547e-03
-6.154309904712264474e-03
1.727090115895567584e-03
-1.347101946334742302e-04
-1.865050173128878028e-03
7.190298636607517051e-03
6.902622120466279498e-04
4.175301861503177142e-03
8.590809804235105193e-04
9.132566453644451812e-03
-9.078657332265858883e-06
8.235867121390273715e-03
-4.290964462840087847e-03
1.691066846222904216e-03
-1.952090995934726257e-03
9.907842316704226250e-04
-1.197019213998275385e-03
1.138920951199975636e-03
2.705773621130537921e-03
2.292639466869202548e-03
2.663607453918023088e-03
2.985936722716837129e-03
2.022030155530438102e-03
1.445686020051820076e-03
4.398766973609687797e-03
-1.657431319639739815e-03
3.423141962552200043e-03
-1.738571767023931410e-05
2.413710505320567842e-03
2.289142863293056485e-03
1.120825416701120864e-03
-1.620343392330496866e-03
7.029272118307370448e-03
-5.022915504451345471e-04
3.925392770076528356e-03
3.431181246233422485e-04
1.598242026830675854e-03
1.097499951633868279e-02
4.087056562800159276e-03
-4.861943805552832094e-04
2.121591921472241321e-03
8.565150595438332645e-04
2.380081320926819553e-04
4.044424036020738064e-03
1.754651049905288319e-03
2.802342688265088352e-03
2.303375031989353741e-03
-1.508751877067119685e-03
5.492101630099912452e-03
4.020029105125503405e-03
3.961936909594687001e-03
4.975815384958373958e-03
-1.774089906136135379e-04
1.014436609531971061e-02
4.499005366400287212e-03
4.358200952616784942e-05
1.176937169061275865e-02
3.954029465959374781e-03
4.752755802572285540e-03
5.532059248630887341e-03
3.252165162154966975e-03
3.362192533085275967e-03
-8.265333331619366874e-04
5.225796629447629869e-03
1.515960968124489003e-03
4.688499135654010863e-04
5.097682302987911751e-03
6.950919382645937353e-04
-4.239662340840414864e-03
4.367111092931327473e-03
-2.792897855803669598e-03
2.843383970822256461e-03
-1.245135406522872735e-03
6.065436071844095998e-04
9.212866473768894018e-04
-8.366127226527902885e-04
3.957672935932234244e-03
-5.290504146163376668e-04
2.834164319531748844e-03
6.833035911282606990e-03
7.179965065026929112e-03
1.472888339667200721e-03
6.182754732807363776e-04
4.400140341780461005e-03
1.692942141374325022e-03
-2.445431531105333837e-03
7.037367688839508105e-04
5.447920496772221859e-04
2.015816368190700286e-03
-1.556704260542891632e-03
-3.313745858553232733e-03
1.740699346929009675e-03
6.276696780922137731e-03
1.521831657193796960e-04
2.007407588792438097e-03
4.380394639104963524e-03
1.055086722875569301e-03
2.577928341452082051e-03
-1.309869139260029687e-03
4.769076490588539975e-03
1.510271478185809622e-03
4.107847952080208483e-03
3.057177836832768560e-04
7.954760887175780278e-04
1.077034278992246991e-03
2.978695386864925031e-03
5.078404514618275849e-03
-9.843584856930253594e-04
2.806339985995605617e-03
7.748232726298297408e-04
5.882773095195067102e-04
4.484233523399672357e-03
4.242829839105237595e-03
2.601234531773696269e-03
-1.764733133136916739e-03
3.338584378792604831e-03
5.451767130397484201e-04
3.378274496374876219e-03
-2.235823795244490874e-04
2.926379182821856398e-03
1.307046463242316110e-03
-1.269181429124106343e-03
6.669847734068882518e-04
1.348749115641542347e-03
-3.869777563220213874e-04
4.563402321916626425e-03
2.317182206409234852e-03
2.133621544680373763e-03
-1.401732498199561184e-03
2.766200748221457357e-03
-2.327680278772499382e-03
-1.039456173256356978e-03
-1.138732878872346799e-03
-2.013575597110982707e-03
-1.988194571041241188e-04
7.003332253211974091e-03
2.540511720389331159e-03
1.100687389090923259e-03
2.518437639951237508e-03
6.740177940540554268e-04
4.171471194032335718e-03
7.960755145521063864e-03
3.150550469851768828e-03
-1.664033740696524389e-03
-1.079388852539594611e-03
2.001118571424191032e-03
1.344525247463132294e-03
6.246235159360378564e-04
8.192494052224128919e-05
-2.111195115856556563e-04
-8.400984332743954798e-04
3.458395563265543541e-03
3.778999113205748928e-03
1.543688652275214835e-03
7.421671634826262649e-04
8.772819567037306058e-04
2.187359230977390691e-03
2.586587727543356724e-03
1.831860889808054104e-03
6.759192593039243385e-04
2.648635620898261503e-03
2.816476484290884787e-03
4.361946919299588069e-03
4.747700092769208645e-03
1.467365636003213191e-03
4.317525575612211550e-03
-9.866826740393256669e-04
5.914787833801588013e-03
2.770223787379071274e-03
1.326446464984766841e-03
3.174875372864302981e-03
-2.938136038629825513e-03
2.192415605576445402e-03
1.779484354946925164e-03
2.571847868221643820e-03
1.619612937972972171e-03
4.193653543255262267e-03
2.781982374176397016e-03
6.426199816766226761e-04
1.060038159622277154e-02
2.499629654050970241e-03
8.856056823198761932e-04
2.715156492205356587e-03
1.076170170720568966e-03
1.361524088924970710e-03
-1.557963014051973335e-04
2.703292416598558970e-03
2.123112011299034541e-03
-4.902188916949810384e-04
3.381724844360239294e-03
2.135587656568581176e-03
2.707194552854939353e-03
2.973255507927708308e-03
-6.064740492103334749e-04
7.909673761281925397e-03
1.462673115114469661e-03
2.388318450077824787e-03
6.951150416464287225e-03
5.403927231713965065e-03
-2.037977423495276885e-04
6.530056811201598310e-03
1.597215652109983813e-02
1.617227058146759530e-02
6.965728163166151621e-03
5.171289392411787880e-03
1.237770194500373809e-02
-2.506568362174520660e-03
5.033771655463869198e-03
1.133460602335640980e-03
1.356837591398083950e-02
5.581899868976183086e-03
4.541036948669316528e-04
2.839230474993653230e-03
-4.562571914202215306e-03
-1.376504433974164512e-04
8.201803124292653124e-03
2.741058733735984940e-03
5.198346810742147418e-03
1.518823614054312481e-03
-1.331094914714967513e-03
1.569008450046725572e-03
5.519769053730246271e-05
7.250629275458083181e-03
-1.083954524909542519e-03
4.716162161677063536e-04
5.418646553794954392e-03
-1.770265821069123098e-04
3.231278975613163362e-03
1.445355902727305832e-03
-1.595334885603921261e-03
5.033332550692102333e-04
4.210196044394964518e-03
-5.347484444274013850e-03
7.721923351921730801e-03
1.271543161924464788e-02
7.509013616958615418e-03
1.005376285422080254e-02
9.221945862857643464e-03
-4.627628091210716013e-03
7.099379888209630257e-03
9.899736382210687705e-03
-5.433477641136841459e-03
9.813746059949355737e-04
-2.703806161151958536e-03
8.272620789613818401e-03
1.686416267967832863e-03
3.842297404383271820e-03
2.388860257388615658e-04
1.931290243513538330e-03
4.268694592413096837e-03
1.513343523267173625e-03
5.551429815220516178e-03
2.413053923978294123e-03
-1.781656216969014646e-04
6.005570577653008765e-03
6.810224713405242138e-03
3.531469482782693785e-03
1.777069145596078424e-03
3.848745329289251886e-03
6.132400681959212715e-04
-1.715943470886707820e-03
-1.878771681245257038e-03
2.278547277098749886e-03
1.417371980527799965e-03
4.497003440420997700e-03
1.982553624253214838e-03
-3.645362885278741671e-04
1.211846810236983122e-03
5.874306999652118173e-03
-3.554233017231953669e-04
1.957836854833476699e-03
3.135378798414733929e-03
-3.977041018361677366e-03
3.093858783482530701e-03
2.252564168837069628e-03
1.011914906469838903e-03
2.299903972587132961e-04
1.773152937964399354e-03
5.140740469770954321e-03
-1.086298133886091531e-03
3.356936993491478789e-03
7.792445466290946450e-04
-9.383140205452380252e-04
2.247322284146273733e-03
1.698664331615380024e-03
2.765262115538508984e-03
2.334076953327226655e-03
2.026944777210489684e-03
6.920332592589537079e-05
1.633515554608331796e-03
1.738967735608428671e-03
3.204173644416001727e-03
4.816808997678048362e-03
6.583946521704494952e-03
2.311675486805654395e-03
2.764866269193169863e-03
2.744346836342445323e-04
-3.637476558928556380e-03
-9.508804248762145906e-04
4.895363271537235203e-03
1.314973098868039286e-03
3.532174364203160589e-03
2.231199472867560762e-03
4.229476262137370213e-03
3.855622004100763955e-03
1.082032773581127890e-03
3.094358390880287517e-03
5.073209388081419829e-03
4.288848080836462143e-03
9.459509536757489210e-05
3.103016896145571919e-03
5.813795067781048209e-03
1.208218372767991440e-03
-1.750146828467602196e-03
-4.810422053807629538e-04
-7.322053738590727015e-04
8.627440109056381872e-05
3.094645189983017200e-03
7.518923581905238894e-04
1.919165628844136506e-03
6.861078182236182363e-03
2.335920933731127150e-03
-1.720853726136380678e-03
-3.022421455309037830e-03
3.362320515236071929e-03
-9.457469031217116597e-04
3.453838852624414521e-03
2.074834745902344024e-03
1.533317417562771547e-04
-2.696464396151472282e-03
4.388593113489226575e-04
1.869620002081098754e-03
6.299011753571395582e-03
7.562927362620185286e-03
-3.780880141196171426e-03
1.768050435521915237e-02
3.102335287587989349e-03
4.636893867667283946e-03
2.053211845477114200e-03
2.311203869354217042e-03
2.959844032617012493e-03
-4.551736638785212896e-03
1.133995720575095914e-02
1.190031888317305163e-03
-1.499888158880367198e-03
3.964555945178764064e-03
6.225194584390645117e-03
6.054644590344647383e-04
2.051581032783115436e-03
4.160204275621416994e-03
2.423053577036479028e-03
-1.360594588414812661e-03
-2.951059101053461081e-04
-1.533236333229800845e-03
2.216866927760749797e-03
2.872945074088947229e-03
2.625691092731899726e-03
4.880378540353618073e-03
-1.070323435276749301e-03
8.875022838554518130e-04
4.344432948295209353e-03
-1.011220070424539638e-03
2.016118168971533283e-03
2.001338235093751833e-03
1.274193768954917823e-03
-1.423310853666324592e-03
6.525041584117110237e-03
-1.530872405489767376e-03
5.563958922075288444e-03
5.987164592173173892e-03
7.444921429522861032e-03
2.255689954117353659e-03
3.547932956779980065e-03
1.880000559170841518e-03
7.536358457030136772e-03
7.756346872792157024e-03
9.066500806416735378e-03
1.498176412277327230e-03
4.758626995240241089e-03
1.834024905397667066e-03
1.013412332785939250e-02
-1.485724467549569706e-03
-2.405105059822012191e-03
4.153715478195481141e-03
1.447461818415909235e-02
7.158319464496581616e-03
9.333696287153700824e-03
1.169029577334762884e-02
3.167200549061236804e-03
5.367934191538591832e-03
2.083806121206039502e-02
1.262543253640015543e-03
-1.389804544620825560e-03
-1.093213042929545766e-03
7.342084136314485331e-03
4.550642398264709981e-03
9.522229616248441275e-03
7.797916814440133612e-03
-4.071090700371746357e-04
-2.544198257329853725e-03
6.485860617919137275e-03
2.978626832088406701e-03
6.100723962009725956e-03
5.837256559760017720e-03
5.203967245107016595e-03
-2.593226895801192464e-03
6.684116929635199912e-03
3.183624144202173555e-03
1.236926384673431474e-02
6.209303270778069022e-04
3.612033304927918589e-03
7.242053576553550594e-03
1.444065313012360928e-02
1.477041049597561636e-03
1.145883967812778848e-02
1.722122884583147159e-03
5.979738075553193977e-04
6.315438427498541382e-03
-3.775023214530203895e-04
5.375016008223352376e-03
7.378674906438243905e-03
2.289408584820142555e-03
9.544706651580572507e-03
6.258836938368952246e-03
6.793900273081119635e-03
7.602387038464820251e-03
1.942059289110843051e-02
4.758973501082308134e-03
4.027864161801600687e-03
