0.000000000000000000e+00
0.000000000000000000e+00
0.000000000000000000e+00
0.000000000000000000e+00
0.000000000000000000e+00
0.000000000000000000e+00
0.000000000000000000e+00
0.000000000000000000e+00
0.000000000000000000e+00
0.000000000000000000e+00
0.000000000000000000e+00
0.000000000000000000e+00
0.000000000000000000e+00
0.000000000000000000e+00
0.000000000000000000e+00
0.000000000000000000e+00
0.000000000000000000e+00
0.000000000000000000e+00
0.000000000000000000e+00
0.000000000000000000e+00
0.000000000000000000e+00
0.000000000000000000e+00
0.000000000000000000e+00
0.000000000000000000e+00
0.000000000000000000e+00
0.000000000000000000e+00
0.000000000000000000e+00
0.000000000000000000e+00
0.000000000000000000e+00
0.000000000000000000e+00
0.000000000000000000e+00
0.000000000000000000e+00
0.000000000000000000e+00
0.000000000000000000e+00
0.000000000000000000e+00
0.000000000000000000e+00
0.000000000000000000e+00
0.000000000000000000e+00
0.000000000000000000e+00
0.000000000000000000e+00
0.000000000000000000e+00
0.000000000000000000e+00
0.000000000000000000e+00
0.000000000000000000e+00
0.000000000000000000e+00
0.000000000000000000e+00
0.000000000000000000e+00
0.000000000000000000e+00
0.000000000000000000e+00
0.000000000000000000e+00
0.000000000000000000e+00
0.000000000000000000e+00
0.000000000000000000e+00
0.000000000000000000e+00
0.000000000000000000e+00
0.000000000000000000e+00
0.000000000000000000e+00
0.000000000000000000e+00
0.000000000000000000e+00
0.000000000000000000e+00
0.000000000000000000e+00
0.000000000000000000e+00
0.000000000000000000e+00
0.000000000000000000e+00
0.000000000000000000e+00
0.000000000000000000e+00
0.000000000000000000e+00
0.000000000000000000e+00
0.000000000000000000e+00
0.000000000000000000e+00
0.000000000000000000e+00
0.000000000000000000e+00
0.000000000000000000e+00
0.000000000000000000e+00
0.000000000000000000e+00
0.000000000000000000e+00
0.000000000000000000e+00
0.000000000000000000e+00
0.000000000000000000e+00
0.000000000000000000e+00
0.000000000000000000e+00
0.000000000000000000e+00
0.000000000000000000e+00
0.000000000000000000e+00
0.000000000000000000e+00
0.000000000000000000e+00
0.000000000000000000e+00
0.000000000000000000e+00
0.000000000000000000e+00
0.000000000000000000e+00
0.000000000000000000e+00
0.000000000000000000e+00
0.000000000000000000e+00
0.000000000000000000e+00
0.000000000000000000e+00
0.000000000000000000e+00
0.000000000000000000e+00
0.000000000000000000e+00
0.000000000000000000e+00
0.000000000000000000e+00
0.000000000000000000e+00
0.000000000000000000e+00
0.000000000000000000e+00
0.000000000000000000e+00
0.000000000000000000e+00
0.000000000000000000e+00
0.000000000000000000e+00
0.000000000000000000e+00
0.000000000000000000e+00
0.000000000000000000e+00
0.000000000000000000e+00
0.000000000000000000e+00
0.000000000000000000e+00
0.000000000000000000e+00
0.000000000000000000e+00
0.000000000000000000e+00
0.000000000000000000e+00
0.000000000000000000e+00
0.000000000000000000e+00
0.000000000000000000e+00
0.000000000000000000e+00
0.000000000000000000e+00
0.000000000000000000e+00
0.000000000000000000e+00
0.000000000000000000e+00
0.000000000000000000e+00
0.000000000000000000e+00
0.000000000000000000e+00
0.000000000000000000e+00
0.000000000000000000e+00
0.000000000000000000e+00
0.000000000000000000e+00
0.000000000000000000e+00
0.000000000000000000e+00
0.000000000000000000e+00
0.000000000000000000e+00
0.000000000000000000e+00
0.000000000000000000e+00
0.000000000000000000e+00
0.000000000000000000e+00
2.128639404543729123e-03
9.723482562176198260e-03
4.415977834819196160e-03
2.042044768982512019e-03
8.106339611156095082e-03
1.657636978219280410e-02
-9.636988367500950222e-04
4.259442047044591749e-03
-1.153678718829944782e-03
3.353250215609850180e-03
2.938603573919926475e-03
5.206460348282478806e-03
2.384275816448826885e-02
5.941707201757689613e-03
4.829271279525227181e-03
1.284236112179352844e-02
6.265172474987987586e-03
1.756307032726917884e-03
8.352700546333620066e-03
5.465742525406568075e-03
4.116689094008407594e-03
9.479417296513931862e-03
1.097795814291590774e-02
5.064742602214569560e-03
1.514039989296581123e-02
1.016939747141381092e-02
7.765736700382793942e-03
2.337374284216912207e-02
9.405299993113637111e-03
9.560050253185141747e-03
1.305847236310283231e-02
7.250560221475672515e-03
6.205821524282333079e-03
9.307654209995447521e-04
1.057603833482592855e-02
1.257597822338592415e-02
3.826525457892673322e-03
5.570906389477976381e-03
1.127210775473338773e-04
1.052312670886633265e-02
8.442489740040966945e-03
2.221890459443811791e-03
1.957619026707922618e-03
1.344535422247863758e-02
4.522741407644118375e-03
6.146933818929285753e-03
2.154967696067129103e-03
-1.409478036455317313e-03
1.379760352181871831e-03
3.824956359226403847e-03
1.673826485123534186e-02
5.970333276698297498e-03
9.691551669738536837e-03
1.084527819173742094e-02
2.126078993654030797e-04
3.206896723675235067e-03
1.313571434440402932e-02
9.619379612466387452e-03
1.130612490074723968e-02
-4.055323110188706033e-04
3.074883970618101994e-02
5.640288708230599413e-03
1.252210688301771783e-02
8.502824427064532582e-04
4.558125907494344972e-03
5.434020729413503031e-03
2.523261611340289323e-03
4.016361985654505473e-03
1.132961939715170473e-02
-2.518119408786413877e-04
8.288642308105810541e-03
5.748630631768229977e-03
3.023041984629393567e-02
1.648962780556861851e-02
1.479980716524542141e-02
1.837415856043845760e-02
2.069126386679807656e-05
3.882973386689375465e-03
3.523609951387634415e-02
1.555381685174464339e-02
1.516335108854183732e-02
-1.352871524350210018e-03
2.325056336706716326e-02
4.373197100730632711e-03
7.149284161044400579e-03
1.376020393562862008e-02
1.431590469241877245e-02
1.592255311904389875e-02
8.991587694080537072e-04
1.102958561425062926e-02
1.782094207899369634e-02
4.834678435660206067e-03
1.636122233248171048e-02
9.527465232149565783e-03
2.166599130685991151e-02
6.948798544617336426e-03
4.813873060005970442e-03
-9.028279927680747056e-04
1.168414555697166318e-02
2.277853325568293067e-03
1.118218829564705807e-02
3.382008186933680924e-03
4.093117454915448476e-03
1.456270983934442346e-03
3.328135265169417101e-03
-9.829370632691574079e-05
-5.592406725212192885e-04
6.042260252750506324e-04
5.326745303480426470e-03
7.787061749615718960e-03
1.538878017962873410e-03
6.374121699550303922e-03
3.805568229522371653e-03
1.103129914946210204e-02
7.233914375459755443e-03
2.041083433079324098e-03
2.548075162558143068e-03
3.668203759971371946e-03
6.336444653041347665e-03
1.575822509131546544e-03
1.272376324357738994e-02
2.606920896383416696e-03
2.736549149540749154e-03
3.048512323349081635e-03
1.293521463475394602e-02
3.830407459421623223e-03
5.217933553477098474e-03
1.477273602891314213e-03
8.630155684395821730e-03
1.030885417724113941e-02
1.642890950602247935e-02
-3.637630356651109674e-04
1.242841961888117852e-02
6.615510885392997210e-04
5.187835400127033952e-03
2.317040283387345086e-03
2.430007852924038342e-03
5.335745392988816213e-03
5.060891787903793945e-03
-9.811436641921598978e-06
6.930699881818228048e-03
4.829933723829683487e-03
-1.851892160240111926e-03
1.496130291487514277e-03
9.443912770243327939e-03
5.507787344571195461e-03
1.508792575643276047e-02
5.152472880804445828e-03
1.155180975489869706e-02
8.638026215225351467e-03
4.041937743581971824e-03
1.257977322302719983e-02
2.804026024087375585e-03
1.172640124885179422e-02
8.452794587234937346e-03
7.660195938238968140e-03
9.948362151191803091e-04
1.542195750708923088e-04
1.417813728019629189e-02
1.316471602139284878e-03
-2.152261873448591163e-03
1.779776279503638911e-02
8.561305251576892955e-03
-1.035969920252112226e-03
4.118707783038398108e-03
1.284681126878905143e-02
-3.369809207097762853e-04
6.523838269327683972e-03
2.485237673769306790e-03
1.019078364351183640e-03
-7.956478308873188212e-04
4.341616648199595092e-03
-2.971330924771023538e-04
1.108014701036532474e-03
2.894118859683363770e-03
3.835347178520671137e-03
5.472625659801358573e-03
3.422008953466833953e-03
5.810121568980791641e-04
5.160167410102747126e-03
6.687336079830614663e-03
4.688041331230729039e-03
4.015346800522477449e-04
5.226134155664237911e-03
6.242453769629962429e-03
8.738088783454190170e-03
-2.360534409694755188e-05
1.103183915600987504e-02
6.227926965972017601e-03
2.497056088576750203e-03
6.292635076191615065e-03
1.731137187438743300e-02
3.331185094804735639e-03
-2.488597287253325237e-03
1.928661892882910234e-02
1.876834738417659798e-02
1.707069924193585150e-02
3.731428623555603508e-02
2.097059534001986369e-03
2.329301210842195033e-02
4.932378917409453375e-03
3.518738767557989811e-02
4.192508457913200585e-03
6.621551879572913461e-03
7.853355636132626841e-03
-1.155524915377520098e-03
9.379903382467191797e-03
7.901638528857729419e-04
-3.250788929924042399e-03
7.277460484501519986e-03
1.247296417824020690e-02
6.761755743478488345e-03
8.542587379142054264e-04
4.910295464580208789e-03
4.196261040710504153e-03
2.185971732142735768e-02
1.616995080982655889e-03
4.848024919781282645e-03
7.321900922798395099e-03
1.146079964356759746e-03
1.050809948551644770e-03
-5.491080234223579513e-03
8.956271656583685015e-03
6.144355661520555997e-03
4.710856314460749351e-03
8.703359350779441006e-03
5.110465774430374229e-05
-1.131855942516879401e-03
-3.719980964528629068e-04
-4.103381850215457628e-03
2.766606969407719367e-04
1.103524152679262980e-02
3.656942517452999118e-03
7.181033076195412687e-03
7.884479297175096824e-03
9.210184292605569714e-03
8.124697733928945564e-04
5.582608092479110495e-03
1.511885383917172671e-02
2.399212029856101925e-03
1.426251922801141398e-03
6.394649579878212801e-03
1.212181733967456106e-02
3.313843708969691024e-03
5.205370683028036870e-03
2.601022859656225254e-03
5.737408167293095440e-03
8.193981689630683643e-03
1.325938225703137893e-02
8.317891900514509315e-03
3.785544787969198632e-03
5.863300426360532926e-03
-6.810512788875179059e-04
-1.559186932827558636e-03
1.226465804668417856e-02
1.933997118143187307e-03
5.000008761356074770e-03
-2.955551759801751735e-04
2.614253322304666005e-02
5.930231319730553015e-03
4.741304068608143824e-02
-1.526086888584453696e-03
4.690032162943648386e-02
3.185315857440123438e-02
3.618622958644098636e-02
2.746252160705087847e-02
4.587672133662037272e-03
3.421136040502640707e-03
7.512648768383396215e-03
3.151706190994446165e-03
2.760914817810536034e-02
1.663719484325564685e-02
9.004028619803393363e-03
2.640751836784546377e-02
1.964728311789664533e-02
5.614442675231903247e-03
8.652616440069507003e-03
1.381686308728044196e-02
8.947792263323582976e-03
5.014667104090581203e-03
2.201123630883496628e-03
1.897375853518083397e-02
1.111177824040434324e-02
2.061707545884784373e-02
5.628655007670971266e-03
1.567667313659048406e-02
1.142594330414218803e-02
2.602731558062984334e-03
4.020374599434849150e-03
6.975689108045769575e-03
-3.803188045220670839e-03
1.597191531768633876e-02
1.411357375911086350e-03
1.516843413152859678e-02
5.641209483485706139e-02
6.185137113115486696e-02
4.401763548282850054e-03
1.486244491935651175e-02
2.220905689567630875e-02
7.593478012157538724e-03
2.071224514310393561e-02
1.689966348514526651e-02
8.119558839907082062e-03
1.068082035621231371e-02
1.536760148163101615e-02
1.036750935937454619e-02
2.523738243521424229e-02
1.040625710038838806e-03
9.768413988464560299e-03
8.207317109781776115e-03
2.143619734680156375e-03
1.259998628439491959e-02
8.709315746317523648e-04
1.365061989971222585e-02
8.960720130313159712e-03
-4.787510371424466733e-03
7.741395017885363203e-03
2.255416794840934408e-02
-2.226228492506841100e-03
7.741925421739431767e-03
9.561336247066967720e-03
2.586127255484977142e-02
2.532321297910227961e-02
4.861201230954711842e-03
-1.207021335150941684e-03
2.279973428260897474e-03
7.213826583306342903e-03
-1.787498511757180681e-03
3.231710325864808192e-02
2.059473946979585492e-03
8.132605524896271629e-03
8.412596692914092039e-03
-4.743013806914233264e-03
2.056839215276507968e-02
2.795748806574709436e-02
5.587064557373686360e-03
2.171614686269062941e-02
7.996442099557767719e-03
2.470089044790346050e-02
1.009075287890900084e-02
1.670914061678745524e-02
3.667058446019780520e-03
2.657751044738370164e-02
2.059479396315228375e-03
2.739558615274586932e-03
4.439090728529128220e-03
5.505916983073950825e-03
2.359253161091294342e-03
2.216750528447027427e-02
6.300835602907634697e-03
1.706822206897119429e-02
1.412063278970852528e-02
2.588306683527465124e-02
-2.527555029479044545e-03
9.478665434025406594e-03
1.370185720621475665e-02
1.573439315492166160e-02
2.734960086464226659e-03
-5.003565139730983477e-03
1.020434232662235149e-03
6.132096499349865351e-03
1.912070108946631319e-02
5.069532939199569536e-03
-1.576505157633095126e-04
2.609401600430014817e-02
7.625591472915634744e-03
1.597267762076627802e-03
6.096078496354539501e-03
-1.095083782826445761e-03
1.040410451745205425e-02
2.319984952536896343e-03
-2.264471102292953727e-04
6.831526026277699726e-03
5.097031531791315975e-03
8.259285841899362615e-03
3.624756281207019287e-03
1.054716717524812643e-02
5.979082552164988358e-04
1.895035112240332038e-03
1.460148163097640429e-02
3.698319053982683166e-03
2.288088008825937564e-03
5.974793502821542160e-03
6.185377630022071554e-03
5.397186201341129530e-03
4.495847693187076180e-03
5.734861823534562544e-03
2.897577209687662338e-03
6.321525059868701724e-03
-1.553687478524630721e-03
5.146452142101615342e-05
8.188598714533061249e-03
1.236688567957758625e-03
1.793160740705568735e-03
1.597331631743574998e-03
4.955139249990422358e-03
-4.739732080049779712e-04
7.342305571063335867e-03
4.237606663532591383e-03
3.841920170732373522e-03
-2.053736006499367033e-03
2.794734624561511557e-03
5.633812857564396426e-03
1.695974915204567432e-02
3.587412147774713799e-03
5.546087818516644979e-03
5.486657329095545772e-03
1.623959716592425842e-02
1.061931775858364433e-03
7.615315497666939881e-03
-8.354747495694196668e-04
7.787004119995461632e-03
9.148308929545484816e-03
1.560082531313841496e-02
-9.808513963689051776e-04
4.923722192038956303e-04
4.433138121288115498e-03
1.132497215305074134e-02
1.365110673276295501e-03
6.723554671134854797e-03
3.690396721630067635e-03
1.117807655614058704e-02
2.136968190362047680e-03
9.419889022625261774e-03
2.177872977836256378e-03
1.196510799991666249e-03
4.496955294007124598e-03
1.084720556827108683e-02
1.839074171762246357e-02
8.033498061953204313e-04
1.186141856105278093e-02
1.210235996676093696e-02
3.709850404726458724e-03
1.376273805397749267e-02
1.290015083837690348e-02
3.201742108678737493e-03
3.401349555643166586e-03
2.543557630043027408e-03
3.287165048782384694e-03
-5.136169029595171040e-04
9.842942592207044178e-03
1.140860188364332863e-03
2.326319803956607320e-03
1.852723485627512509e-03
-8.910530278718992820e-05
2.824240369354078569e-03
-1.870384655999717764e-03
5.071203122652106609e-04
5.571976360128441143e-03
1.105669067524823676e-02
-6.190462537557009631e-04
8.848378662662567673e-03
7.223745001818665176e-03
-1.995044079812284890e-03
2.522183695419809735e-03
1.469257182502559621e-02
8.259478099477565727e-03
7.440404278881426053e-03
1.853663484230821945e-02
1.050530879863565900e-02
1.126229176963305066e-02
7.714056361463548714e-03
4.294209271518262087e-03
2.604929656117477808e-03
3.840219087613409334e-03
8.365845543403437057e-03
9.450617722942731419e-03
2.325615542298781029e-03
2.590088158600802742e-02
4.006121087016864708e-03
-2.354726858945858361e-04
1.722236011937149439e-02
9.667038684777643637e-03
8.923141955168592760e-04
6.437710938683424526e-03
9.655045405699462860e-03
1.558576961472244154e-03
-2.089138260993330179e-03
4.368037522306779386e-03
2.220953675835805191e-03
6.207527822211420486e-03
3.193295512699605501e-03
2.328419268286286217e-02
1.428594484167121804e-03
1.469121064189598570e-02
2.856348426926500319e-04
1.125561970660963682e-03
5.639345854808617588e-03
2.819152578352564914e-02
3.234732448043050289e-03
1.449239546060654242e-02
8.486744282274484227e-03
1.331397456768555060e-02
3.947956460685172163e-03
7.447392367213724433e-03
1.748392838599228125e-03
5.629801694822620696e-03
2.691210030451113722e-03
1.801407193953585275e-03
-6.281503941219688907e-03
-1.254948537665599630e-03
-9.375719263104914181e-04
5.483582214650599244e-03
6.837433843665155497e-03
3.819608146653502654e-03
7.213610895510311379e-03
2.744926619803239078e-03
6.199791803918050688e-03
4.185824782515558742e-03
1.692924803844817697e-03
6.197389578391413953e-03
1.140360416255967830e-03
1.488909229269221556e-02
-1.017308630599188940e-03
2.721357193907999236e-03
-1.053210031765145372e-03
-5.695469185973672105e-04
1.500213311129115225e-04
-8.623299987083044276e-05
-6.579345940603900655e-07
2.896105438199111492e-03
1.137450391270710846e-03
-8.738236081364055170e-04
6.017586407592871896e-03
6.333926394051301277e-03
9.135622513529775487e-03
1.032554677603166222e-02
-1.520179788460235010e-04
2.315103444841995484e-03
2.364685130593824434e-03
-1.221174103927466677e-03
4.494383581306770313e-03
2.256308240083971725e-02
4.284535979348169307e-03
-6.714297211669718684e-05
6.645070615377322333e-03
1.052147206088376204e-02
4.156324937760539663e-03
-9.076226392763541480e-04
-4.086482702255600898e-05
1.660871198581671121e-02
7.354060328774097294e-03
6.840895406230897494e-03
4.967204212654788981e-03
-1.562350204123461950e-04
8.024600692437679032e-04
-2.043757327678871879e-04
5.555353932460358780e-03
8.192747330663448235e-03
4.223815776764264576e-03
1.091504098533810710e-02
2.300722445024203089e-03
4.542131967315860691e-04
-2.084812692888338408e-03
1.284325535754164997e-03
6.077011445775436747e-03
4.749528309419123392e-03
7.318373778046169571e-03
4.005748170303928893e-03
3.210254755807189896e-03
-3.078687738623219752e-04
1.468679778738290185e-04
4.385380027406741293e-03
5.538851082714430808e-03
3.449595714373385712e-03
1.549671018020272852e-03
1.388221855508024218e-02
5.572724958406948675e-03
1.139069667089412027e-02
1.908815457097679056e-03
5.930332624150778768e-03
3.097954975107989999e-03
4.360629840167487212e-03
6.705819842804177158e-03
1.043379682163411010e-02
2.433711484919968190e-03
1.829675109807516256e-02
1.307294470356642688e-02
1.074284449279929235e-02
5.690882112436475033e-04
-4.078988417343149702e-04
1.772690204743533919e-03
5.247453348284400465e-03
-1.129499768981151930e-03
-2.042106347888810770e-03
1.539745182571429852e-02
-4.219942607881400779e-04
1.363540525075451759e-03
1.045638093186171923e-02
-1.125777350080736650e-03
-5.464512869305188309e-04
-5.826241383597664282e-03
2.265120426239306678e-03
3.626913248719378265e-03
8.542407332426588985e-04
5.603533148543458735e-03
3.987623936602515198e-03
-1.762915723532931366e-03
3.862468680351911071e-03
1.662871455660106012e-03
2.351773402735461878e-03
4.798298991576215554e-03
3.744154736651994584e-03
2.156926210136126797e-03
3.675984294636255693e-03
2.288134194457383617e-03
4.749010119690334590e-03
1.216163846301563170e-02
7.624252954013890221e-03
9.352320601963911998e-04
-7.804796811711016673e-05
1.327544650720689084e-03
-1.710220529302382666e-04
1.122600301347800866e-02
1.649504049198092376e-02
1.217121154235454791e-02
-2.013550513508017160e-03
2.778835345790568821e-03
2.247578650273807967e-03
-3.161546164845996116e-04
5.480712648832776132e-03
4.445433831758547824e-03
4.777750163287307165e-03
5.760409898364141079e-03
5.134698765178327207e-04
4.846638698869403655e-03
-1.635943680088419987e-03
4.035182182436387183e-03
-1.324319172293928707e-03
6.902570198245043878e-03
6.658189981841757324e-03
-1.710759062189962662e-03
5.577997244302700802e-03
6.020795563311945493e-03
-5.659933508276500554e-03
1.851469721652480079e-03
8.738555423263027339e-03
2.681446279670392837e-03
2.549318559191663530e-03
4.533933297097442541e-03
-3.293272850809702938e-03
3.010519058695982231e-03
3.676636903849703902e-04
-2.265623971624858290e-03
1.480699723196867009e-03
6.188612659521838637e-03
3.567972225414562867e-03
1.129220799793503177e-02
8.160932554194498534e-03
-1.415104505473971201e-03
1.166461195232120808e-02
4.783779167762871459e-03
6.892666580586999034e-03
4.422727282539710807e-03
-1.288642353680250017e-04
3.253687295062322130e-03
-1.038118762603437847e-04
5.205751460520683001e-03
5.294422973585153919e-04
-8.269960564384062299e-04
1.994272212336986160e-03
7.431430511991829295e-03
1.900765110835576184e-03
-5.504730315447159492e-05
2.327624819474214540e-03
3.892129844794690614e-03
3.061939669709654553e-03
-1.811537442188101239e-03
7.137551325319141209e-03
4.117838621934025514e-03
-1.310013145593078888e-03
-3.163408417195784795e-03
1.344550133844018463e-03
-2.726956121143497575e-03
6.568846610155811873e-03
1.004301934209692743e-02
5.703756174386215468e-03
1.246531446096815245e-03
9.209537513850467663e-03
-6.916194032699923572e-04
6.022478437462682778e-03
4.559935774715905346e-03
-6.821135194113190020e-04
2.801232490846534626e-02
6.211348637941551537e-02
1.074508477299056589e-02
5.991918635610474567e-03
2.590772810985859497e-03
4.755949384846804365e-03
6.246444339187653093e-03
9.149124411368039908e-04
4.803283086998642870e-03
1.555650144245053490e-02
5.424811307372359205e-03
6.741522334253661868e-03
2.968147793354349202e-03
3.400957383404430191e-03
4.793411768816046442e-03
8.249785699845827922e-03
6.629444408213063249e-05
-2.205904352970076629e-03
4.598512090772216045e-03
3.037291554496685236e-03
3.383180682613217208e-04
3.090281207103187742e-03
1.187125067553178792e-03
3.452307494496279806e-03
1.639538519701759338e-04
9.452345276060473978e-03
1.822879975841817587e-02
7.631245545275465447e-03
7.130928620064541298e-03
1.007031644597931354e-02
7.607626859588711987e-04
2.746427638230649823e-03
6.741211059114060426e-03
5.144923214150044950e-03
1.178100374555460239e-02
6.230356233947268070e-03
4.410888016804517808e-03
8.988411054932086627e-03
-1.381047516653396978e-03
1.661696345136452410e-02
5.304602012454091853e-03
5.831144025308486120e-03
-1.897352428774392555e-04
5.375908431422037406e-04
4.555602570850176766e-03
1.783967591836444020e-03
5.077144404174074865e-03
1.397417158708705483e-02
5.666776766263707799e-02
1.293679868184367289e-02
1.453875022827334253e-02
6.652119254145322583e-03
3.582049413830513257e-02
7.660126657368123218e-03
2.593820800796531670e-02
3.236776278002191816e-03
5.491946834841616998e-03
8.765815149029840270e-03
1.404769503860854064e-02
3.439489428917688694e-03
6.316545087170983338e-04
4.571638836342884100e-03
2.618544816439613218e-02
8.512008612378716907e-03
-1.544930060729121516e-03
-1.341144099284978953e-03
5.663649965709962285e-03
5.757395420358938851e-03
5.836270462982660195e-03
1.133711324021369031e-02
-1.593779954228768947e-03
1.039086863219673869e-02
1.321694301966180570e-03
3.931941822257098776e-03
5.272933237803961899e-03
1.594933127003270949e-03
1.684724412486800216e-03
6.853210368069457929e-03
3.396588495184633613e-03
3.288240928297655758e-03
6.620953739484400531e-03
1.222915727753545560e-03
1.544481276746796292e-02
1.179069341603322923e-03
1.519942174706799369e-02
-1.444485258132101975e-03
5.211429707968921396e-03
2.147591435030511350e-02
4.083112057382034740e-03
3.898396205828075656e-03
5.879914637573881251e-04
3.599729524563254675e-03
-2.509481817018616862e-03
7.614938322177614363e-03
5.145732229612631943e-03
1.309659775042501702e-02
-3.479346905937571403e-04
3.557254912834849629e-04
-3.005082821044822040e-03
7.305746099179324590e-03
-4.001617890476022736e-04
1.926786850522515041e-03
4.509473050561061368e-03
2.039622892671688354e-03
8.127287166935689630e-03
-7.740911790734839861e-05
1.911305716018795245e-02
-4.074554095153481645e-03
2.969687166400719093e-03
9.399702408055135919e-04
2.920326114207569615e-02
-4.214672073222491800e-04
1.704936401182891026e-02
2.909999399834875631e-03
2.977853324077297907e-03
3.701872122869797384e-03
-3.859233837674287682e-03
4.784654987931165858e-03
2.932180198221539386e-03
6.544711356765195009e-04
9.408290482122648804e-03
2.334781751650340242e-03
-5.935986353719391317e-03
9.069186330758359851e-03
6.477962868089227541e-03
4.967985971235364118e-03
2.522482829800251885e-03
4.413381395232693870e-03
-2.146852472212134287e-03
3.364182099604939163e-03
1.804213819371689679e-03
7.820272433898531328e-03
2.065226863621010944e-03
1.752770277328541491e-03
6.417259164528022961e-03
6.182630761643991522e-03
1.595835739554123545e-03
1.981026425269148336e-03
-1.751139503210000876e-03
-8.848884055468338693e-04
4.961840859944530863e-04
9.570087238958958215e-03
1.758664937309184972e-03
2.913730930312799896e-04
5.455999815506571565e-03
-1.675249848183526201e-03
8.109383607715434789e-03
6.723993437478575225e-03
1.643100536864890203e-03
5.845538176323672626e-03
2.602189861991525445e-03
-4.875394913194528584e-03
-3.730853513803381039e-03
3.047134597031621577e-03
1.869331794678156513e-03
1.203348659093582233e-02
-3.154282398606260852e-03
-2.024645559540420988e-04
3.468835644157796088e-03
7.574079648994683570e-04
-1.090229195402886431e-03
1.606116553696266235e-03
1.271352549941806055e-02
1.379774620337767760e-03
1.125628108647289474e-02
-1.444660558817987498e-03
-2.633286495029024156e-03
3.537292023361784769e-03
7.947001439176919202e-03
6.783581700418320898e-03
4.716798391502127069e-03
2.368371462369560799e-03
6.047418084430991429e-04
1.772408380537963393e-04
-9.559232710924582847e-04
5.262494870980461738e-03
2.687230728909110675e-03
1.141272368291102509e-04
-1.653493863479175985e-03
6.038282070540717215e-03
2.348694518783591735e-03
8.607736369809580040e-04
-2.808302991217637851e-03
1.741546464125930463e-02
2.690417326657054773e-03
2.006615484791134975e-03
-2.823107556110512721e-03
2.324224926520545784e-03
2.187536933590565006e-03
1.260697434447728173e-02
8.527581969734403244e-03
-2.786684116820183511e-03
-1.453133514801185520e-03
1.244816410621008484e-03
3.276779342197293568e-03
5.646647045423273514e-04
1.132809957026588649e-03
1.377397835036468961e-02
1.046583168331243971e-02
2.455821176658597432e-03
5.228591154384182402e-04
9.411157779294774400e-03
9.091675571492879512e-03
5.668220107864435989e-05
1.665022436945519380e-02
2.874972069864941467e-03
3.703272599005308103e-03
3.224106219953222323e-03
4.265224045982306256e-03
2.516628140381279872e-03
5.718051381748636211e-03
-3.794593195389159572e-04
6.191667015453346593e-03
1.936870582556865505e-02
5.123522603008822708e-03
7.196957659628301120e-03
5.596884190484273207e-03
-1.875414719293904981e-03
3.622594021647693001e-03
2.848984963681384843e-03
5.481941819334691830e-03
3.185762589366075009e-03
-3.077562862402873989e-04
1.271689602134145648e-02
1.060688944866180691e-02
8.958322297355570188e-05
9.164597578831331845e-03
1.018204781989185022e-02
1.413009727795364349e-03
3.227973279988286329e-03
8.333071618484334114e-03
6.800289146669873455e-03
3.562455379503563953e-03
8.137698852567116364e-03
5.934954270498172570e-03
4.444008286597418700e-03
1.035598797756137395e-03
4.130421477064652978e-03
5.737122994789034015e-03
-2.468871247317805644e-03
2.762249150673280751e-03
4.339951396872608440e-03
1.062777149548731898e-03
2.393912373750733047e-04
4.514744880371832081e-03
-1.934547731111957436e-04
7.861266323580395768e-04
1.091643706327862125e-02
1.399125835416094137e-03
3.062429497677225144e-03
4.291330662407013240e-03
1.324404798495137058e-02
5.963620696939061572e-04
2.151527208423442000e-03
1.094852041940875924e-02
3.005318986797221939e-03
-5.357165639580498476e-05
1.858877629075469332e-03
5.839375889436148812e-04
3.928972481367151194e-03
2.012942157661123509e-03
6.300332995247293934e-03
-1.110788282777057335e-03
-1.967636228280682806e-04
3.963832646260119670e-03
7.141781917489202275e-04
5.553703607927285880e-03
2.523561893582056993e-03
1.576536193259790893e-03
-6.680287883654134054e-04
5.807961577406262933e-04
-1.052598349363910706e-03
3.415588492213200104e-03
1.329982130837540624e-03
5.098808339153204465e-03
5.386188542096576048e-03
-2.327523454535321019e-03
-5.601415817238817414e-05
1.660839382481683370e-03
-2.367386287503469352e-03
-2.333227159824851921e-03
-1.294353651012144352e-04
6.627832761675221326e-03
-4.236818924103754398e-04
-1.654751640090984435e-03
3.346836141807560221e-03
-1.700825363355663476e-03
2.566680529517767744e-03
-3.814107427646901355e-04
4.904389235125239041e-03
3.343361509963595321e-04
-7.450639914231174492e-04
-2.872894781022605607e-04
1.913508289083361920e-04
6.539445938237688563e-03
1.202029822668147872e-03
1.342628875836032829e-03
-1.787710021480335386e-03
4.877751232740978231e-04
2.031801242910659389e-02
1.189075518971643161e-03
9.962031577904044161e-04
1.714677896609412321e-03
-1.738962962545607764e-04
7.043664444128597008e-04
-8.695800000697525862e-04
2.404401266803410549e-03
6.642218731382461619e-04
-3.351089533649458845e-04
1.933593220168969154e-03
1.870842905985473873e-03
4.485656557023601915e-03
-5.894084082311954083e-04
4.341528843942789664e-03
1.398991782636176389e-03
4.172472389486046700e-03
2.830284087188861351e-03
-4.987435580939003632e-04
1.113218400835219203e-02
-1.484351871108088730e-03
9.832922807273330665e-05
9.437654221827781586e-04
-1.469008200046159271e-03
5.211999104830978245e-03
6.211697786446999936e-03
-1.707666176194760866e-03
2.295953358512273570e-03
-3.100458365517569283e-03
4.574540688577688995e-03
1.847832931568382537e-03
2.666872502950037339e-04
8.122905223756370779e-03
2.670526213347716987e-03
2.531251336353062143e-03
-2.976558547193188138e-03
-4.011768171585455671e-03
-1.126658844243976811e-03
2.724201942684949078e-03
-9.029742268826096690e-04
4.906181372364884496e-03
-3.532399324524781699e-04
-1.133115012353241337e-04
-1.194089321901281846e-03
3.337939401165643293e-04
1.732245211278410878e-03
8.512939704188519745e-04
-3.755222883173671465e-04
4.493294036938442430e-04
3.049075576393057464e-03
5.349456109424624139e-04
1.019864226349821365e-02
-1.308427543797257685e-03
3.253232351954282123e-03
-1.335700108259538048e-04
-2.228686702336549609e-04
2.768333238760646662e-03
-3.160521341372634057e-05
4.233254719894791011e-03
2.605908309421416970e-03
2.114353962515911831e-03
1.732081340173991305e-03
1.042627426922152541e-03
-1.762031168952918607e-04
1.204953465924933458e-02
1.609566244765832594e-03
3.134285986986605401e-03
1.936502978670031835e-03
1.221397565395720627e-02
8.130316624579024196e-04
7.185615691166701360e-03
7.645483377198356544e-03
1.127253101501052811e-02
1.705894901387809345e-03
7.048929263349511254e-03
7.404968103007772071e-03
7.731022252727221683e-03
6.807161692193379812e-03
6.911427376885754745e-03
8.209160940955447308e-03
7.314405951203202527e-03
1.230916941008641102e-04
4.710671152899911091e-03
3.506337699822920095e-03
1.468263284952549437e-03
4.124268635464303084e-03
5.700424175015982552e-03
-1.286867007332111613e-03
4.078830462403764019e-03
-8.069595917656918922e-04
1.743324903993686854e-03
-3.302670390281420201e-04
1.821423797994865465e-03
7.561646551901524474e-03
5.439027152497809443e-03
-2.153363601338421809e-04
1.566386214599382117e-04
1.560722286784180408e-02
6.482236705336687221e-03
1.449112108406946237e-02
-4.094658508392386501e-03
5.855607062689072335e-03
-2.391384116657299143e-03
4.382302225998054609e-04
1.870295078186407639e-02
4.605957600157032077e-05
3.992135119406310315e-03
8.155643688544239600e-04
1.776993224941575064e-03
8.830027540542554135e-03
1.497494378594191843e-03
4.475401867855612406e-03
3.336381106930366280e-03
2.232834945232677060e-02
2.558302894493133875e-02
3.136445183480111171e-03
1.098209128403112959e-03
-2.060593602899461578e-03
3.032122162748768831e-03
6.386890878944508423e-03
7.425696269574393917e-03
6.119972247643158149e-03
4.991033651814615491e-04
5.078498223056292053e-03
2.282134423204766963e-02
9.860796473556610389e-03
9.098905673446780126e-03
9.959696474864290772e-03
-4.794500750280728104e-04
5.391487249191063112e-03
4.347452193282206993e-03
-1.329011855802634222e-03
6.739638536326064341e-03
5.561718725070678195e-03
2.476609780426213946e-03
5.916499226956316131e-03
4.778681366416711110e-03
1.349813947433460386e-02
8.324919728132052985e-03
2.025913035211731814e-03
1.114442947698046291e-02
3.003103931399614575e-03
3.803117259552072933e-03
7.203448531753220765e-03
3.736782000539239784e-03
2.366635710401127860e-03
1.707231841531957339e-02
3.107416392635094574e-03
1.186883227644161543e-02
7.691716323565269547e-03
3.304871108565116990e-03
4.969752694487742511e-03
5.745167858643133833e-03
5.785013176617367740e-03
2.229262299243343903e-02
1.433101865330987067e-02
3.529366854467458521e-03
7.587920744960830605e-03
8.621741668727839853e-04
6.763032140415933206e-04
1.685524498600814852e-02
2.772326251407674930e-03
4.185067477661725925e-03
3.060741531014305947e-03
-8.993139077205602842e-04
4.702285484367269008e-03
1.079880653062948066e-02
2.618071324936853926e-03
5.646400531237533767e-04
9.487040718782996200e-04
3.830099986909914472e-03
4.299770260101453030e-03
3.823293991550086139e-03
-1.501911341817032449e-03
1.322417731970160475e-03
7.229254306456134836e-03
2.203138387256411285e-03
3.046556083609423815e-03
2.202669653900194932e-04
1.236927050331658277e-02
2.480774066801858576e-03
8.738518287323637779e-03
3.012372342963883128e-03
-1.136469744416576970e-03
1.437431011128280887e-03
4.144910007015753343e-03
-1.595547257014611744e-04
9.639511085380185473e-03
3.142825150416406026e-03
9.072342673804002777e-03
4.316631276103034993e-03
1.850478648619588613e-03
5.802145111470876672e-03
-8.228478742051308428e-07
1.309769575656355824e-03
1.076030660568317622e-02
4.384089701919568777e-04
9.432468218635298510e-03
4.375503425247019226e-03
6.371286883505168641e-03
2.092596996385556480e-03
9.151270458260080468e-03
9.517151207053305010e-04
4.124795289364537217e-03
3.919473818696999658e-03
1.738165595102281104e-03
8.478511079717635261e-04
9.973854734277119022e-05
7.084338367374548237e-03
8.174173164944092962e-03
-2.054213865447558716e-03
4.936940081098795986e-03
2.412684156516888868e-03
-9.065940822556578169e-03
1.604088574565354017e-02
4.472763815479637202e-03
4.300085288098490742e-03
1.018801849408271232e-02
3.688481561012613933e-03
5.168710956255121065e-03
5.860495636144086480e-03
5.689874818721511740e-03
3.909398528238257516e-03
3.322498785231758640e-03
4.003758103068503008e-03
4.646778690153982420e-03
1.059195701869990874e-02
8.200805698712570688e-03
5.709780562065512426e-03
7.599989839806900807e-03
2.277020028683515891e-03
-7.293758641103270093e-04
8.650511172001865492e-04
-1.256194770718422433e-03
1.064096891521576840e-02
-3.188031702307158200e-03
2.875757788281449717e-03
2.921569885077164065e-03
1.696398859699093601e-03
2.409737036487038121e-03
7.128361320639953549e-03
1.109378686624180183e-02
4.073976685034833532e-03
1.132273405082739317e-03
2.283974464571980091e-03
3.702203801191271144e-03
2.947445305263785963e-03
1.746990548648210545e-03
4.174295513643783498e-03
3.003117694168337855e-03
2.029436220135847832e-03
7.052238323629138848e-03
3.849736655169180496e-03
7.890579524948735518e-03
5.098845063639378776e-03
2.070937330435746165e-03
-4.200865418759127008e-04
-1.898206403049609034e-05
1.168626310525553748e-02
2.704843339578573338e-03
7.034073591385376495e-03
-1.569390989875248761e-03
9.257820482271094525e-03
6.862113733744243729e-03
1.334536967457214049e-02
9.192986056278875870e-03
1.175703803745769931e-02
1.824738448171697464e-03
-8.087570537062918098e-04
2.057536118405439533e-03
1.366701657741414399e-03
-1.049837895652797558e-04
5.438734895861235645e-03
6.722661279769758360e-04
4.417732283787573037e-03
2.555100607330265759e-03
7.270065900706171140e-03
2.541150152462438774e-03
1.507422467137424678e-03
-3.157761942649192893e-04
3.070117666775475790e-03
4.391013953652456517e-05
8.055370200592457640e-04
1.616759975985367125e-03
1.270675488375009026e-03
6.358716731478318389e-03
4.797927323733038214e-03
1.118040689717605778e-02
9.970655322011664004e-03
6.096492948890860214e-03
-1.003952334844024265e-03
7.812142109168870559e-04
4.927222306713397067e-03
8.779436835265960401e-03
1.063569297893636988e-02
1.324937765566428990e-02
2.041465063331159707e-02
2.066131860799537770e-02
1.406245101592205980e-03
1.209855834670144938e-02
1.224472039517435044e-02
4.595857644789282798e-03
2.419901490337935529e-03
1.392179825539406439e-02
3.692564910708857027e-03
-1.834072970174137601e-03
6.641866640387145831e-03
1.109021769117668130e-02
1.902013454894257386e-03
-5.916261871694523770e-03
1.126924654036696180e-03
1.606028457701558958e-03
4.952201194873738499e-03
7.648841458079324446e-03
5.819820084017236599e-03
8.792929819425121182e-03
1.345667168580266760e-03
1.026654988746191106e-02
3.758773057560637221e-03
9.910669072489599815e-03
1.502544846440904101e-03
1.873933174675137051e-02
-8.644793951322184231e-04
9.901051021146006076e-03
1.444013220809326837e-03
2.154111705948388508e-02
3.445530832823313818e-03
6.083653685421426928e-04
3.195905771750286693e-03
5.812938493928973376e-03
1.349659441162453372e-03
2.678885569875714533e-03
3.519361070237233061e-03
1.991808420285822931e-03
2.533619629720945936e-03
-2.324876953402040067e-05
3.232105735961517297e-03
-2.064433053475368297e-03
7.185681742274501599e-03
7.720881355814478327e-03
2.169012685359007070e-03
1.633373514964666859e-03
3.357912026006941615e-03
2.664696879841615615e-03
4.508064865474313739e-03
2.725857743163642970e-03
5.945345154793989575e-03
6.492841314750588937e-04
6.265077269586255201e-03
1.300730180020550492e-03
7.351729119766638003e-03
7.835043994411617155e-03
3.213697308154618310e-03
4.516331991843042541e-06
2.685731413500227344e-03
4.541786877469488693e-04
-1.099351052684923846e-03
-2.019088085515386485e-03
1.574944921238282704e-03
-2.945288395493623861e-04
-2.164706414639151755e-03
3.847705877092123198e-03
-9.654344503377833807e-04
4.938778438843430350e-04
2.101915683636172184e-03
1.733770518349704885e-03
3.113217552554307151e-04
5.038440470809315945e-03
1.982222427170168225e-03
8.464794036349905168e-03
8.538399015764971262e-03
3.301733733566601398e-03
5.140810110305275328e-03
2.432381003260317316e-03
1.319881319345803453e-02
-1.721201593957741825e-03
-4.296677358656326474e-03
5.051944340131773493e-03
1.336271502373813543e-02
1.141442697743636110e-02
2.116571003910670216e-03
-1.562611866611003219e-03
-5.556276158619670967e-03
3.526903760474694137e-03
6.761631819219596391e-03
5.130830575391718933e-03
3.372069451237012707e-03
3.893341802860652776e-03
1.457884693959415889e-02
1.435639995491207535e-03
1.242171240171420325e-02
1.940066740031876763e-02
1.175124605709479235e-02
9.424153904319962447e-04
-6.304271273820668360e-04
1.327641367967634031e-02
5.931909885052957104e-03
1.842022251217207557e-02
-5.334040043486714192e-03
7.801116666977789271e-03
-3.149034835438441291e-04
2.511725970152400497e-03
6.455137873649726028e-03
-3.090885761792695578e-03
4.158623349218558765e-03
-2.562920552654961073e-03
1.848131475856648338e-04
3.934124897404529808e-03
1.396141835286053914e-02
2.851680960487712902e-04
3.576938596508409066e-03
1.420409980606771906e-02
1.260154199075433357e-02
3.037344341034533494e-03
2.951075194858125781e-03
2.009633414281052424e-02
-8.894517868865449428e-04
1.854611611209599706e-02
3.307246049499126383e-03
1.159754174415472162e-02
2.629319877772158098e-03
1.240893941168140675e-02
9.900127458248907455e-03
9.442598567298025793e-04
1.637362287621219221e-03
4.393402451490700973e-03
6.463710385507427311e-03
1.178864165952589124e-02
1.190882550677215728e-03
4.684785458637942199e-03
3.929546193504512884e-05
-3.822398522542939762e-04
7.802978049710561533e-03
-3.184968958434646578e-05
2.029636987815135706e-03
9.430218648921958463e-03
5.184170266205369478e-03
4.657066966799486459e-03
1.313238940712762107e-02
6.557079430722695303e-04
3.976819864617247950e-04
-3.194958809447095635e-03
1.885925752619776932e-03
1.940946627479898240e-02
1.059679434298466984e-03
-6.128696100999080293e-04
3.863513778805029858e-03
6.654611676129520807e-03
3.151651644748338157e-03
6.911873565757340951e-03
3.807023243406483428e-03
1.068413386310804181e-02
1.416487653112202903e-04
6.555345427452953858e-03
3.968262183583847955e-03
6.302236380676737651e-03
-1.801384701155424577e-04
-6.815912196475885833e-04
3.060281758546429861e-03
3.596691354356688040e-03
5.867331931309388484e-04
1.365663235601962539e-02
2.117095145961598972e-03
4.175381242101604100e-03
2.190997455990382255e-03
1.601270543374532125e-03
3.889307629187969354e-03
1.788984076446790061e-03
1.142827098213645455e-02
6.490712751796056008e-03
5.578866200184131891e-04
1.394929154062710293e-02
7.295648842741107865e-03
1.479179309802334565e-05
-1.335216111878027422e-03
6.855391511699068276e-03
5.412920444057441743e-03
4.659929054117591639e-03
5.017169441875484262e-03
5.976055509377404054e-03
1.025228144189314558e-04
3.125523357880956917e-03
7.836052712672110163e-03
7.248050047817812015e-03
-9.139088898672378990e-04
6.185308512699724294e-04
5.960497006879142586e-03
-4.749230016374336033e-03
-4.251826757286425516e-04
4.567362883435026788e-04
2.741709589443407438e-03
1.855512370836414010e-04
2.724579381535896603e-03
1.318304800197070588e-02
-9.098002541442109896e-04
-5.635412445603982766e-04
7.875673194728649573e-03
6.583616785088583154e-03
7.754378022181958666e-03
3.400376402312699307e-03
1.024894612021010412e-03
-1.711334015661821568e-03
6.205511310809848705e-03
6.040321171083194024e-03
-2.766062314918475967e-03
1.891139842595844674e-03
4.728505066663949569e-05
6.498193478378868834e-03
4.029045808851314248e-02
1.178713674024599659e-02
6.104044925751664005e-03
1.498643893656553296e-02
9.483255083491201262e-03
1.520726464188354964e-02
9.704670340031850209e-03
2.746239660446330583e-03
8.968652934493405102e-04
7.444919794966010917e-03
-1.971857488011483257e-03
5.899261846482395724e-03
5.991398071825583017e-03
6.269793966558838243e-03
2.843301974343155538e-03
2.827718759797425395e-03
3.343308279791474408e-03
3.216341652892497176e-03
6.963149785782474753e-03
2.502111013925284108e-03
-8.516239229224090981e-05
2.799673983736455387e-04
7.999942546642197991e-03
6.141928126938896735e-04
-1.519501149479942454e-04
4.636974464111307741e-04
2.225579740093872137e-03
1.739583793396934364e-03
5.002291621783360115e-04
4.386925312527994655e-03
-1.043368041490249200e-03
6.797660391337496770e-04
5.083991399531287772e-03
6.007534519403891779e-04
2.005786594517730038e-03
3.787866723801701710e-03
5.852608234180049947e-04
3.188910950401627285e-03
-1.009621613563975711e-03
4.050996947273108328e-03
1.162298012107981608e-02
1.956230634117671341e-03
2.204535722431805005e-03
5.338222678357835939e-04
2.639774425899593917e-03
-7.246002412755569826e-04
4.179479312235664240e-03
2.685350290282720580e-03
2.610988653741516501e-03
1.141780267877472339e-02
1.115240291848183102e-02
4.155048733981026726e-03
4.850735396198600953e-03
1.803607550546769758e-02
1.954511178845074523e-03
1.307868517343918104e-02
-1.964750982872152940e-03
7.220309953364371230e-03
1.727786690305928557e-03
3.160878919879213378e-03
6.860352195340843661e-04
1.486720905683300460e-02
1.455555575745849303e-03
5.027917870169797999e-03
8.727177443235638321e-03
-2.162815065408519319e-04
1.525702723579409371e-03
8.020175001719342597e-03
1.649600160882840234e-03
1.913004368827904249e-03
1.812060825264842634e-02
2.356017490362328180e-03
6.060276551822753148e-03
3.964822088202998407e-04
3.148107611422432464e-03
6.518176607853979482e-03
9.988327620681931168e-04
3.083874919908745002e-03
-1.219629572261657726e-04
9.763109346482024562e-04
4.754705598035933838e-03
-5.220362824096685950e-05
2.522283300163009195e-03
2.858112635570369446e-04
2.016448664131600087e-03
1.689478646653423850e-03
2.346698585542688047e-03
3.617783410360300711e-03
3.497221739279775428e-03
-1.095716454087958909e-05
7.468910428706900320e-03
4.738568594037426314e-03
3.330436098333187066e-03
4.522601080534672906e-03
1.429356131412079338e-02
-4.353243345653309490e-03
1.597757359740336128e-02
9.039455136416242945e-03
2.049160557642941069e-02
9.304460250020848283e-03
3.662494872557038421e-03
2.492206349152676671e-03
4.849158355056548513e-03
1.825454663637840220e-03
1.626525294464109756e-04
2.259115438212379052e-03
5.135318652739832498e-03
-9.709309909224934226e-04
3.488379550067077610e-03
-1.220502308888306905e-03
6.249302594690036780e-03
7.645402015216548434e-03
-7.999457610646785490e-04
-1.593976598534401282e-03
-5.095263479890797722e-04
6.234449291798947182e-04
-4.867235022909904797e-04
-2.220533220410020759e-03
1.245470312819395645e-03
2.570627777937693672e-03
1.504151939599529877e-02
1.062609727735958944e-02
1.228092533254381696e-03
3.690720504481954456e-04
-1.051823755336060533e-04
1.651836445235984642e-03
3.631312231287621688e-03
8.314150813517492923e-04
3.043631101333292219e-03
4.017154952222021930e-03
7.105918678047191440e-03
-6.271019382332793102e-03
8.517867258271721864e-03
3.652106579984484066e-03
9.073220275240425833e-03
1.864588818246354709e-03
2.785744348258115642e-03
2.604344688582192757e-03
2.109979724156795834e-03
4.733728813814282979e-04
1.016351491129676831e-03
6.290717502061434450e-03
-1.754743087557903108e-04
3.105531285156922080e-04
2.095339108391069006e-03
3.893848635713287668e-03
2.901316385938937197e-03
6.753646551109899338e-03
3.949469953056472873e-03
3.654066710896081236e-03
-7.251558657286384137e-05
4.831550387364875847e-03
-4.234913268924862936e-04
9.710629360368883741e-04
1.945103522532472479e-03
5.916441392435340015e-03
1.960415989035187590e-03
2.037234375399940914e-03
6.687165778464881872e-04
5.375737769094603331e-04
2.343849087082437461e-03
4.183644078040857882e-03
1.990758514445470839e-04
8.433518510526435020e-04
1.286066693190276002e-03
-7.334519576531681184e-04
-2.200614414692876435e-03
-2.757972676844149765e-03
2.426663751008614582e-03
3.648769423943813706e-03
8.321871940820212534e-04
3.291067141297945951e-04
1.083259764214651588e-02
-4.299290301938052568e-03
2.884961192645066255e-03
4.253091324776509148e-03
6.251590726854798150e-03
5.392530500770319722e-03
-9.903547513028061397e-04
-1.002467997836488725e-03
-2.456698762029664845e-03
1.668636916565433351e-02
2.521193749698171080e-04
2.169199178700175878e-03
2.534675244383392985e-03
8.051832404559040868e-03
-1.869268705338843098e-04
9.430608202138274264e-05
1.481366550682007609e-03
4.971970554419344671e-03
-1.196802314188900223e-03
5.628462963111267696e-04
-9.767019103223207373e-04
3.627328541898133113e-03
1.223606883415920624e-03
-3.102220539290262554e-05
1.599558248275218366e-03
-8.344975479904666055e-04
1.064275341987436360e-03
1.720879932259785023e-03
5.068614256720271709e-03
1.706739033930773424e-03
2.485855501387331749e-03
-3.126264698399706249e-03
5.681732740235485857e-03
1.837975790826575822e-03
-2.034382314458669985e-03
4.911339968751476850e-04
-2.591969790933278898e-03
4.181859699337162409e-03
1.294050532533794337e-03
3.097866892447930995e-03
1.064674553773730043e-03
2.373860706328796873e-03
-4.289522475850252579e-04
5.471726241501308208e-03
2.444144042120121717e-03
-2.885643430177157152e-03
1.872053185583836751e-03
-4.216645526760047676e-04
-1.996419841839706163e-03
2.854342175261903028e-04
2.203927336398838420e-04
2.500751081706745595e-04
2.410170173771062317e-03
7.309309127632169535e-03
4.191904252150309949e-03
-2.721894161246639614e-03
4.777169269625418727e-03
-6.226656247895108204e-04
-1.550840888433178966e-05
5.273890510516652435e-05
-2.172486911818189044e-03
2.001115253454321691e-03
3.957719211337587355e-04
-2.100091188994148567e-03
6.727202611185591988e-04
9.104475503454582171e-04
-3.725520481191155892e-03
2.265529602228097752e-03
1.880416622288144397e-04
5.095411928611821330e-03
2.444684232376453503e-03
-2.742854735652078615e-03
1.868328378125858795e-03
3.652406001482289954e-03
3.396467150879116078e-05
-4.102651763392925824e-03
4.213857250127950142e-03
-3.344726801108777528e-03
-3.301913943362394673e-04
9.663336198805091114e-05
8.556593383958151005e-04
8.875568956621523661e-03
-7.592411293084949187e-04
6.664976289866481052e-03
5.821697222555307760e-04
4.831856123397932322e-03
-1.307918796859583455e-03
3.328642719536853423e-03
1.088646654381607033e-03
-1.341506626486755173e-03
2.908944191557307456e-03
6.592862374219667955e-03
-2.622758529546928216e-03
2.436445528524769279e-03
2.720403807072370450e-03
4.315919885446788465e-03
-1.248943454235301688e-03
1.423431646646020651e-04
4.235618735656943371e-03
-1.088270246312333066e-03
-9.069355317039395469e-04
1.466308288866623481e-03
9.494306824069480288e-04
2.692997997683271427e-03
-2.125433028521052522e-04
-1.271393852940600096e-03
-2.509756657249808537e-06
8.368297676662324281e-04
7.547079659011657685e-04
-8.602052519329527521e-04
3.548666993297377309e-03
8.189113333867452382e-03
7.793336303761598007e-03
4.281626801473120583e-04
3.642580091280446172e-03
6.431087019397705058e-03
6.426044302165160628e-03
6.882538508607608831e-03
-8.642160963935989482e-04
-1.402055054722856813e-04
3.452230546802411001e-04
-1.449331971409474444e-03
-2.455262176369986046e-03
6.342693314162254313e-04
5.913025037251005804e-03
-2.896479966161340149e-03
-2.025192280418470873e-03
4.149699682705246251e-03
2.349524802661120265e-03
1.790110617432156105e-03
-3.976148793598731530e-03
1.943056507104993710e-03
-1.564111839904723869e-03
1.742236439178941566e-03
9.994607949464031672e-06
3.363913093025579920e-03
-5.404187727026231068e-04
4.318886324615418609e-05
2.197480049754449178e-03
-2.731456749498727132e-03
3.033665200056637548e-03
2.076330412978836821e-03
7.211047593107454369e-04
2.403886039573915803e-03
6.892005731243613063e-03
1.560912141675148846e-03
-1.290924615323069558e-03
-4.032629927024142594e-03
4.135517594900478501e-04
-4.835492662744718742e-03
6.958354207060161480e-04
1.827918410398660792e-03
2.538003134669264069e-03
-1.789274170894551317e-03
-1.954419413116501286e-03
1.385975022173759801e-03
-1.116348064844167876e-03
1.863023494910662908e-03
3.222470308457241802e-03
6.741184653322371788e-04
5.253414443461533207e-04
4.763117020397668018e-04
3.865224772885900249e-03
1.210933981125292529e-03
1.270369161360375291e-03
-1.195346241444598815e-04
3.748663086282590616e-03
2.654802581276961837e-03
1.726242277113726725e-03
-4.611961004893297823e-04
-2.112241351701017646e-03
-5.984463016460567480e-04
3.621700419167974035e-03
4.739877659991485921e-03
2.958412676305496522e-03
-6.654194398709361094e-04
3.518382627742810552e-04
3.822586551106626259e-03
1.669004244401155320e-04
2.787126480853492454e-03
3.648439602792012335e-03
6.629146373919163684e-03
5.970951581897108139e-03
2.279336139311710033e-03
4.015028292930645365e-03
1.879480709258903341e-03
9.503854367781054257e-04
1.700383771216176830e-03
1.461656812361126698e-03
8.498053026240372926e-03
3.700578002575840089e-03
-1.057508707493128291e-03
1.865772435152112177e-03
3.713419785489522739e-03
3.445957484942474124e-03
1.765567571140642814e-03
3.697441863581301833e-04
2.766883282777714802e-03
-6.225938513278565789e-04
5.998666993436358938e-03
2.500714960450637660e-03
2.446092906709680832e-03
2.952199967839329482e-03
3.442661473384227722e-03
-1.573729601279284665e-03
-2.250467895777754843e-03
-1.849411438750717639e-03
-2.213273643311557213e-03
2.165944463706272541e-03
1.995451973520919776e-03
-1.712576230139011739e-04
2.914600069803876051e-03
1.798887697324956557e-03
-9.380667721783837211e-04
-7.119784889686128250e-05
7.632793730912528331e-04
-8.682197755423266914e-04
9.043442759427756418e-04
-1.494648318524713772e-04
-1.591358258043610967e-03
2.160746326500775482e-03
-1.807116146962501951e-03
-1.384345262852653639e-03
-1.918668966000779044e-03
-3.514428989528142473e-04
2.445764202298520394e-03
1.598856198261777283e-03
2.828884912852225059e-03
-1.440768688585216881e-03
2.552730313708297962e-04
-1.137245055178096303e-03
3.587985630526827931e-03
7.383170161072375587e-03
1.919635420624191124e-02
1.537866842723403793e-02
-3.899664533850290531e-03
7.159384480279140650e-03
1.589475764578389752e-02
5.772533400639335774e-03
6.344020907586381611e-03
2.710756257965740712e-03
1.273721701650466255e-02
6.045130903942918903e-03
-3.000302257923104579e-03
-2.306230774002456570e-03
-1.648920415760500580e-03
3.241128394307948510e-03
2.452288621180565269e-03
1.346031434255207451e-03
-1.780713680864991514e-03
-1.147120459949776787e-04
-4.541987284017097969e-03
-1.225184667684222077e-04
-1.883067792219120370e-03
7.993362922761655665e-03
1.580539887724806154e-03
-2.038184556212175452e-03
7.174206573580676691e-03
-3.267506517320824190e-04
-2.180672447781420269e-03
-8.647400940257447821e-04
2.737045230525948607e-03
1.617504741720084084e-03
1.755372476923274146e-03
-3.874110845694324519e-03
6.086769517126978078e-03
1.933423144361920074e-02
1.306430146085883759e-02
8.088919952478143202e-03
1.342514983764969173e-02
2.295783392537954857e-03
5.233964530037894455e-03
9.433234438554575010e-03
4.780423448392478319e-03
2.225330617196733581e-03
2.823413235048292773e-03
1.119640932725696723e-02
-1.681333699683669643e-03
5.254467133324591246e-04
-2.134481930498786668e-03
3.513764470049187891e-03
-2.512182687910053530e-03
-2.314739921905131781e-04
3.782178846612570602e-03
4.186524484457802495e-03
-1.614603648812711501e-03
8.076098219305721457e-03
9.129733658212940001e-03
2.637752884919321566e-03
4.097557349084711593e-03
2.346842040679422096e-03
-1.931132777264515238e-03
3.077632744917777052e-03
1.158722374728172588e-03
1.831799125580147901e-03
-2.830824758313837193e-04
-2.122202775379219281e-03
1.887616063428741373e-03
-1.980962241584653173e-04
-4.621515763347268510e-05
5.372374073845484488e-03
-1.027963212497118002e-03
-7.889229428839514236e-04
8.187005769728427501e-03
-1.565956295851511550e-03
4.869856923926408135e-03
5.533045509428555220e-03
-5.458511503714731693e-04
-1.914905526540942090e-03
-8.591788818255255162e-04
5.236207293420646822e-03
-7.163997673056286992e-04
9.555996576677706217e-03
-2.355441685504475018e-03
4.029507487421747159e-04
1.583076590275872119e-03
-6.157617837833039270e-04
6.121816177165421416e-04
-2.831520334822938711e-04
6.200299540344295611e-03
1.230569600455557388e-03
1.423549762506018043e-03
2.012310358857682946e-03
-1.027643019870513180e-03
4.196953177348803840e-03
1.027140084776141833e-02
1.008862069328168116e-03
2.733808601857299573e-03
-1.934101522367141215e-03
3.878727470637053851e-03
-2.994274298359406953e-03
4.100478689458069044e-03
1.164144386009076902e-03
3.912745149342289862e-03
-7.243172384275365413e-04
-2.598170511998977410e-03
7.464704310792848879e-03
-4.748128850046726482e-03
1.779072800768751687e-03
-3.385449450273786474e-04
-4.567488720600081098e-03
-1.033401720882052817e-04
8.557514578925467033e-03
-2.019583776046372271e-03
1.312390461508894553e-03
1.243368423470819729e-03
1.970348733147799652e-03
1.147574265671845147e-03
3.623493152999080619e-03
-3.279110655751143501e-03
1.971412050678630207e-03
-5.251418668309988181e-04
-3.131347915526174440e-03
6.553828463366734129e-03
1.959465324481042374e-03
-2.103194732570518098e-04
-2.036229587875257666e-03
6.535089615667029513e-03
7.384188964282556444e-03
-2.390989626510088215e-03
3.151980352153672948e-03
-3.995841351420827310e-03
7.843555269729247503e-04
-1.378865232012440462e-03
3.364557505762847192e-03
8.903010292923186839e-03
-2.135752247112461012e-03
1.160421225364135361e-02
1.688871680289917923e-03
-2.325612981846840281e-05
-2.299259813347252074e-03
-2.155228246406402579e-03
-1.161808948603484676e-03
6.150371499456397210e-03
-1.998559954638085175e-03
-1.668997663405462697e-03
5.042445308523742578e-03
-1.524116752495355796e-03
6.997943802153507205e-03
3.953940959926221382e-04
1.325501958196855824e-02
5.068087309532639303e-04
-2.661473770354508186e-03
2.450040308910191381e-03
1.750468630060423355e-03
1.589675044937074273e-03
-1.097142737539012454e-03
-4.674693393204566727e-03
-1.585332163396760809e-04
4.869015698789273816e-03
1.092553348119668956e-03
-4.372109746789821713e-03
-4.758637410430928633e-04
-2.079055644619913230e-03
2.973256916795324195e-03
-2.018986935445018821e-04
-1.750356282411535784e-04
2.382707081788460086e-03
2.994816181267226027e-03
7.160166712695023149e-04
8.707659905149452541e-04
6.179327760766670230e-03
8.143993103417622101e-03
-8.251769026296771128e-04
-1.496466826693788410e-04
1.290733689614081406e-03
1.479511219846072617e-02
2.539171052046708746e-03
-1.921061843894591309e-03
-1.097642789924185326e-03
1.133220015730732055e-02
2.208655058158671795e-03
6.952503985331456686e-03
-2.364504833926621245e-03
-2.647097549632756140e-03
3.345045612920575454e-03
1.805864635543385013e-02
7.467186752952423290e-03
5.501900207224355403e-03
9.845059400680701914e-03
-2.175722750576263194e-03
5.421589540518583980e-03
1.161230052707560613e-02
-6.305930420054510228e-04
1.293523541979268738e-03
2.024553950739127299e-03
5.893796406332444879e-03
6.820329406776210780e-03
9.277843341812334541e-03
8.289952113393100203e-03
-1.590538600935127896e-03
-1.933871864698716043e-03
4.682978201366387074e-03
1.373213420346912524e-03
7.809493113858598581e-03
6.516333156813530064e-03
3.815431445938188924e-03
5.773359760865264499e-03
2.948458851453275228e-03
3.690469190959090161e-03
8.983507443388345087e-03
2.622160349633384426e-05
1.210174229141608958e-03
-2.470137342582873815e-03
1.093699781300592165e-02
2.368819168331772439e-03
1.069009842197798238e-02
8.641681308215309193e-04
-2.302187557401577395e-03
-2.145531486701101730e-03
-1.604924911278747535e-03
1.085009171296506814e-02
4.619508600569240640e-03
-8.061068065979263729e-04
9.677195998725162882e-03
2.443731716990796363e-03
8.382673569391792603e-03
1.039986628808692130e-02
1.417321982321289274e-02
-3.589948726291442710e-03
5.594286139381580676e-04
