0.000000000000000000e+00
0.000000000000000000e+00
0.000000000000000000e+00
0.000000000000000000e+00
0.000000000000000000e+00
0.000000000000000000e+00
0.000000000000000000e+00
0.000000000000000000e+00
0.000000000000000000e+00
0.000000000000000000e+00
0.000000000000000000e+00
0.000000000000000000e+00
0.000000000000000000e+00
0.000000000000000000e+00
0.000000000000000000e+00
0.000000000000000000e+00
0.000000000000000000e+00
0.000000000000000000e+00
0.000000000000000000e+00
0.000000000000000000e+00
0.000000000000000000e+00
0.000000000000000000e+00
0.000000000000000000e+00
0.000000000000000000e+00
0.000000000000000000e+00
0.000000000000000000e+00
0.000000000000000000e+00
0.000000000000000000e+00
0.000000000000000000e+00
0.000000000000000000e+00
0.000000000000000000e+00
0.000000000000000000e+00
0.000000000000000000e+00
0.000000000000000000e+00
0.000000000000000000e+00
0.000000000000000000e+00
0.000000000000000000e+00
0.000000000000000000e+00
0.000000000000000000e+00
0.000000000000000000e+00
0.000000000000000000e+00
0.000000000000000000e+00
0.000000000000000000e+00
0.000000000000000000e+00
0.000000000000000000e+00
0.000000000000000000e+00
0.000000000000000000e+00
0.000000000000000000e+00
0.000000000000000000e+00
0.000000000000000000e+00
0.000000000000000000e+00
0.000000000000000000e+00
0.000000000000000000e+00
0.000000000000000000e+00
0.000000000000000000e+00
0.000000000000000000e+00
0.000000000000000000e+00
0.000000000000000000e+00
0.000000000000000000e+00
0.000000000000000000e+00
0.000000000000000000e+00
0.000000000000000000e+00
0.000000000000000000e+00
0.000000000000000000e+00
0.000000000000000000e+00
0.000000000000000000e+00
0.000000000000000000e+00
0.000000000000000000e+00
0.000000000000000000e+00
0.000000000000000000e+00
0.000000000000000000e+00
0.000000000000000000e+00
0.000000000000000000e+00
0.000000000000000000e+00
0.000000000000000000e+00
0.000000000000000000e+00
0.000000000000000000e+00
0.000000000000000000e+00
0.000000000000000000e+00
0.000000000000000000e+00
0.000000000000000000e+00
0.000000000000000000e+00
0.000000000000000000e+00
0.000000000000000000e+00
0.000000000000000000e+00
0.000000000000000000e+00
0.000000000000000000e+00
0.000000000000000000e+00
0.000000000000000000e+00
0.000000000000000000e+00
0.000000000000000000e+00
0.000000000000000000e+00
0.000000000000000000e+00
0.000000000000000000e+00
0.000000000000000000e+00
0.000000000000000000e+00
0.000000000000000000e+00
0.000000000000000000e+00
0.000000000000000000e+00
0.000000000000000000e+00
0.000000000000000000e+00
0.000000000000000000e+00
0.000000000000000000e+00
0.000000000000000000e+00
0.000000000000000000e+00
0.000000000000000000e+00
0.000000000000000000e+00
0.000000000000000000e+00
0.000000000000000000e+00
0.000000000000000000e+00
0.000000000000000000e+00
0.000000000000000000e+00
0.000000000000000000e+00
0.000000000000000000e+00
0.000000000000000000e+00
0.000000000000000000e+00
0.000000000000000000e+00
0.000000000000000000e+00
0.000000000000000000e+00
0.000000000000000000e+00
1.049785039225482018e-02
7.169729673730979545e-03
2.481616104054862673e-02
7.198358598060499748e-03
3.219331329002481784e-02
3.775449811235284843e-03
1.272435937677088465e-02
1.665361855301032701e-02
3.355167541282322828e-03
7.651226659674167409e-03
-4.037337353413322913e-04
8.077944359818680156e-03
2.994428520066556160e-03
1.235914262102109397e-03
1.464839419440589798e-02
7.329700923464768821e-03
1.270306473720698992e-02
2.663351321829973261e-04
1.982366635757777315e-02
7.290587562455401113e-03
4.106940204168767726e-03
1.316839890335578210e-02
3.665865428004659414e-03
1.455114904645991554e-03
8.333506863111397531e-03
1.802453393731582448e-02
-1.242210032541546600e-03
4.449454109887053706e-03
-8.831632416063391706e-04
4.995115947522627692e-03
1.460706028847006798e-03
5.772257583906869292e-03
2.275675580038799550e-02
4.482811647082674510e-03
5.874156466261794100e-03
1.487329110358494993e-02
6.981106597261342757e-03
2.249645537494293092e-04
8.207282270958937351e-03
5.534340994038893305e-03
3.496874675748326295e-03
1.524764211295018441e-02
1.540736459538766950e-02
4.333244766879360346e-03
1.700825897828725508e-02
1.236892831002987282e-02
6.139570578650214994e-03
1.701431468567138686e-02
6.684601335726418105e-03
1.035848911713650733e-02
1.134050660198003373e-02
6.197920734510047394e-03
8.940909321827795672e-03
3.087817160658108857e-03
1.104576545262734091e-02
1.342285812601027098e-02
6.459257783938173424e-03
5.999889539560584149e-03
-2.526084521880462078e-04
9.559850006556413343e-03
8.869866475935081832e-03
3.548910771207608363e-03
6.249314831949840353e-04
8.717063805203248417e-03
7.894462150523102323e-03
5.214085529943844263e-03
1.740877956546840917e-03
1.531583882893065504e-03
7.751386796747272191e-03
1.130458323924992065e-04
1.694728032149170685e-02
8.659530930238284324e-03
1.173843785580135600e-02
9.628863746768787091e-03
1.033585855201671474e-03
3.746016097062567635e-03
9.359718248609791985e-03
7.506143486893923460e-03
1.089601928464623004e-02
1.011237191556814147e-03
3.234889502031843694e-02
-4.887165353000340502e-03
1.097543911379407315e-02
2.334901786248061353e-03
8.869896254862303514e-03
4.651319377697331857e-03
9.466026690462564508e-03
6.348291805384940860e-03
1.908255239787200186e-02
4.064935039727402347e-03
8.429419638185347077e-03
6.637170741361901084e-03
2.243192263552912583e-02
8.024438560616737118e-03
9.374246258967584497e-03
2.216520585258980464e-02
-1.336393856092432577e-03
4.766793218332136296e-03
2.860919984122933454e-02
1.567991533093060497e-02
1.617902903564956765e-02
2.192566768467725177e-03
3.137810376483847474e-02
-2.068271963633395733e-03
5.958348637738268040e-03
1.188115596421483559e-02
1.148430283874555570e-02
1.150212283435103622e-02
8.109312873379488987e-03
2.274076336093157000e-02
1.860988196263012664e-02
6.779363032375401027e-03
8.656256659585555638e-03
1.122224589129680768e-02
1.785661913197067810e-02
6.190141346159839207e-03
3.491860128050999768e-03
1.453297858329313536e-03
1.228550176124203197e-02
3.031808595288594445e-03
1.208606900761713746e-02
5.404482302834334381e-03
5.554509721615400256e-03
-3.385041953488549926e-03
3.034027582712524838e-03
2.397087768161386499e-03
-6.740250480082436192e-04
4.395344113655154329e-04
1.503405369427658796e-02
8.773846350859581047e-03
8.058843890875193490e-04
8.360621164909739014e-03
5.892538119044944157e-03
1.497568475760519859e-02
1.101709257312312104e-02
3.845049887443992113e-03
3.762490659686418184e-03
4.371478537764938305e-03
5.803852195677438632e-03
3.944405854318355428e-03
1.083376302602812903e-02
4.494190630632357436e-03
1.377643619832431268e-03
9.201063552624100554e-04
2.231856830995217547e-02
3.578142228824584582e-03
6.655599779681362765e-03
2.033555860977857843e-03
5.213770654417740000e-03
7.532311776703316114e-03
5.011003147156695668e-03
4.789343717281976595e-03
1.190704521890148179e-02
1.784636198865330705e-04
8.929621765268123609e-03
9.564945832792287432e-04
1.070900297800469895e-03
9.491928392386023150e-03
4.714957293907287052e-03
2.395435684735743812e-03
6.482400953571509222e-03
3.091760624925477506e-03
-2.472385115745202172e-03
1.843778419218900606e-03
7.000291760890709446e-03
5.168336877863360934e-03
1.579514121580594815e-02
8.872587673939812949e-04
1.044149634093480272e-02
1.592410039571459310e-02
3.673438781420648464e-03
-8.572599355980759818e-05
6.058647764305319025e-03
9.810462713285957037e-03
1.331337555413030470e-02
4.442850832129345388e-03
1.429146915066889728e-03
1.775093130165308159e-03
1.592325551512298668e-02
2.138277683436916928e-03
-7.331968300562862698e-04
2.071421572168573658e-02
9.542123193627223207e-03
-1.877089511147706814e-04
-7.319872864986975113e-03
3.618253232032764516e-04
-2.267083850778639628e-05
5.273385718470116959e-03
3.827099428348338609e-03
-1.832926454159385142e-05
2.274818779209826069e-03
3.729504616474192680e-03
-2.336040732308568117e-03
-9.447234271225399879e-04
4.143712311287904224e-03
-2.615685830279032131e-03
-2.759418298299962016e-03
2.230921046308928339e-03
-6.539621074643103566e-04
-1.192353644327648040e-03
3.804589809197547225e-03
6.219420413846972126e-04
-1.339184670736968128e-03
8.101216993351144022e-03
-6.127699929124878937e-03
4.275737720904336167e-03
-5.929907236158908287e-03
1.302112091411239923e-03
-2.222875113429707492e-03
-2.735147636268796603e-03
8.675762943781492251e-03
1.765706647215644839e-02
-1.546409782358951386e-03
4.903424633149400073e-03
3.435069199201903206e-02
2.106355125125511721e-02
1.977499290223155501e-02
4.223306747136740258e-02
5.032849030275725333e-03
9.220887794058827899e-03
-3.046741806187179460e-03
2.800924512631610547e-02
4.873481434671344745e-03
4.892070764123332416e-03
9.444318573779942119e-03
-2.707840480928261177e-03
1.012324059796218187e-02
-4.139220214293933063e-04
-4.484752392343961192e-04
3.336178999961721472e-03
4.990702071325381871e-03
5.567716385995144165e-03
3.783832877542321355e-03
-2.892689242304383093e-03
8.371836429503106379e-04
1.541838680305940984e-02
7.512044595527067603e-03
1.283265503009848197e-03
4.288791133160791552e-03
-3.449264306126031271e-03
5.669887281935902116e-04
-2.980193619845275706e-03
1.051208122082718591e-02
1.161064983574501205e-02
1.358681876641427456e-03
1.142335155946294471e-03
8.226943674463066793e-04
1.579133918579403006e-03
-1.308458656599347349e-03
-1.614534591975046608e-03
1.488197911249500250e-03
9.762286816234999956e-03
1.141157298236635323e-02
1.220721228942930892e-02
7.003637429294311094e-03
2.193884180655932600e-03
1.648724569884745363e-03
9.217050534444820933e-03
1.326245928849711930e-02
-5.240415854507514230e-03
4.398203389297766601e-03
4.140784765836208470e-03
1.159657056371030115e-02
-8.758478334266108379e-04
2.029694797106359333e-02
3.703909863132179032e-03
5.276516832260014570e-03
2.754223639474904107e-03
1.669320163374095334e-02
6.918494002412084714e-04
9.141783625126432070e-03
-4.101048854758420660e-03
2.733510736404766027e-04
-5.819778791782214723e-03
1.041764789645555252e-02
-3.392510122842340090e-05
4.749612244767451377e-03
4.891685467398790461e-03
1.576367799216109311e-02
-3.004852512053426267e-03
3.193012271125702378e-02
4.613722834924227634e-03
4.418257868017999579e-02
3.811226363139682410e-02
3.679459247370873293e-02
3.575253785867575640e-02
6.723650535804744609e-03
1.236097298931858671e-02
1.116212918997843903e-02
3.941328765692377577e-03
3.225240639706135337e-02
1.225636419306666211e-02
8.213489982805783837e-03
2.860038119375102328e-02
2.515366664441205657e-02
-2.228348408397092407e-03
8.931494472982637323e-03
1.885845895368670755e-02
9.827209792154789625e-03
1.054157489756022206e-02
4.177643859370731676e-03
8.831810033861129880e-03
5.931790535738941210e-03
2.370912921614759528e-02
6.332855380933855721e-03
1.226444780970983514e-02
8.339150253564223472e-03
2.328958110395397147e-03
1.538729666161070065e-03
1.362781907868156582e-02
-1.072241562177906043e-03
1.678498809307912149e-02
-2.783091223644635487e-03
1.291449348613084303e-02
5.945401826603289447e-02
8.920027412605080475e-02
1.228483893777785642e-02
2.266941277656562073e-02
3.621664387031857391e-02
8.707820972803387988e-03
1.719351759064883037e-02
5.430562730952678482e-03
1.393127932601427241e-02
1.138924170442524343e-02
1.723649859673277024e-02
1.184777739596825676e-02
2.222718435031703285e-02
1.712380826277502040e-03
1.258649521989861284e-02
5.113477306084593388e-03
8.258558936987060034e-03
1.046712305954852415e-02
9.707924413639252778e-04
1.363727146165870721e-02
8.749872852499562814e-03
1.125824329210137892e-02
1.108690552103736189e-02
2.012186369033020644e-02
6.888729065423433717e-03
2.267697409228536937e-02
2.309600542826564275e-03
1.582042421699187199e-02
2.167622875397923199e-02
8.055863447093409083e-03
2.837890782598293058e-03
2.895554568520189963e-03
4.178815833098678371e-03
3.378233756377689665e-03
2.873758348233627913e-02
4.279334657007752979e-03
5.305240045066828870e-03
6.469295146219558069e-03
-3.898406227381431485e-03
1.397262132088944973e-02
3.845091149673791897e-02
-5.884951731777932765e-03
1.329052491423420371e-02
-4.332835012859757688e-03
1.356799516629641697e-02
1.124360549416773825e-02
3.359116440025596007e-02
1.929681062171864810e-03
2.518097714350284871e-02
5.209295576227282107e-04
-1.437127939559928623e-03
1.366807049698425675e-02
-2.174573694854838556e-03
-1.732752404629583258e-04
2.119921000755134108e-02
6.398976240765637041e-04
1.852217709889307853e-02
1.626692536057073105e-02
2.619996420273196236e-02
2.013290408280745195e-03
6.687533961809058458e-03
1.664294956688621308e-03
2.118895659437684473e-02
4.913709132459969688e-03
3.768673004483487528e-03
2.899994899320766217e-03
6.901914291230255502e-03
3.019849727609264303e-02
4.212482520616719905e-03
-2.355465951609518778e-03
2.496626840709239084e-02
8.262820546299783769e-03
2.901831351520437006e-04
6.699710692685699812e-03
3.294804103651678522e-03
1.340242945015823403e-02
2.699154405208244612e-03
-1.496550525708910569e-03
6.252452289117757869e-03
1.697285099846055452e-03
3.623207667817579265e-03
4.349848690796256044e-03
1.059543580738035902e-02
2.839741688325769439e-03
2.494232809986523039e-03
1.428168673001911290e-02
1.749198068924641587e-03
-3.311162237356329776e-03
4.369427631336028975e-03
3.174059150450569446e-03
-1.306928839049857323e-03
-4.689679510473931771e-03
1.517148143931065264e-02
2.258943283606668333e-03
4.523627476744157723e-03
2.007294862925122596e-03
2.222255832684846659e-03
1.050775316035591940e-02
-2.004503606827771553e-03
1.360194288765468034e-03
3.766271293325918748e-04
2.276766304953063615e-03
2.642027655823024276e-03
1.419238155119890293e-02
-4.858891217622510021e-03
-2.773361368739703063e-03
2.153140120364046423e-03
1.420221425494001734e-03
-6.831728445929523795e-03
4.965029094856210357e-02
-6.001763786172582132e-03
3.410951719805382573e-03
1.061003835217306200e-02
1.847210822150869430e-02
-2.843251759838505682e-03
4.736759899781095226e-03
-5.155042701931845418e-03
8.840664700393038519e-03
1.500629277542436628e-02
2.075115072140396380e-02
-3.008520532893100511e-03
-9.977435826166393320e-04
-8.172785001410096117e-04
1.603930511626782893e-02
8.628843704790971217e-04
9.011044045170618286e-03
2.122011987788655703e-04
5.609849717811461398e-03
2.725392792575716087e-03
9.456329099025884144e-03
-4.664323449945483599e-04
3.343022954925582366e-03
-3.090380267882331545e-03
1.519490755440579960e-02
2.513181690476061145e-02
-1.431406869747653757e-03
1.059840862679670669e-02
7.296937806939439615e-03
3.362537411799382432e-03
5.552667707555375247e-03
1.443511041160694050e-02
2.165850096046515773e-03
-6.735282325784526514e-04
2.662049893183643899e-03
6.942163507014398891e-04
8.477049450283202607e-04
1.135670283530682348e-02
2.769776417895317144e-03
1.557114545861983937e-03
-2.581736231025049625e-03
-2.960682215097229161e-03
1.182237572991833713e-03
1.186639629438304830e-03
9.910334695693095389e-04
6.821468207182240784e-03
8.948548285701275751e-03
1.364968781325736789e-03
1.210837275646503911e-02
5.037823344233428521e-03
5.824853720447233617e-04
5.974423801706148923e-03
1.108598431923808574e-02
9.036369833518400826e-03
6.802930969846910682e-03
1.344579366431735215e-02
4.827031356508720839e-03
5.802844753784410468e-03
1.015926244301254382e-02
2.100192016578990208e-03
-3.074008620585226472e-04
-3.475136641577909052e-03
6.458083742162000138e-03
7.916029688333235670e-03
1.558142876685681723e-03
1.493530076186869344e-02
1.812945809570616542e-03
-1.206588817318810913e-03
6.800184670970855182e-03
1.245096895103692432e-02
1.221818313031073668e-03
5.031429918508920421e-03
4.290910563996799994e-03
2.237604935019939321e-03
3.340264139243246614e-03
4.227055966986878119e-03
-2.037669146643487916e-03
8.705109498219313832e-03
4.671052585601812024e-03
2.976736463118243373e-02
2.276386916671099304e-03
6.116535410243314347e-04
6.727121873419360243e-03
2.599931535308212891e-03
1.291539443294481039e-02
2.360032727691405846e-02
-3.934237613879868964e-04
4.824288104474708759e-03
1.109116771838437703e-02
1.103880252927452905e-02
-6.808742975254729411e-04
7.518392338765642752e-03
7.232869505814973734e-05
2.385330442872911696e-03
3.010830951840507818e-03
-1.857004794271521157e-03
1.890930419120185257e-03
6.416535783382431852e-05
-8.652344157911001079e-04
3.393419235339773660e-03
1.030911677496091500e-02
-1.551941241453636856e-03
2.160263070120419394e-03
6.624020944478364870e-03
8.392187221768879907e-03
-4.796226892390585694e-03
2.550803637589266898e-03
7.186081844012375160e-03
2.327705446364028430e-03
1.158455574906776774e-02
-1.690096712664586288e-03
2.989681628643638123e-03
1.702137298337804165e-03
7.612412596452259044e-05
-1.446681715965973582e-03
4.552111619889373517e-03
3.919620971280812251e-03
4.110852897560953421e-03
-5.329489281874629728e-04
3.710647481408464168e-04
9.018570656094820892e-05
-2.201590481027286376e-03
4.032015244536931407e-03
2.350289397096335395e-04
-1.422986958306341615e-03
4.317603503364682987e-03
-1.439456770938164851e-03
3.576792850683876285e-03
3.654154688986580198e-03
1.384460676810189347e-02
4.061468781059089303e-03
1.377055494469796347e-03
7.270985083160904153e-03
6.721404970552379184e-03
6.727361687405647439e-03
4.794534786256174027e-04
4.812793289584723494e-03
1.351620308162978200e-02
1.056564116744071816e-02
1.073052648469199725e-02
-9.739919805054893069e-04
1.247967028854609457e-03
-9.461859440226946458e-05
-3.601006580225456569e-04
8.735504779300884079e-03
4.592313992300053535e-03
1.592288488044337445e-03
-1.026634235508700876e-03
2.101192457612378536e-03
-1.148404286203177698e-03
5.770236793099800879e-04
-9.795601414463164444e-04
-7.975676081342162726e-04
8.419542866230131373e-03
3.958610185037699132e-03
6.299097165059897203e-03
2.765403247636092667e-04
5.524118189446097652e-04
6.725425844705084678e-03
7.944119977742041330e-03
1.293494089601490140e-03
5.763927621373787129e-04
7.030365160760475469e-03
1.627900632655424062e-02
-1.744274097182966620e-03
1.385491347939037457e-02
3.075520062785025432e-03
-1.815799253934467306e-04
2.364642039496908481e-03
-3.117285090189538151e-03
1.645781163664382417e-03
1.626884628081259887e-02
-1.314197832305697908e-03
-5.921580039254892378e-04
1.316489340934470266e-02
3.754341823130911103e-03
-2.166577620741252062e-03
1.019812523066790768e-03
3.070113005622812294e-03
-3.052950466579083008e-04
2.726770960116849194e-03
2.651956140901380859e-03
3.847216655377282482e-03
1.800585301400692111e-03
-1.932631287046675250e-03
-2.519020008213338066e-04
-7.808835066984330057e-04
3.470358519468264621e-03
7.335296911866850955e-03
-4.003459793139748334e-03
8.439033405233529322e-03
-1.084306337832795751e-03
9.025484544459661668e-03
3.858506701141971133e-03
-1.579617734209198170e-03
2.277464122408075740e-03
-1.598414174329286942e-03
1.756802175662204634e-03
6.678378366544643601e-04
9.284010090026773021e-03
5.286061280147922106e-03
8.562015217548836661e-04
4.367614424308436175e-03
6.549065981298298443e-03
1.280083735815223250e-02
3.628246868909564861e-03
6.164780264241473233e-06
1.519361074323822810e-03
-2.462273054423916394e-03
5.108961379013985532e-03
6.298714352614255031e-03
1.263614834574823022e-02
1.255192367275575344e-02
5.254525426333085496e-04
2.515246971557317732e-03
-2.575169618179542802e-04
-9.431985746141695239e-04
1.752038403827433765e-03
3.608224720208220472e-03
2.166478694512257927e-03
-6.825823889955643211e-04
-1.641718140394341028e-03
-5.130959950710993912e-04
-7.636496073507723558e-04
-2.620135590734335145e-03
-8.774534982093854115e-05
8.785352144624454518e-03
6.704872002183475364e-03
2.040380582415261910e-03
2.226036023715309911e-03
-4.944777080406082426e-04
2.838125654110064226e-03
-1.298920170925385240e-03
1.079291639936171996e-03
-1.410179431754382149e-03
-1.594842359960777617e-04
3.544346251050119797e-03
-2.427787732433285290e-03
5.178585445890689261e-03
-6.532137916965558694e-05
3.446154400243498384e-03
7.425595190395398127e-04
7.239887506329045069e-03
1.722902881258572307e-03
1.328556028823641919e-02
3.183094916225924585e-03
-4.165776831604297084e-03
1.010302052126801171e-03
-4.663918316700291396e-03
3.827417339834960144e-03
6.920585773376892839e-03
-5.122076333138887282e-04
1.420227293889537307e-03
-3.903761080720252481e-03
-7.902627162274990930e-04
2.089644640979475537e-03
2.102610636897292700e-03
-3.496152907630559453e-04
3.751117310570740125e-03
4.856158906330505613e-03
1.248755335588320580e-04
9.040308506075428463e-04
5.094721922187194201e-04
-3.261981767702594372e-04
1.891310217158860335e-03
4.585503886923169778e-03
1.473907689591758257e-03
4.135584260223673539e-04
8.845852459163006305e-05
4.249172116190132447e-05
2.690912767513040267e-03
5.324376863058970233e-03
1.001814280167164818e-02
9.137991832159257991e-03
3.765776795807978736e-03
4.979571264718226416e-04
-5.840364551748134393e-04
4.211193746120615172e-03
5.503660843931544068e-03
-1.082250208721848277e-03
3.189401230981412511e-02
7.015295496632618921e-02
-3.603624489407424025e-03
1.020673065051414148e-02
7.055446615091583509e-03
3.585121330354461375e-03
4.854528531347005772e-03
7.988657056919893848e-03
4.179636191053950033e-03
2.274331285394100288e-02
5.124131199405123141e-03
6.424001374873828524e-03
7.114069933025997383e-03
1.223785634890991320e-02
3.703946663151430532e-03
9.482769738888879169e-03
1.832791805886508632e-04
5.808702019590056796e-03
2.113133534173204479e-03
5.807453734917754004e-03
2.912008450209130610e-03
5.454082240006321962e-03
5.720702061274994012e-03
2.073377108119608264e-02
1.665481330198870756e-03
1.456048465287320716e-02
1.421084697040815234e-02
1.295406567404223594e-02
5.591911794804991544e-03
7.256697819268634157e-03
2.784355145609368823e-03
8.863915558478357298e-03
5.852403384291405934e-03
-7.040919261807208375e-03
1.476243913106525980e-02
3.589830694202422994e-03
7.506484668445768255e-03
1.042735187904490941e-02
-4.441375036342529690e-03
1.743305583366995884e-02
-7.993966339680889238e-04
7.146290457589373965e-03
6.487852582091904741e-03
3.629942680533534624e-03
1.167381942295708146e-03
6.172865031668533717e-03
5.903601550169789575e-03
1.417722448600144090e-02
5.930519168365559063e-02
1.879484822849794221e-03
1.411844345172649957e-02
4.716956368174185163e-03
3.364593647124165809e-02
1.143322207292782160e-02
1.734508885149555271e-02
3.900964293061826363e-03
1.082287134621374471e-02
-1.373298276375395886e-03
2.332439883020218443e-02
2.141899393653475762e-03
-2.549516489831843424e-03
3.882242086756243840e-03
2.950895516262433751e-02
3.363663029591790633e-03
-2.469167869478027747e-03
-2.541901977175940915e-03
1.348829086330518429e-02
1.907937581184102321e-03
5.739063945990593996e-03
2.105341369258977025e-02
1.796252072640230121e-03
9.725031360762694324e-03
3.291440781651196537e-03
2.958394801150778571e-03
2.647244259495544396e-03
2.161089886335662135e-03
-1.305322799511183639e-03
1.243849719045994617e-02
1.188229193236763027e-03
2.251953355636900252e-03
7.319963734574246560e-03
2.317269157771228213e-03
2.683140366662916526e-02
1.527050331512257164e-03
1.841883488403188093e-02
6.799555320343593327e-03
6.163185776958592793e-03
2.342861529205724977e-02
3.797647766049669360e-03
6.961303133662321944e-03
-1.255528373633823646e-03
8.525037648112307812e-03
5.380880097519328761e-03
1.443458233427570396e-02
3.937926850602358093e-03
7.892344376008659027e-03
3.087788351285499118e-03
6.123041949902703444e-03
2.621425966042404201e-03
1.647653908237807843e-02
1.054135261558398692e-02
1.077657604110700100e-02
9.585429876407616095e-03
7.013406683792142507e-03
1.554252127618589892e-02
3.547651515911251410e-03
3.192935345491920707e-02
5.809697629617664380e-03
6.727159620317080604e-03
1.550912553163749825e-03
4.110741458072434545e-02
1.645017591361369515e-03
3.441368233132097859e-02
2.958226338352215601e-03
-1.050193997946824182e-04
2.739815374510091387e-03
1.644385403470781035e-03
8.638730378378467077e-04
4.354675752558824844e-03
1.497684188858218468e-02
8.479737088289349134e-03
1.224545072754899822e-03
2.661558699244491368e-03
6.683481540301572377e-03
5.362218100603980200e-03
9.752075830444805610e-03
1.187976520263021515e-02
7.794571270654245682e-03
2.522802951292457338e-03
2.120539802935108003e-03
1.825943116728141486e-03
1.182027771077901086e-02
1.930294224601623691e-03
1.776694600493490539e-03
9.695615093644222027e-03
5.092837000651889365e-03
1.523367648750082164e-03
2.135333846434816010e-03
1.060444091613344094e-03
1.183687997472033463e-03
-4.574894393837731230e-04
1.385987739035631286e-02
4.585451859919922532e-03
2.519218193940741223e-03
8.664780130316646761e-03
-2.658367252275035085e-03
5.678491787165393552e-03
1.379012744743128224e-02
3.317264581506011202e-03
1.343522442618262647e-02
4.584680869748176957e-03
4.593167851795611906e-03
7.224124552254443301e-04
7.290283356632320730e-03
2.176736982625454824e-03
1.676621458140994253e-02
7.382033497711254673e-04
2.586533988834611650e-04
-1.090258326421341111e-03
1.830159024662252748e-03
2.692701600612720618e-03
-4.548046242544624175e-03
1.985298000764851301e-02
1.199251771406803155e-03
9.190061115030503588e-03
6.392255724081396737e-03
9.911641192630539672e-04
1.413859533097503157e-04
6.145155071344061970e-03
7.418873722701501382e-03
1.223089522251419661e-02
1.835475356842963422e-03
-3.788325413704908161e-05
2.294574806277532332e-03
1.649774990983028395e-03
1.818738181248390900e-02
-8.590532693109654856e-04
2.130467803340996193e-03
2.342943718182345734e-03
-4.492138550284295248e-04
-4.492674082803247435e-04
9.591996443987081677e-03
-1.624013268223983061e-03
1.446942973070411420e-02
3.963451679045108117e-03
1.097309390322033680e-03
4.330132057225357690e-03
4.431895750035802495e-03
-1.151281451753330583e-03
1.053541332015212745e-02
3.670514312429561110e-03
6.338394102478841184e-03
-5.806693159867993550e-04
1.188928116311410059e-03
-2.531878040959102856e-03
8.264613904810176950e-03
4.363531457821960384e-03
1.449351754883979049e-02
1.204724898749755246e-02
8.350060960177541070e-03
-1.067907671249856798e-03
8.278290050165041172e-03
1.448635823518666828e-02
-4.939789447118077574e-04
1.104308717648194542e-02
1.310073715512154657e-03
4.695138460011774942e-04
2.405865192487705983e-04
-5.755095181038200058e-03
1.564190492408120380e-03
4.425515216765411701e-03
4.133856230618245193e-04
4.497552183290999712e-03
1.648209151627782684e-02
-2.645312231258468896e-03
1.088211165414220555e-02
4.108519173177217071e-03
8.142211324995697564e-04
1.681921665094693579e-04
4.099064557694606127e-03
8.617289569356718221e-03
3.044987861242779759e-04
3.115834879277573546e-03
5.880975659114538213e-03
7.642474133478588220e-03
-5.901028792004481315e-04
4.226458669995728813e-03
1.245993225640385470e-02
1.099560137435131278e-03
2.843024880825221015e-05
-3.725322278547663329e-03
1.150389757655220779e-02
-3.669497702604747249e-03
4.978639692549428376e-03
3.071855252476912712e-03
1.180839380823600973e-02
1.655568373512307512e-03
2.594919830949753668e-03
8.305651086133625238e-03
-1.674523866852490640e-03
8.168419221250739631e-03
2.865097792382797440e-03
1.851955109761213103e-04
7.709088752123843900e-04
-1.442632026885172156e-03
-2.043899618627577613e-03
3.796179123917882686e-03
5.194623594529786288e-03
2.983690011757089873e-03
5.666356173676876913e-04
1.756436396070483160e-03
8.157604037740701780e-03
3.543766479376380014e-03
-1.980859852834075240e-03
1.143192566547671443e-02
1.946603238857966376e-04
3.402352264877800229e-03
3.126601212023628808e-03
-1.596351932210475890e-03
2.520255829085245661e-03
-4.176013816033480493e-03
6.504763983819986627e-03
1.857320723968757100e-03
2.495789389761228765e-05
4.528655708892114634e-03
3.495385370663010860e-03
1.759904358241681181e-03
1.413653528758175223e-03
2.829643946974134700e-03
6.753152998277905765e-03
1.807934803482056469e-03
-5.181538208972054469e-05
6.215086387744299216e-03
-2.962724210739046786e-04
4.836986564925646777e-03
6.686307098936797831e-03
2.234567389550838439e-03
5.416717295741986602e-04
7.556047729305725167e-04
2.134675726195835394e-04
-3.032197826576918387e-03
3.349949572778598166e-04
1.268147362951123347e-02
4.805307575129242822e-03
1.656407823279636019e-03
2.243270752409240280e-03
2.522670893872738275e-03
2.372774598697203596e-03
1.347006879931359098e-03
-4.943107842880468082e-04
1.419608807260494066e-03
-5.305401042792205930e-04
-2.558907982357582021e-03
-8.590020034250132972e-04
3.031917252794491795e-03
-2.707894891519804781e-03
2.640816333674811129e-03
6.134006645419715293e-04
2.133955143512763619e-03
1.623270723511264363e-02
-1.297845282471880250e-03
-1.329518908456625050e-03
6.173957337092068551e-04
-7.327583097120002071e-04
7.746428496260740048e-04
1.647064960172814254e-04
-3.598851575457841451e-04
4.386628271423048155e-03
3.368710353619062004e-03
3.895511120656193417e-04
2.931159957533339099e-03
3.527183624430474482e-03
1.795779029536004236e-03
-4.025892257008155742e-03
-2.612525098636055577e-03
1.367253530472596623e-02
3.926659391933403145e-03
1.566911279901360161e-03
8.677971200042712899e-03
5.018011270820666413e-03
1.453795160949200062e-03
1.477240481028146242e-03
7.185444073283422765e-04
8.854265956002584440e-03
4.911912025421374256e-03
-2.614610612364454351e-04
1.796234509444345285e-03
3.950105228940906793e-03
8.242287805240394380e-03
-6.359539664765402655e-04
3.270770041945657985e-03
9.090809879393162499e-03
8.078743319526497050e-04
1.140582973820370057e-03
4.928938952665399371e-04
2.058913426918881212e-03
1.929479750362626637e-03
3.660427538113778315e-03
-4.183820997051405401e-05
3.623261505918719261e-03
3.104218250968500490e-03
2.994427919367173563e-03
5.188545533119973650e-04
8.425628365967143636e-04
5.025221925592672891e-04
2.339364689879020690e-03
-7.326899535697112753e-04
-1.651477517338250517e-03
2.373085679512196549e-03
-2.436897450615168269e-04
8.585261128030537842e-03
-2.518898615484418090e-03
6.355428012792973917e-03
-2.536252934767023026e-03
4.586261246700030526e-03
3.324875220400198231e-03
2.051461398363513267e-03
3.487234567576527958e-03
5.651293360451422991e-03
-5.186516355699846269e-04
6.427114150463405238e-04
4.537312286630942881e-03
-4.323128935587398219e-04
1.433087737319414107e-02
4.831631019408915741e-03
3.403101997207060806e-03
-6.552788850305257774e-04
8.590587277275657518e-03
-2.158860039849004597e-03
5.941599956292360936e-03
7.512732608179358701e-03
9.782438092479757430e-03
1.046780147511463307e-03
1.232279153696354962e-02
8.420237476456588280e-03
7.036561660724462326e-03
2.868064639175498150e-03
4.917698411184716345e-03
8.243898684656197559e-03
6.151072716612710628e-03
-3.349425461945290238e-04
2.569972520885163356e-03
3.747755057822652665e-03
1.697876720094235615e-03
-1.645579608015157414e-03
-4.269095809853950488e-04
7.748620596814495727e-03
-3.139056743570888984e-05
-1.908482009017698237e-03
1.530456502034583093e-03
-9.467858113948229761e-04
4.333589747653820469e-03
7.097382917884725861e-03
9.606926551013800566e-03
3.136410854598419007e-03
3.718088399715939636e-04
1.375727871481653014e-02
4.825128703982979692e-04
8.888317387070868159e-03
5.055663486415574656e-03
-6.547221289135790601e-03
4.474845787451007259e-04
-1.384149802258920854e-03
1.413347011332958571e-02
2.909174616455333876e-03
-3.316615462461597851e-03
4.469712609370474037e-03
-3.485804203156973131e-04
6.484441560778001802e-03
-4.284259076889098935e-04
3.678129500589941928e-03
1.515507415355033275e-04
2.522687842681063664e-02
2.575875733950018856e-02
3.912234947998447648e-04
2.380255821140788352e-04
1.848108970003880169e-03
4.674113293400073907e-03
8.779055798273035366e-03
1.038208560656622703e-02
7.932503532028057497e-03
3.526123581791855074e-04
6.802916190273405536e-03
1.712442608023576757e-02
9.695566747572929855e-03
5.205728830044521575e-03
9.262211152837282122e-03
2.334939536301135730e-03
1.253656751188994556e-02
2.022277395007236397e-03
-2.640995258335191494e-04
7.895003065356091462e-03
7.573417497092733118e-03
3.894568198050417374e-03
1.233180515566021859e-02
1.870458451057373933e-03
1.158853594926768406e-02
9.477514498994810133e-03
5.915844478811795731e-03
8.761963306816196798e-03
3.684508756768383603e-03
5.154001448305519512e-03
7.388580717247076463e-03
2.743612573746810786e-03
1.071998973472423379e-02
6.724952874107370873e-03
5.690336565637838483e-03
7.593357282966070945e-03
8.225739671304709011e-03
2.369256239102999692e-03
1.010468219495938222e-02
4.864537551720752792e-03
6.586248133883811431e-03
2.724538984800307234e-02
1.642592589414484591e-02
6.193935081793879201e-03
7.515568940470840342e-03
-2.319005946241913668e-03
3.185838170935111850e-03
1.940848941995863136e-02
-2.336504615308451424e-03
2.932013606525369666e-03
5.259976492467116974e-03
3.459277708155370900e-03
2.140560283244013866e-03
1.566244227687858467e-02
-2.706357136251817067e-03
2.074523076308858096e-03
1.358241240127044383e-03
8.698653163098250601e-04
3.537524810300963704e-03
-2.508890265987168654e-03
2.639427789422726153e-03
1.571663729188482435e-03
7.492625374978876228e-03
6.308250422291924791e-04
1.457636856575483288e-03
-6.985892576424493697e-04
1.777040324707843122e-02
1.151251609154034993e-03
9.711998546653194397e-03
5.080907539372131985e-03
-9.028802670352873306e-04
-2.125512910092102348e-03
3.705274853355796337e-03
3.654185244492035023e-03
8.814596970618020916e-03
-1.148011952225760045e-03
5.648532957732683470e-03
-1.536546074959024843e-03
2.874326502881195417e-03
7.172247375267822543e-03
3.647163347062130478e-03
-5.215685779929621173e-04
9.961555841040669809e-03
1.030641838729111012e-03
3.995091841427876253e-03
6.478929584540321120e-03
2.220866877504108165e-03
-1.813021052345442164e-03
6.159385172875677175e-03
8.230005403836778560e-03
1.186152321684719440e-03
2.439493916130241156e-03
1.375834444234236460e-03
-5.670458516877886160e-04
2.531539393554718513e-03
5.665517807769881488e-03
7.742911158006892183e-03
1.190604328090747984e-03
8.751650179300921040e-03
-2.829190247892407212e-03
4.913094588519602637e-03
1.262143852078555228e-02
-3.968306240615832384e-03
7.458341557201957593e-03
1.435028871345851893e-02
1.362264281706977807e-03
-2.437911075392851321e-03
2.691621139394657219e-03
5.687444813797200467e-03
4.897979629770500727e-03
-1.677089072405626947e-03
8.708001688273504098e-03
-3.716461784286724003e-03
1.538755653472130948e-03
-5.061710474531602895e-03
4.845695001846650127e-03
2.710412174820795578e-03
1.204634630574760550e-02
-6.921559406243554943e-04
3.146024770641299342e-03
7.445677090092814223e-05
1.326235987855330957e-02
-1.785826147844146554e-03
2.643230401496385069e-03
1.004172393827836886e-03
3.333506149049224321e-03
9.657094750167921019e-04
9.198774030131823959e-03
6.199195840079108934e-03
5.218189227739850229e-03
1.433093851939232352e-03
1.997032128904956735e-03
-2.031308960691595184e-03
3.880949146661798882e-03
1.509612255161787769e-03
-3.448888139977867185e-04
-3.709320115534191697e-04
-1.312266258749233711e-03
-3.997092541101077839e-03
2.496404283259587905e-03
8.093205030985730491e-03
6.511650426800861050e-03
-2.374554540110317277e-04
1.808103806617714819e-03
4.858358254050211544e-03
8.924013831685841461e-03
7.641133025177114773e-04
4.790715631250855484e-03
-9.420825328428496064e-04
7.849286252708392864e-03
1.051440721416829066e-02
1.367922143970700700e-02
-1.415945142884002641e-04
4.879787880288964999e-03
3.064921287976003685e-03
1.687306356466132615e-03
8.882196992960533430e-03
6.038854564037284727e-04
3.353398002177051564e-03
1.044883713291771925e-02
-7.973195301645513667e-04
4.534479549611676596e-03
5.107611444573819130e-04
5.196847542464827496e-03
5.358138440808585083e-03
-2.077612023998124508e-04
-3.279741606794013987e-03
2.573155577401395940e-03
-5.569979847911622935e-04
7.684849072209239997e-03
1.169823571616814602e-03
-8.010414479507109789e-04
3.974073608503693456e-03
1.869168772744628530e-03
4.166324070849623806e-03
6.211804969194391866e-03
-2.901390835335915241e-04
3.754553181606418155e-03
1.912760996708150803e-03
-1.899067159749486368e-03
7.740982371323442898e-03
7.304889962667164907e-03
1.180671874675506654e-02
1.319177908470379849e-02
2.172132741803988257e-02
8.278084839698010566e-03
2.106376509057343235e-02
2.111921019042110534e-02
-9.848964982089643966e-04
3.680722561571856712e-03
1.845537528765095123e-02
2.234528358230007672e-03
2.627789232172277230e-03
8.903318563923876688e-03
9.047816389119642949e-03
7.723663649476736684e-03
6.723166699324086525e-06
1.154173846664883910e-03
1.830059035064855082e-03
1.075357498204749032e-03
3.105997857839948480e-03
7.514037323215623856e-03
4.458401283062528135e-03
4.100378460449161447e-03
1.199306545625922031e-02
1.839029504162418031e-05
7.257683499366860379e-03
2.510838311907920110e-03
1.524535385022323872e-02
7.772026984502500594e-04
1.047738546111976442e-02
-1.773782316507868748e-03
1.065892160331989059e-02
1.565342397126562313e-02
8.877535676097886210e-04
5.528793764418820506e-03
7.021345695634858761e-03
-9.709058694433960650e-04
1.954785067061780290e-03
3.873620623520594893e-03
3.840745558833846829e-03
1.207169644203176604e-03
2.160406354986702492e-03
2.153979481047575348e-03
2.199377097418904730e-03
6.395308367230206903e-03
5.293128361550570107e-03
-1.341224254873444851e-03
2.236899092005047770e-03
3.550533095756591923e-04
1.864119924462419179e-03
1.053544856644925316e-02
3.538958335073707964e-03
5.316167047214277741e-03
7.310831712599656640e-03
4.624462586353949960e-03
1.563973322687692291e-03
1.016993097375401209e-02
8.180711204007677304e-03
2.708485406944935274e-03
2.436102868603704907e-03
1.706109374601521710e-04
-4.861401358805337442e-04
2.586276866605985957e-03
4.057946417666468894e-03
4.906743374320354095e-04
-1.870858609087071994e-03
-3.267354695070682959e-05
4.349438461969621153e-03
-2.009350396193908435e-03
1.379070854830730108e-03
6.369444735522714930e-03
-1.193197504306633787e-03
-6.830528342236023799e-04
8.727086086182774677e-03
1.028376640706731709e-02
3.157532732223870733e-03
1.018065278302341878e-02
2.416773450495954007e-03
3.207103098070300355e-03
1.133240806139688842e-03
8.322785443606338374e-03
1.073847329823230876e-02
-4.417003808607916377e-04
-3.783787064656683914e-03
1.461253038434699031e-02
-1.843312219195120984e-04
-3.958642244229278358e-03
2.640736119194723834e-03
1.174217232995528873e-03
-1.048690567053802477e-03
1.158260712848193166e-02
3.018675245021776267e-04
4.240086313096753066e-03
1.304851502906420602e-03
6.989752085763590791e-03
5.794893620329206584e-04
1.116576442283222226e-02
2.089363941635536889e-02
2.234223515051122870e-03
2.090668993190984704e-03
-1.162171394095249093e-03
1.418094681008102119e-02
1.174878405650712186e-02
1.651085915828967576e-02
1.311669717312471256e-03
-7.190643280856735906e-04
1.056330394878078442e-03
7.923123773720036622e-03
4.064447901754347954e-03
9.402986046896679145e-04
1.013343982255949204e-02
3.268756050568855792e-03
8.347791071704128551e-04
-9.654772738072595929e-05
1.378471199589667399e-02
4.322760597204690358e-03
2.256864620887723098e-03
1.366907182603360055e-02
1.485940326926237648e-02
4.680070374911969242e-03
1.043941437300390830e-03
9.090501036833686238e-03
5.758038580393962103e-03
1.620047055647194298e-02
-5.706718039690875099e-04
8.996650791672713629e-03
1.781316031662345941e-03
7.057886845390953616e-03
9.250983517581978094e-03
-2.316617347286095696e-03
-5.872528167196944997e-04
8.765380080000143362e-03
-3.152787885337886113e-04
1.209053950515094102e-02
-1.308415011709318032e-03
4.317807038395487206e-03
-5.369414336086522199e-04
1.708550453552388007e-03
9.451031853417191445e-03
2.274694930876356640e-04
3.381868570899753041e-04
1.777924782279402451e-03
5.181229586922265866e-03
2.533952850016722713e-03
8.114432311593491876e-03
-3.154724161046186613e-04
8.529465183566862846e-04
2.223676950117241778e-03
-1.969190064684413644e-03
1.567192237339646785e-02
1.293553705710294259e-03
-1.557601707672286260e-03
-8.261981754423540839e-03
2.123129276954342781e-03
-4.698754721616085544e-04
1.418854054528982667e-03
5.400070103511448415e-03
8.600972459070148346e-03
-2.620623392293087214e-03
8.314186560322772007e-03
-1.606335822466897778e-04
4.607436698912731853e-03
-3.365888749179338614e-04
2.136445621115714687e-03
4.282076062761667502e-03
-2.907676735913938826e-03
-3.678037909724707235e-04
9.257413187814103606e-03
2.568988697688493264e-03
4.177050753887694861e-04
7.016351798516767130e-03
-1.992609536199033745e-03
1.071105656414117436e-04
-2.675812220927983875e-04
2.347944212979289832e-03
-2.570497966045996383e-03
4.228842612341995703e-03
4.997244693648021478e-03
5.222945226978168570e-03
-1.108765087104078128e-03
-3.884384390355720244e-03
6.959394527629227459e-03
-7.232471905559402720e-04
1.644831211309886717e-03
6.415451316771261965e-03
2.107280793605326857e-03
-4.904151042624208673e-04
9.790671480595283110e-04
1.081065345616669636e-02
3.262734265048356733e-03
1.022981473421046787e-03
1.481554999277218208e-03
9.879204663642789097e-03
5.042522914719160462e-03
6.817125385113159512e-04
3.594631782886477910e-03
2.169033878398371300e-03
-4.829073014481742327e-04
-6.064513012506989043e-04
1.447685714628637287e-02
1.163694033670114496e-03
2.736114027414422289e-03
6.098032811602167175e-03
2.934714964770805071e-03
6.625559431458617581e-03
4.987052549862064366e-03
7.849678393133717545e-04
1.380305757115299348e-03
5.320393506775665353e-03
-1.314307695483387262e-03
3.056020076029581072e-03
6.186193920775986260e-03
-8.428599575744521880e-04
4.538661667452106863e-03
4.078811746745601013e-02
1.380040524213254141e-02
1.047766264670299714e-02
1.042139750482507475e-02
-1.756586082986829299e-03
1.708008872837921133e-02
6.839282967356136514e-03
-4.155908571959008625e-03
6.316064233160180973e-03
-1.827808742258856152e-03
1.825197097925388692e-03
1.234574137087614959e-02
-2.216457749567432231e-04
5.606143236317135195e-03
3.681075759046962236e-03
-2.270082697013546254e-04
3.415126506745680239e-03
8.749477197323532809e-03
4.292918982455996933e-05
4.153595700566557400e-03
2.451735526456780105e-03
-1.786189535732180065e-03
-3.834535948319291719e-04
9.015700121371504182e-04
-3.891885983844703932e-03
-8.155711943159025222e-04
-3.420471410148540146e-03
3.507077359920878195e-03
-1.009027523213609822e-03
1.153847369102159112e-02
-2.865797173998091765e-04
-1.107417505264887952e-03
-7.415563420556513675e-04
1.752941404738463278e-03
5.692709462509969350e-03
8.267246948232837966e-04
-1.505812416101602212e-03
-7.634674452814500453e-04
-3.319191582013545413e-04
7.800871550632122384e-03
7.024981286079302195e-03
-9.936094894093079003e-04
7.957415173981475728e-03
3.427477189821454841e-04
-1.433826147795550995e-03
-3.479390071291412617e-03
5.146072658501614147e-03
-2.314961470768751601e-03
1.056218878929987212e-03
9.353654328766456208e-03
1.107381202795496705e-02
2.765738233373406761e-03
4.847004144388127565e-03
1.893569597181555056e-02
-2.297620648525173451e-03
9.758368301984406135e-03
-1.193774549465555831e-03
4.953297240410977319e-03
-1.156348693252752698e-03
-2.184864696979447150e-03
-5.032360303837512920e-04
9.303158220002809980e-03
1.753327333828262613e-03
3.058486290509783781e-03
6.526672321327382960e-03
6.049582968188612145e-03
8.178224985606853074e-05
5.399454095777586962e-03
-1.931265151430575588e-04
4.092430915668648743e-03
1.838760750248100151e-02
2.913026746384648081e-03
8.406966084401928246e-03
-2.334159749377254841e-03
-2.520552740154737102e-03
6.258218585373217201e-03
-5.357862066680942146e-04
9.677093929839046147e-04
2.704897764899619281e-03
5.614458490834294772e-04
-4.704882852670365270e-05
3.042828454828387002e-04
6.153655719470885275e-04
-1.226452091321517026e-03
5.705320884081631740e-04
-2.770518926562882977e-04
6.680531022920991463e-03
3.441828756200247027e-03
9.006224800284217541e-04
-2.509441693750919834e-03
3.843171903272395076e-03
2.329764871703392422e-03
3.023474043264092782e-03
-2.217127268644350903e-04
1.163892371121281154e-02
1.697751964087720411e-03
2.306012681587412197e-02
1.370701508726827368e-02
1.584725689900069734e-02
9.575512660130670178e-03
-2.345773681353211480e-03
1.570116656050824433e-03
2.686446687622671796e-03
3.126639338446824887e-03
-1.472414910995962925e-03
2.909234083488576855e-03
9.808203083953883489e-03
7.124825779401953345e-04
-2.328198811571230865e-03
-1.062959524303128296e-03
8.656657806223348392e-03
7.827416839792128433e-03
-5.960692531553452803e-04
1.092697517584085513e-03
-1.115109207373945035e-03
8.453878258859456180e-03
-2.179685546579697951e-03
4.140958565188237496e-03
-8.102289945767280179e-04
3.329010674246889092e-03
7.337366912404066042e-03
1.166733476336524918e-02
-5.551210778281151547e-04
3.881872743960151483e-03
5.594273292431378893e-04
2.053229459415552207e-03
4.481101553769433442e-03
-8.353533112379101693e-04
2.043497778957433734e-03
2.788560009710859544e-03
7.473122600822760045e-03
-6.734372326676989467e-04
7.305973608216626697e-03
5.647459098304449289e-03
1.187014447272787855e-02
3.487789733147654385e-03
2.050480435349496394e-03
3.364344222572098787e-03
3.540249573679711895e-03
-1.584247317993106238e-03
-1.638235910532327526e-03
1.564320963113715419e-03
3.235607726351961803e-03
-1.831742259727396844e-04
5.183828407215713106e-04
6.764217458415691143e-03
5.062155141863824547e-04
2.666994716238819344e-03
3.396196516601750724e-03
2.553445480331499075e-03
-4.624856079815684116e-04
8.017574014343848560e-03
1.699649288890849410e-04
1.252289646576651341e-03
1.120540513278703559e-03
6.973964543397772123e-03
-2.035497998466249611e-03
4.012796666928186186e-03
2.894519593871516545e-03
2.908703464443203844e-03
4.939610550489503251e-04
2.390988749152318880e-03
3.216630492000753776e-03
-1.558140922182108738e-05
-9.976637579369215369e-04
-2.457711371020217597e-03
-1.417443557002628484e-03
-2.208904645657012913e-03
-6.412517418514751891e-03
3.769276849502312902e-03
-3.865306237016632659e-03
5.908348193662055908e-03
1.252800445027192795e-02
-7.866427358084969717e-04
3.865504935065695088e-03
7.131980295755870752e-03
4.968021827945198927e-03
5.659683811414495044e-03
-9.590409199984087059e-04
5.317940830545034823e-03
-4.031614377391040498e-03
9.197482693113656627e-03
1.960985759153043972e-03
-1.193000893635179577e-03
3.618565128177859622e-03
4.948734360854806745e-03
-7.650561500385041512e-04
-9.931231468460915458e-05
4.937236317807308693e-04
-8.344364215410453745e-04
1.865532956540325504e-03
-3.105650358935877712e-03
3.613050504441282177e-03
-3.523298135174206041e-04
-3.938320709554236909e-03
1.457881726823495117e-03
8.239032985129179053e-04
1.212948946948740492e-03
-2.352556024937547800e-04
7.773806541741742904e-04
2.315353870372269512e-03
-3.474722291621048890e-03
-2.938072428396959306e-04
-7.144554366975799150e-04
8.420510988405800539e-04
3.867588370931269136e-03
-2.664025366723194333e-03
-7.451206435844859918e-04
-2.410383829404077962e-04
4.188889746219315834e-03
1.152148408284933180e-03
3.208500593557303982e-03
-4.591720472863133613e-04
6.619778979798445276e-03
5.619658561308368957e-05
6.443483965103774525e-03
5.624938944374536370e-03
-3.150907472717312009e-03
1.450121413170221089e-03
-7.260795675547218869e-04
-1.529046509335619088e-03
-1.814412474367265793e-03
-2.161366817540219185e-03
-4.045634545526522602e-03
-2.382575575388914089e-03
1.122214798197026381e-02
8.743889094603054038e-03
-2.613049295358541111e-03
6.515548415735690144e-07
2.121842554320178820e-03
-4.068678579919115385e-03
-1.513576303061293709e-03
-2.118049830069225915e-03
2.547969367821881648e-03
2.459043803043753623e-03
-9.853599710994945422e-04
3.688731190157102519e-03
9.039890092334669719e-04
-3.702885515592247660e-03
1.985160136709638104e-03
2.305438010534256992e-03
8.951027804004555929e-03
3.393926114947746868e-03
-9.445053394510113508e-04
4.525389758237607571e-03
3.452049729710124793e-03
9.021072280548522119e-04
4.170276518068925103e-03
-9.711326289088052267e-05
-2.324309992635580600e-03
-1.361919418236936900e-03
-2.889712158633316562e-03
2.187777646954127547e-03
3.657456648364851726e-03
-3.466797726878019341e-03
7.156554206323895335e-03
4.807103089129695014e-04
1.271549669095869278e-02
1.132729732959264208e-04
4.268950539886504081e-03
9.666776990076016152e-03
-2.836474184239730096e-03
-1.196401737936117525e-03
2.050952531967491742e-03
5.545220923828204918e-03
-2.151422688934501084e-03
-1.323895479736027876e-03
-2.199603838620411457e-03
-1.139489885161071000e-03
-2.321196242610354746e-04
-2.706270636672945904e-03
-1.036051240436407402e-03
3.409740414271143077e-03
1.138649570896561186e-03
3.313911443223124548e-04
-2.342650061252811791e-03
-1.911289021389290122e-03
-3.938927201409192437e-04
7.976517758613402590e-04
2.207193576396634070e-03
5.806162429662903475e-03
-1.568430738955095029e-03
1.294393516685215899e-03
7.121678145068598836e-03
1.177600135186185164e-02
-2.185789486117073292e-03
1.653361015146470993e-03
3.355521055486194830e-03
6.254752580262494012e-03
3.466872748174393282e-03
1.419421000648991632e-03
-3.409613493123017170e-04
-1.516045465564837486e-03
7.600273303237716242e-04
9.418420874409991293e-04
9.327022359742452324e-04
2.917819888628907319e-03
-1.824180277029564335e-03
-2.109536007229267061e-03
-2.453550060513007888e-04
3.897489551278488103e-04
8.658124329208699912e-03
1.172354127198247395e-03
2.060492823536965758e-03
8.914412275532050981e-04
7.221507898643710933e-03
-9.207301047353313311e-04
1.444856641467453379e-03
1.100768770332182390e-03
1.228718323437248076e-03
4.735089743478023555e-03
9.132498649669460334e-05
2.035202348971681258e-03
2.179301357147777306e-03
-7.985357039848386962e-04
2.685782942484256711e-03
4.813314756292649994e-03
5.592859913586724872e-03
-2.287697618917954804e-04
9.734332726106537798e-04
1.915444342682713023e-03
2.495575805231962582e-03
-1.949673338238968375e-03
2.142466008922370643e-03
-7.907480530899502679e-04
2.200649510924977074e-03
1.195652802094089237e-03
1.112938445965863362e-03
6.444341370372551770e-04
2.036181251631851395e-03
1.567906209645907609e-03
-1.561974303445493603e-03
1.684788113838148107e-03
-3.320891678141842454e-04
3.928137406215355572e-03
-1.251641544725856821e-03
2.865491495063263779e-03
1.168224676596236328e-04
2.232781823894536451e-03
2.570898254257325977e-03
2.234551869933916989e-03
2.558125883303181101e-03
4.632861316356541061e-03
-5.117528445482620288e-04
1.033786101233463749e-03
6.679508737797691881e-04
3.180111336712025671e-03
2.050855120501767067e-04
2.548439798957812018e-04
4.447875919948986352e-03
-1.125217449488372058e-03
2.163187755997148572e-03
2.961739677023502923e-03
4.055959210222789303e-03
1.385676258971761752e-03
3.724060561121834284e-03
-2.838583151424726482e-03
-1.860337141270994353e-03
7.415923329535283656e-04
-3.278291726123281746e-03
3.056965938819508274e-03
9.308483953756344076e-03
5.889326634947423048e-03
1.832841268326397977e-03
2.809288869370167065e-03
1.583037078142517009e-03
5.082498075999522177e-03
8.474639007696387755e-03
-1.011270080453570116e-03
2.333486398883286711e-03
-1.662790399612661249e-03
1.449947112957319104e-04
7.253597837046398857e-04
6.010759372844518347e-04
2.041807266073062538e-03
9.708247664055097079e-04
1.751713783367254539e-03
-7.117108070711017365e-04
-1.135827014343982443e-03
1.585394014131783803e-03
3.568811087732288306e-03
1.543818461302055552e-03
-2.830423545162828389e-03
6.980814575194209219e-03
1.679371811884078879e-03
-9.866566762778870240e-04
1.153912444304374969e-03
3.574017021241174480e-04
5.462283152563827092e-03
6.085778415596921698e-04
-2.955407791783848728e-03
-6.016238884263827233e-03
1.991783915983189046e-03
3.805621015816690322e-03
2.835240920878428789e-03
-2.866629412399352393e-03
7.775274224027953294e-04
-1.849189316172278677e-05
4.955684600910685925e-03
6.917471272115765374e-03
-2.510393188900737586e-03
3.926303156208014317e-03
3.233965239342726297e-03
-3.308741482125309753e-03
4.738393321945671109e-03
1.510553932967745143e-02
1.459642071481578179e-02
4.825066867274408790e-03
1.201985135017551339e-02
1.972317876020326932e-02
1.409396842749285547e-03
8.596035571081019414e-03
1.439384851080392075e-03
1.328627042635952861e-02
1.802550813317090744e-03
4.708239775905654527e-04
3.789957875697821162e-03
3.213081992012481718e-03
-5.877371429688872315e-04
2.341169112690710211e-03
2.378197256599232177e-05
6.928903300670741054e-03
2.822899935952132011e-03
4.893105934173450425e-03
6.539495212875320439e-05
9.167049042227643288e-04
6.129407181525859359e-03
-3.727395992656361290e-03
-1.423828099590931451e-03
2.142296302295503864e-03
-5.767669606031798320e-04
3.936188135880134588e-03
2.118487931074233832e-03
3.863207326535533434e-03
9.709708617222477392e-05
4.984864560961348862e-03
-1.084721020888570250e-03
9.298585537227536599e-03
1.547348826628689757e-02
9.737827432498322860e-03
-9.606163602785478678e-03
1.501962931107132804e-02
4.789424339686590947e-03
-2.034707944876623740e-05
7.724000699682140314e-03
1.280275480757280763e-03
-1.788587693079633301e-03
1.314059737898785277e-03
6.881636077064474596e-03
-1.925736332595714365e-03
-2.223269626199104662e-03
-1.997114035089187986e-03
7.411146279252422801e-03
-8.532231504932493316e-04
-1.561416555964652286e-03
-2.580778955573079583e-03
-8.738984323681278600e-04
2.469070737427908960e-03
8.159565450837139022e-03
7.740577928137459471e-03
3.122397827295202242e-03
4.639163374786077140e-03
-3.341947165591358827e-03
-3.067051401180141083e-03
4.647939864075702719e-03
2.762514566623875626e-03
1.172451799240374973e-03
-3.193986846571203551e-03
-3.309451086456114115e-03
-3.779992892239237385e-04
6.313413731972740807e-04
1.129162220142725624e-03
-2.913862788929143070e-03
-1.232455801752590889e-04
3.137777180898269468e-03
1.162301000372145503e-02
-4.087200631189056785e-03
4.997229616083717629e-03
2.973776471329011434e-03
-2.151827572597152238e-03
-9.956678339384851008e-04
7.770048047203573834e-04
3.731242093023927602e-03
-1.426226874498166862e-03
1.015875841025840574e-02
-3.203853563497627462e-03
1.002904820822172810e-03
1.220535256438835250e-03
2.145608281852317764e-03
-1.516369463247331604e-03
3.422811719923384791e-03
3.908004673663648598e-04
-1.307667547338282920e-04
-3.831807674414114406e-03
2.112516881047559825e-04
1.106881408622345368e-04
-2.865776517507028225e-04
1.648874732056837197e-02
1.116174483582867052e-03
-1.273345191039490054e-04
2.355785544373395751e-03
4.104629135430644393e-03
-2.380886638627684616e-03
5.375830952634738300e-03
9.537487429463307890e-04
8.090989374128217809e-03
-2.814544823159885294e-03
4.155615760793637814e-03
2.386624767630565400e-03
-1.948601396925662369e-03
-4.110043810411522468e-03
-1.313848548913570686e-03
2.236393444110412656e-03
3.306558936824472838e-05
1.097679863753883017e-02
-9.068363224165302064e-03
2.449024110318916061e-03
1.201789975932709628e-03
3.510765841322406166e-03
5.809317970040390718e-04
1.160143908731263830e-03
4.655080367207796097e-03
3.069124469008062319e-03
2.864234177689141837e-03
5.662849540989870270e-03
-9.494511785018485295e-04
7.482924424536183507e-04
2.924915031908785663e-03
-1.608089729506173397e-03
-1.316873379101113112e-04
3.954946106808421898e-04
-4.760975494056801085e-04
1.171934204356317368e-03
6.005976128680987416e-04
7.825597843728079699e-05
-2.481990999473267928e-03
3.960339265813484291e-03
6.825990461809827020e-03
-2.628468752259141604e-04
1.145524459939486865e-02
1.895845891822428575e-03
4.955833976213431039e-03
2.309095479933326311e-04
1.382522957445934996e-03
3.274657853390782565e-04
-2.992623260464729023e-03
6.913838905823067871e-03
8.790253684414953790e-04
2.908138036547861308e-03
-6.859050716997859738e-04
3.920662510063384863e-03
-2.622181717142538617e-04
7.744180761474106674e-03
5.492715523503022626e-03
-1.485898046835163497e-04
2.543046105501648411e-03
-1.984669939795189689e-03
6.457205859208801912e-04
2.561052208362658150e-03
2.112674646321499074e-03
2.759939425832321001e-04
2.799896496467861248e-03
2.438095770517678239e-03
4.693948480709638632e-04
-2.137231126804266593e-03
1.541697819759808939e-03
-1.301096952917032241e-04
2.013722425858109101e-03
-5.011435410656145222e-04
3.468520118430520709e-03
2.293673278824724573e-03
6.451929692962742654e-04
-1.228454049323814265e-03
4.869774773833523626e-03
8.259901901240427821e-03
1.150333549688560206e-03
4.866411725705327602e-03
-1.069254450328515965e-03
2.016930503906480890e-02
7.553912463995472552e-03
3.541032513376556057e-03
3.817802984543779317e-03
6.986212954374829490e-03
-4.330288224601556817e-03
6.519472558769353601e-04
1.084553990281156375e-03
1.747551777806285490e-03
2.327857839857817857e-03
1.191013249795477152e-03
3.911453550784533065e-03
4.330433531869964589e-03
4.455103176496158154e-03
8.535209878609176931e-03
2.185410059852344045e-03
8.224966623989169584e-03
4.058855779580951978e-03
1.787974628871138007e-04
-9.831048947047863308e-05
-1.306889217446126090e-03
6.368034991761044664e-03
1.084461419397150794e-02
1.256478163434083910e-02
1.504316860432703285e-03
-4.455188211590539044e-03
-2.570658712897446775e-03
1.077720593691553277e-03
8.325685269624700374e-03
1.026138047481457531e-02
2.871116828080424923e-03
2.650190957358000352e-03
-1.912060631198941570e-03
-5.486816873788734122e-04
5.295031861904518633e-03
1.532638383902110418e-03
1.581599791297437453e-03
5.473677303251038573e-03
1.385342009915357768e-02
1.107649749102663193e-03
6.354790128790819941e-03
2.633367781107692589e-03
-1.192173880206012391e-03
-4.566760861673726732e-03
1.909586064923789661e-04
8.481482576691793535e-03
2.881936519558426536e-03
-1.420853643995981458e-03
1.325595832721793328e-02
5.229555699683562271e-03
9.248362688279217897e-03
4.549389028569198259e-03
2.229356803074275528e-02
7.753895261105854617e-05
3.938856888204830126e-03
