0.000000000000000000e+00
0.000000000000000000e+00
0.000000000000000000e+00
0.000000000000000000e+00
0.000000000000000000e+00
0.000000000000000000e+00
0.000000000000000000e+00
0.000000000000000000e+00
0.000000000000000000e+00
0.000000000000000000e+00
0.000000000000000000e+00
0.000000000000000000e+00
0.000000000000000000e+00
0.000000000000000000e+00
0.000000000000000000e+00
0.000000000000000000e+00
0.000000000000000000e+00
0.000000000000000000e+00
0.000000000000000000e+00
0.000000000000000000e+00
0.000000000000000000e+00
0.000000000000000000e+00
0.000000000000000000e+00
0.000000000000000000e+00
0.000000000000000000e+00
0.000000000000000000e+00
0.000000000000000000e+00
0.000000000000000000e+00
0.000000000000000000e+00
0.000000000000000000e+00
0.000000000000000000e+00
0.000000000000000000e+00
0.000000000000000000e+00
0.000000000000000000e+00
0.000000000000000000e+00
0.000000000000000000e+00
0.000000000000000000e+00
0.000000000000000000e+00
0.000000000000000000e+00
0.000000000000000000e+00
0.000000000000000000e+00
0.000000000000000000e+00
0.000000000000000000e+00
0.000000000000000000e+00
0.000000000000000000e+00
0.000000000000000000e+00
0.000000000000000000e+00
0.000000000000000000e+00
0.000000000000000000e+00
0.000000000000000000e+00
0.000000000000000000e+00
0.000000000000000000e+00
0.000000000000000000e+00
0.000000000000000000e+00
0.000000000000000000e+00
0.000000000000000000e+00
0.000000000000000000e+00
0.000000000000000000e+00
0.000000000000000000e+00
0.000000000000000000e+00
0.000000000000000000e+00
0.000000000000000000e+00
0.000000000000000000e+00
0.000000000000000000e+00
0.000000000000000000e+00
0.000000000000000000e+00
0.000000000000000000e+00
0.000000000000000000e+00
0.000000000000000000e+00
0.000000000000000000e+00
0.000000000000000000e+00
0.000000000000000000e+00
0.000000000000000000e+00
0.000000000000000000e+00
0.000000000000000000e+00
0.000000000000000000e+00
0.000000000000000000e+00
0.000000000000000000e+00
0.000000000000000000e+00
0.000000000000000000e+00
0.000000000000000000e+00
0.000000000000000000e+00
0.000000000000000000e+00
0.000000000000000000e+00
0.000000000000000000e+00
0.000000000000000000e+00
0.000000000000000000e+00
0.000000000000000000e+00
0.000000000000000000e+00
0.000000000000000000e+00
0.000000000000000000e+00
0.000000000000000000e+00
0.000000000000000000e+00
0.000000000000000000e+00
0.000000000000000000e+00
0.000000000000000000e+00
0.000000000000000000e+00
0.000000000000000000e+00
0.000000000000000000e+00
0.000000000000000000e+00
0.000000000000000000e+00
0.000000000000000000e+00
0.000000000000000000e+00
0.000000000000000000e+00
0.000000000000000000e+00
0.000000000000000000e+00
0.000000000000000000e+00
0.000000000000000000e+00
0.000000000000000000e+00
0.000000000000000000e+00
0.000000000000000000e+00
0.000000000000000000e+00
0.000000000000000000e+00
0.000000000000000000e+00
0.000000000000000000e+00
0.000000000000000000e+00
0.000000000000000000e+00
0.000000000000000000e+00
0.000000000000000000e+00
0.000000000000000000e+00
0.000000000000000000e+00
0.000000000000000000e+00
0.000000000000000000e+00
0.000000000000000000e+00
0.000000000000000000e+00
0.000000000000000000e+00
0.000000000000000000e+00
0.000000000000000000e+00
0.000000000000000000e+00
0.000000000000000000e+00
0.000000000000000000e+00
0.000000000000000000e+00
0.000000000000000000e+00
0.000000000000000000e+00
0.000000000000000000e+00
0.000000000000000000e+00
0.000000000000000000e+00
0.000000000000000000e+00
0.000000000000000000e+00
0.000000000000000000e+00
0.000000000000000000e+00
0.000000000000000000e+00
0.000000000000000000e+00
0.000000000000000000e+00
0.000000000000000000e+00
0.000000000000000000e+00
0.000000000000000000e+00
0.000000000000000000e+00
0.000000000000000000e+00
0.000000000000000000e+00
0.000000000000000000e+00
0.000000000000000000e+00
0.000000000000000000e+00
0.000000000000000000e+00
0.000000000000000000e+00
0.000000000000000000e+00
0.000000000000000000e+00
0.000000000000000000e+00
0.000000000000000000e+00
0.000000000000000000e+00
3.106849826342298910e-03
1.386740752670608846e-02
1.547328549146052314e-02
3.507940482286029879e-03
1.212606446920190713e-02
9.275175495440246207e-03
7.863700631544867994e-03
2.414952749916500496e-02
7.184176312287832329e-03
9.462630245870044463e-03
9.337849546086613925e-03
8.855750402330412815e-03
1.023306622492259690e-02
2.220765652359663229e-03
7.888482503940101934e-03
1.424899536446648345e-02
3.527534620891763922e-03
3.650408745474534918e-03
-1.001538852678384665e-03
6.669904337500068628e-03
6.670929150878046089e-03
4.653943607601107244e-03
1.216660140033306615e-03
1.474310153786438822e-02
1.015595259343581025e-02
7.705287667095404858e-03
2.696740290022239285e-03
2.036136348581208191e-03
9.511670060212508437e-03
4.181847546291267252e-03
2.369992180601336249e-02
7.297627978032762523e-03
1.425588523472135112e-02
1.312622753885994177e-02
7.897661724798230812e-04
5.957120563080850820e-03
1.622807751622079575e-02
9.760042471876428580e-03
1.083269621589163026e-02
7.145440035829260647e-04
3.103556817653853675e-02
1.309010871398512063e-02
1.731408337723282925e-02
2.861734923339019285e-03
9.398272361907950706e-03
5.291269930197398629e-03
6.710178121925410542e-03
6.859862937039365796e-03
1.319958943385804093e-02
1.064246855495875558e-03
9.830901453958526548e-03
2.169626030209181964e-03
3.124238836601534938e-02
1.280997261617783378e-02
1.349748433550958596e-02
2.085958126076372862e-02
1.305191556975768274e-02
6.356755539521518998e-03
3.645409819300905740e-02
1.211172450367632540e-02
1.675781285641815554e-02
2.255856243141556895e-03
3.481873132156976941e-02
6.028217668515120642e-03
8.587015645236100586e-03
1.626605440809905656e-02
1.227982619202240035e-02
1.930882389681857006e-02
7.188190102099930624e-03
1.371188331130440870e-02
1.952334552084415004e-02
9.716309564597916393e-03
1.340867099573833307e-02
1.852120142036111847e-02
1.788329790788507206e-02
7.359945664282818538e-03
4.488761178807400276e-03
2.462840007078530031e-03
1.074915635225390416e-02
3.115627913022992433e-03
1.524768719298339598e-02
4.588267693569406808e-03
1.092428401191487992e-02
2.375047576489706155e-03
5.225617514219136131e-03
4.679684217503576492e-04
4.083566901741142756e-04
2.226580581893068157e-03
1.960444537707854359e-02
8.838743941976289972e-03
1.669788058769863283e-03
6.498630093225018882e-03
6.487692956488067333e-03
1.272033179072248714e-02
8.491478690795572007e-03
4.390446110829678006e-03
4.314188605569199003e-03
4.733474785958653730e-03
7.472124953993073901e-03
6.239680973309091362e-03
1.287729286050743466e-02
4.174642797418949558e-03
4.590544422180120945e-03
1.678714301617776315e-03
2.593793830295735084e-02
4.437439744599225647e-03
7.928346434985217295e-03
4.893624789338840014e-05
1.124229218986846392e-02
1.127431643826404435e-02
2.700772814884222842e-02
3.215874852230930434e-03
1.674202667939761122e-02
1.222065643953567596e-03
1.026772112639101793e-02
9.951014447352347220e-04
2.767318754569132386e-03
2.086206372289829691e-02
5.275766084242581103e-03
-2.026545566910914302e-03
4.529697471930742812e-03
7.469309755663638799e-03
1.531968437802566640e-03
1.946576244082286059e-03
1.592192780596330542e-02
7.340727997038424060e-03
1.471490489437631173e-02
3.166365778062514135e-03
1.116051752527676133e-02
2.995632950871234684e-02
5.001901558319995708e-03
1.383973672775944130e-02
4.466424507149487425e-03
1.463913828644252020e-02
1.082375860898108881e-02
1.032017051443090416e-02
1.522978133453397557e-03
2.318782295408535008e-03
1.811726218226228716e-02
5.652767393792812976e-03
1.117887851043327307e-03
1.858750067490587063e-02
1.713035309204460552e-02
3.044238354868968304e-03
4.576519658903281142e-03
1.870727488900296789e-02
2.620251816626983140e-03
1.271032147389684203e-02
8.799971473127814886e-03
-8.509610338657069102e-04
3.622739893075701753e-03
4.994051453251105270e-03
8.543430440415533331e-03
2.931013476078246378e-03
6.105724969483331162e-03
5.703982137802009189e-03
7.554086661126939439e-03
1.014058699029967564e-03
-1.094154588240255944e-03
4.593580166256364464e-03
8.099235888567748662e-03
1.101239866402241828e-02
6.834940207983558613e-03
2.112674394627991892e-02
3.909653953493921752e-03
6.132073550839723698e-03
6.379633522765331896e-03
1.896158121401850943e-02
1.071835432540414572e-02
3.445679556187550762e-04
8.727313783307122722e-03
1.920528985684230236e-02
2.046805227951458556e-03
4.470883326935028677e-03
5.932596846347128194e-02
2.475399293011796772e-02
2.511662475080798235e-02
5.544302052251421503e-02
1.312481724887627592e-02
3.750821190354438478e-02
1.522804072265691692e-03
2.575170014828448081e-02
1.124997280802420008e-02
1.311567981967590862e-02
1.097598829542108072e-02
9.533953555436730639e-04
9.957795836870146286e-03
-7.326698341065820096e-04
-1.299292527787716377e-04
7.846652075017947550e-03
2.254735456921109354e-02
2.432456508763733427e-02
5.299905897468499411e-03
2.398129205327630478e-03
6.027785960897080568e-03
1.963919024150981990e-02
-1.708696421817149569e-04
3.143404965942708448e-03
3.625065957937612278e-03
-2.236630748793826183e-04
4.239247587225820728e-03
1.872778369525171169e-03
1.557739938073668742e-02
8.695611504374048395e-03
-1.063962509802175542e-02
1.131116884608200646e-02
4.031575901737727806e-03
-3.843635351942426351e-03
-4.232080886711212311e-04
-1.814607885983528929e-04
2.054729502652373647e-03
1.730686701308861708e-02
1.499238158114201205e-02
1.163656356820199321e-02
3.983567786373336597e-03
7.774361054320253622e-03
4.367357561571523538e-04
1.016048921438323684e-02
2.148741219644911132e-02
4.331139424315404119e-04
4.351791836159595375e-03
3.266102322621089894e-03
1.101738453198675832e-02
9.158719854733456817e-04
3.300500958606922275e-02
-5.168554851139161438e-03
4.500942370059224547e-03
3.301098213319558772e-03
1.573351743815998294e-02
-5.717495655065797135e-03
8.206983381461792001e-03
-9.275572016054214539e-04
-4.462592504836141241e-03
-3.020876455824581235e-03
1.284372262046014519e-02
2.361804171234715543e-03
2.914392603787031247e-03
6.105862605746337733e-03
1.387474177991532276e-02
4.197164759695777396e-03
3.966516387303062330e-02
4.290155109362329446e-03
3.012337381056850658e-02
2.640454071578145906e-02
4.757161018299010252e-02
2.913720418269542117e-02
2.978059929539922813e-03
1.877392001257750711e-03
2.681032091933976350e-03
3.149986395839549959e-03
3.013882184066611278e-02
2.998922300118585585e-02
1.001864997608210850e-02
3.910953489143185330e-02
3.600600419456125023e-02
2.957892343169107874e-03
1.784776343644022337e-02
2.077817139810446065e-02
1.170111798732655778e-02
4.287571159537477417e-03
5.107366188493324584e-03
2.986130722144650362e-02
-2.457423505345238124e-03
1.294594861915211205e-02
1.103827457840009067e-02
1.226269200396516018e-02
8.514663559616818603e-03
2.278287072924297177e-03
3.608408547320374367e-03
1.180709433127147094e-02
-1.650471494591702155e-03
1.895680052108253758e-02
1.384866041205812855e-03
1.952745652916998073e-02
5.841794474702600298e-02
8.899060418638553294e-02
6.284844049281202751e-03
2.644611178311418592e-02
3.245727720055487098e-02
1.597913915704326712e-02
2.564200511749595984e-02
8.355677065677595897e-03
1.175120204800127709e-02
1.267700274042840754e-02
2.186118021983719795e-02
1.211085502435308228e-02
3.471969081989856321e-02
2.713714888603984982e-03
7.701226125107198291e-03
1.047919632116850984e-02
7.070053822281832656e-03
1.348367523273226454e-02
9.864204939457912186e-03
1.845081791445759428e-02
1.133079977243071218e-02
1.672073898223222152e-02
1.556866572472101647e-02
2.505616491182188765e-02
1.081840767483969838e-02
2.937998686790647268e-02
1.377877723583087466e-02
2.676987115881418119e-02
2.288096279478667172e-02
2.108236853121593646e-02
4.597469801661132303e-03
2.065307043231064295e-03
9.097996198172045301e-03
1.118734133190785575e-03
2.712036145812986299e-02
-3.754267461663820821e-03
-4.676443898145960128e-03
8.698174842717412703e-03
-2.591266900381370211e-03
1.550522507629679622e-02
3.107370967740009926e-02
-2.991893316309637580e-03
1.922099895448422732e-02
9.491116681532983657e-03
1.598730717801548698e-02
4.530706450443086272e-03
2.178845401307957785e-02
-1.625374137736285661e-04
3.973658139399297712e-02
1.376242619242659931e-03
4.998081291153909714e-03
1.102493027035511032e-02
3.611410806509268885e-03
4.588546390465967489e-04
2.392567317543667360e-02
7.675649531757919482e-03
2.747967890715935849e-02
1.706081557027996215e-02
3.373634865747491413e-02
-3.179580401612965099e-04
1.412961605420725957e-02
1.652080437163094134e-02
2.953410424426090863e-02
2.164555847643109647e-03
5.930353124227035963e-03
-2.341868958648619242e-03
5.119624480410752548e-03
3.195893681340199188e-02
6.622696220490719397e-03
-1.473704586190495609e-03
5.155101189942438988e-02
2.440076754105415489e-03
-9.209851442215349210e-04
9.225103383337348098e-03
2.204549308496174661e-04
1.170996452055739949e-03
2.792423773837541504e-04
-2.912920338102589594e-03
6.702151325498086759e-03
-5.116480812532816277e-04
-1.206039231114245259e-03
2.599828403022006601e-03
3.164876949484825286e-02
-4.580211863800081641e-03
5.200678510088701557e-03
1.843312715688706985e-02
-4.952386943180372590e-04
-4.009632856193959434e-03
9.591493910524570218e-03
2.984850900704236285e-03
-1.737988755962016499e-03
-5.059783231013890298e-03
1.661529059360778576e-02
1.103255468247614545e-03
-1.067953967883986457e-03
4.964308087544988361e-03
3.371626083038582484e-03
1.040576391312373825e-02
-4.257230334175618469e-03
4.102595081461168219e-03
-8.120017051665810726e-04
2.506227012852531300e-03
4.550271984167783557e-03
3.274062875543090612e-03
-3.591609499645297739e-03
-5.505703142003468692e-03
2.456746952117058042e-03
3.675572728923260941e-03
-2.372865946695582214e-03
5.050869228657119125e-02
9.396770914794688387e-03
7.356305047676822174e-03
1.017726206592133552e-02
2.627690996981581553e-02
-6.595134903413205248e-03
4.819443963427275102e-03
-2.738948864129235779e-03
9.839320506890606235e-03
1.095952975404067276e-02
1.895938867684422713e-02
-5.516169535982690109e-03
-1.103496661711984069e-03
5.045107740251561501e-04
1.565311771893362208e-02
-2.455263756151943640e-04
1.216792615890312929e-02
3.556230098869614820e-03
-7.787915256001674141e-03
6.737671350497359199e-03
1.212089483405084933e-02
1.201497058393354109e-03
-2.670310615048758843e-03
8.254627219092884952e-03
1.068242118543524799e-02
2.420712274585800836e-02
-4.736380660839593221e-03
6.193123893621823271e-03
4.904660299966077074e-03
-3.719464669772092405e-05
-8.955677506744651878e-03
1.392002658555059613e-02
2.679104440291177509e-03
2.642523946489807023e-03
3.649220496577471311e-03
1.217671407483196847e-04
-8.234135845220845419e-04
1.316496285959850923e-02
-1.711828256938977997e-03
2.985676392943988587e-03
2.874019739619814839e-03
-1.021529597175639421e-03
2.128870383667037097e-03
-2.227281564193402076e-04
2.983303778701634507e-03
9.915405902265176166e-03
8.024557909302666020e-03
2.284940883446479661e-03
1.448647177171380647e-02
9.031019431995850055e-03
-6.322970322887402385e-04
6.832094420214285604e-03
1.870644361398646205e-02
1.215483943986794997e-02
9.996737939680967050e-03
1.595708115796381360e-02
1.033687842978788483e-02
8.948941852296136631e-03
8.641669029416272629e-03
4.175755288392115488e-03
8.116017729541400490e-04
-2.959946668974444174e-03
1.004586046718713120e-02
8.667826422329296537e-03
3.703282038473679552e-03
9.632183065185902573e-03
-2.321324921336818947e-03
-4.611372612412394101e-03
1.155218601105775442e-02
8.820833478357123156e-03
8.022793766776663608e-05
7.186552219292629759e-03
5.328131896391082728e-03
2.192909819294049968e-03
9.352482473801292540e-04
6.418093869630428147e-03
4.868201919839618272e-04
5.061309246205120474e-03
4.946947895570583120e-03
3.072911104814505037e-02
-2.587890034377412617e-03
2.732033523645690208e-03
5.526057037741722092e-03
-4.463987314606552063e-04
1.108864057662202474e-02
3.102498977510683917e-02
-4.026070099939338788e-04
1.648061199234737012e-02
8.980187307495461971e-03
1.390521418926063575e-02
-3.840300181990893109e-04
1.115993465951891674e-02
-2.054437123080273507e-03
7.837587295993568223e-03
-1.722881692725489276e-05
1.999386283013277225e-04
1.646153025749010155e-03
3.989070560228847630e-03
-1.784410342741941978e-03
6.128171581596033451e-03
1.024548989741310735e-02
2.740659179813831683e-03
-2.119051350901282691e-03
-1.729573455457244276e-03
9.015711782276241218e-03
3.954751615152263602e-03
4.107716347390205115e-03
9.305038159416580482e-03
6.202807519534228424e-03
1.225926508621233944e-02
-3.267988508301566085e-03
-3.124438751567054900e-03
-1.222988495565467074e-03
-2.926139629717692831e-03
6.817305874214508576e-05
4.702198507344909455e-03
9.200398250882013121e-04
-1.131178863087579749e-03
-1.179684287619778976e-03
4.243059508745239058e-04
2.600323381120373412e-03
-2.066335228523079022e-04
3.627522396681555870e-03
6.057203801906867885e-03
-9.518154137121211545e-04
3.083398233623046037e-03
-2.733725255069002812e-04
4.790511581136430545e-03
6.554116135162001838e-03
1.956792022228840897e-02
6.723240331821892998e-03
1.940243129229731866e-03
3.706196633310138416e-03
1.597157697949291855e-02
7.937704190542595878e-03
-2.950586024833945931e-03
1.247366755141191951e-03
2.236000593036906528e-02
1.142633461520692860e-03
8.400512375388568057e-03
-1.166142313790662945e-03
8.265437422710470404e-04
1.304997055492891113e-03
-9.788632159075537267e-04
6.155228601302573273e-03
7.939829549202631967e-03
5.515139994031935389e-03
4.466849696687375491e-03
3.085429412405547855e-03
8.743474294518584428e-05
3.238513008398781283e-04
-7.160886509944638803e-04
1.665999748675316876e-03
5.447993291335777484e-03
6.835852324940983743e-03
6.217574295730814854e-03
2.953220830905564729e-03
2.106216687741202694e-03
5.101693606885334548e-03
8.016707410878490606e-03
-1.704687217791318703e-03
-2.389214662819263632e-03
5.924781419603663939e-03
1.361657399902332574e-02
-5.266167301147764261e-03
1.163155856773696178e-02
4.284165480893715626e-04
-3.996509618177195716e-03
2.251254791309091445e-03
-3.175053205217649895e-04
3.924952304488000566e-03
1.815253226030534919e-02
4.801011542333031342e-04
1.499618634900987645e-02
9.140578381640085751e-03
8.096127491829611597e-03
-1.109550759673798423e-03
2.038282587041124680e-03
2.666544949977328865e-03
4.447392291001781364e-03
1.766638096471581003e-03
4.608234125912599906e-03
1.174448957291585917e-02
-2.599564267958725042e-04
1.288069585095174977e-04
6.123507234172200116e-03
4.031825686357809620e-04
2.955965890437988602e-03
8.265326119399023577e-03
2.416906478231002024e-03
9.653260209253273008e-03
-1.383900398920512483e-03
7.863422389190102141e-03
3.782284329452780501e-03
-6.229660687417526042e-04
4.172886013272775023e-04
-1.974242989713293275e-03
4.812857344904548744e-03
1.587957737837857519e-03
1.439038487427924534e-02
6.261769892913716419e-03
2.900061310809538048e-03
1.465759477783977992e-02
6.535932435280864677e-03
2.210381097173811510e-02
2.428354880097281700e-03
7.413879334403583555e-04
4.929705283328898258e-04
-2.892895825854773385e-03
3.683567200752742993e-03
1.073840137406033290e-02
1.240767314722270726e-02
1.278840163804578767e-02
8.990549330741081464e-04
2.526754552710649797e-03
-1.866746753032484532e-03
6.475804898574306911e-04
-1.697936656251889786e-03
5.175422557788571243e-03
1.975075846747597133e-03
8.863810706692299042e-04
-1.095754664972975554e-03
-1.523906549124219838e-03
-8.095198324509163311e-04
-3.692954022225513125e-03
1.403300796437302296e-03
1.125677853398770155e-02
6.715198314660838531e-03
5.284997888386813378e-03
5.461088173726896160e-04
3.618617232848178860e-03
7.225091889422491712e-03
-3.048072562269710153e-03
3.955644076129936904e-03
-4.607089379414507383e-04
-4.793546190930543602e-05
5.586410893647964643e-03
-3.726513237936095397e-04
8.296997917978495701e-03
-1.006527111434968791e-03
3.860142106490714684e-03
4.197129654964564319e-03
1.028260429583594850e-02
4.311454055064201617e-03
2.071641038298974169e-02
7.360306913626797100e-04
-2.792502371895263808e-03
1.754391497324443239e-03
-9.086771809171481987e-03
9.702936026113169465e-03
1.003963827300141144e-02
6.881434897380842887e-04
2.685442400768024685e-04
5.965313232417932205e-04
-2.651312817788777088e-03
2.410781077366133326e-03
-1.325913150435335157e-04
-5.873044226000390285e-04
-2.197587725648551804e-04
4.430497057493462502e-03
-2.247464873005021479e-04
2.162072824319796575e-03
-6.336812069101583657e-04
-8.614123481817539214e-04
1.584911362985619255e-03
1.661558365225305339e-03
7.904784741200949344e-03
-1.408132128784605249e-03
2.692909436947664957e-03
-9.793377154976154117e-04
3.364827077124233137e-03
5.189030784702875453e-03
1.388799475367736083e-02
6.776174128141917476e-03
2.457293937038366322e-03
3.561970302638820061e-03
2.431642356932564586e-03
3.207662948168879362e-03
1.415772817010693685e-02
-1.057024363301657145e-03
3.574923707124075950e-02
9.024162671122668011e-02
4.661497754838143069e-03
8.300820263046277889e-03
1.562094069406292328e-03
3.313406506462535182e-03
3.888308680773311463e-03
5.540622522545894831e-03
4.753237761706536170e-05
1.756524999090437397e-02
7.641898955018867207e-03
2.821507052978853951e-03
-8.472383928755316358e-04
1.125727345525158289e-02
-7.099025463265764202e-04
6.377557466521060342e-03
-4.416558131229830070e-05
5.373437947211181023e-03
-3.990244561824131918e-03
7.399719406218927334e-03
3.697493388428395398e-03
5.275694687722937669e-03
4.989738969840263293e-03
1.570927516799427298e-02
2.817075683127262704e-03
2.000569743018185825e-02
2.817487184801200154e-02
1.067175091105601083e-02
7.423495251080937732e-03
1.119123950512927561e-02
1.821655987575698885e-03
4.815084319717003597e-03
3.504995780150824483e-03
-4.376948411381018089e-03
1.915358134435480447e-02
4.203465241447159120e-03
7.017018341944025045e-03
2.016712159523865837e-03
-2.900593751454087245e-03
2.494410922511836395e-02
-1.215640532927976308e-03
1.082521203514212951e-02
-3.476107860375784921e-03
7.724232398970368174e-03
-5.551935046448580689e-04
5.087545798128893446e-03
6.522449753755559312e-03
1.515733614732428167e-02
5.965902464288820595e-02
-4.468924603480882440e-03
1.164756524038011026e-02
6.775484983597807390e-03
3.376458447937506074e-02
1.183140620467833942e-02
2.956950606261993589e-02
4.650094216856743949e-05
8.790317500630697237e-03
6.219814905260537263e-03
2.578070884725318368e-02
5.813027540099738495e-03
7.505014111990050869e-03
6.065931090111677118e-04
3.458261344307312496e-02
2.560857648276367200e-03
2.963712065956754889e-04
-2.691362127778052556e-04
1.525874330898052342e-02
-1.949249393866361087e-03
8.898404238574207648e-03
3.263949648053735691e-02
-1.708065332076737133e-03
1.190107053311769032e-02
-4.426752078281689234e-03
3.122891101853068115e-03
4.615761909633629180e-03
2.029428757911138151e-03
4.966453662567459461e-04
9.626597969912591840e-03
-4.524881276270849208e-04
4.620521143933556743e-03
1.009628500378003876e-02
2.576284731870291667e-03
2.526264099536774596e-02
4.492722757498097226e-04
2.858922018779173208e-02
5.121637010953140369e-03
-9.236336907548025167e-04
2.521536509013908023e-02
3.374661812503506903e-03
6.043321890593266604e-03
8.950578587564865952e-04
6.874371600583303356e-03
1.152532127655453648e-03
1.054510902852651838e-02
4.262644186501123034e-03
1.002782248826162084e-02
-2.049315023131815378e-03
1.258045093874638701e-03
5.333729455562533604e-03
-9.062783985224415542e-04
8.115607425760607702e-03
5.301638882582138459e-03
-1.432286397061591785e-03
5.151367036947511469e-03
1.294091246971341286e-02
1.592836184068586796e-03
3.433190370419398479e-02
2.406977880198871503e-03
9.062558768322775266e-03
-8.138679322874058228e-05
4.247022515334591963e-02
1.166293930810961832e-03
3.445840189651182273e-02
3.901291138008514646e-03
1.804897530810428133e-03
-2.791279528522588459e-05
1.311187322547608313e-03
2.444095886457810663e-03
4.509109032298179616e-03
1.867652242570138482e-02
-4.119482052906429069e-03
6.020884442484906139e-04
4.046217560359846588e-03
7.803191826808554034e-03
6.351401485570287546e-03
9.517869795712305056e-03
1.185138752792637244e-02
9.354007936566337625e-03
5.650846951758370200e-05
-6.142611357014613046e-05
4.344203263939565123e-03
7.283635403085702946e-03
2.388456503077314354e-03
4.151978028556946483e-03
3.290139416166270366e-03
7.495283622143618027e-03
8.811915551699414043e-04
2.717167907093739031e-03
1.237952656614775201e-05
1.425282115191664088e-03
2.693614596397965726e-03
1.871462023429212862e-02
3.066275155231040512e-03
3.423749366720870487e-03
6.961218504444985702e-03
-1.172947455449397302e-03
1.231397210202992212e-02
1.221834804011553283e-02
3.049625384675674379e-03
1.348182649156363239e-02
2.867081093419327018e-03
1.626201049774544157e-03
2.857235781755729231e-03
4.080143323708468502e-03
2.425326156188064002e-03
1.702396262787183104e-02
2.584145719870441400e-03
2.829374637295447269e-03
2.897412653547603006e-03
3.518074806651998176e-03
3.460527722502364061e-03
9.019648737189848563e-04
2.048136212641215453e-02
-7.027790366839221231e-04
8.014054269861955321e-03
7.167640108673458549e-03
3.551624656274670212e-03
-4.569520260153216336e-03
3.829616025634822920e-03
9.680515793895172472e-03
2.007499679168759862e-02
9.887196063645682480e-04
1.591251703537603732e-04
4.395418616206493712e-03
7.186969148457410077e-03
1.969641806843789797e-02
-1.733147981139447234e-03
1.450407275436121956e-03
-6.669409897069916889e-04
1.917999023480967697e-03
-4.309614433388209674e-03
1.095469171812944384e-02
-1.199785907174176578e-03
8.815542806015180810e-03
-1.990394858540926650e-03
-1.053477823390604326e-03
6.372267154233697897e-03
5.510649332187487863e-03
5.172913192986374614e-04
1.537506956200201773e-02
3.722998833206518036e-03
8.106168020717362255e-03
-1.075191755048524652e-03
1.398912045990456003e-03
-8.674834001088430318e-04
8.004317762869233438e-03
2.790146952473984959e-03
1.276774378514968118e-03
1.015178058971466860e-02
6.699725305109684170e-03
-2.446319932307547862e-04
2.952411314155197787e-03
1.671634575691204050e-02
3.538537405421495223e-04
1.098382170677272666e-02
3.341206852261276086e-03
-2.392355104241667904e-03
4.288143204943259748e-03
-1.433981526963836687e-03
1.881644161420999205e-03
3.283669483454173740e-03
-3.458033152306939743e-04
2.716908487779571158e-03
5.018965722989499230e-03
5.579414848640293877e-03
1.328959806324479451e-02
-7.895651848310134002e-03
6.043070806803854406e-04
-5.412782733927918970e-03
4.482407632989958944e-03
1.089519337916404138e-02
1.242751816835742980e-04
3.619123603352248069e-03
1.254723744495670271e-02
1.051753012214540900e-02
3.094455559992245687e-04
1.861000724361120589e-03
1.297611110352624164e-02
1.784042123740633414e-03
1.995325594235522818e-04
2.696701872227329558e-03
7.698905082971929485e-03
-3.752857744654932402e-03
1.020589545024093089e-02
1.018969172813145863e-02
1.216328920408651058e-02
4.436126035580459023e-03
3.229341343588882328e-03
1.437991131871385435e-02
-2.770715011887376483e-03
7.719147292331025693e-03
3.879293518177038842e-03
-2.354662787246279872e-03
3.473456485946223998e-03
2.697145153637427618e-03
-5.406183457812479068e-03
4.778256520122634889e-03
2.242877294604045044e-03
3.234850315358772568e-03
-1.414200255206840041e-03
5.654286944367358306e-03
5.177439855755856628e-03
4.266163553918332976e-03
-2.655577831174614923e-03
1.440480654447122248e-02
3.840153415531793232e-03
1.623477918314148588e-03
5.164656906317246186e-03
1.508949823792027746e-03
3.516954143470532416e-03
-2.659850182951796135e-03
4.093408490020983628e-03
5.151638754988893286e-04
-8.653168659499526748e-04
7.023253866574901381e-03
4.148957786519377397e-03
2.087725148401080831e-03
-4.547713907111176207e-03
3.077739061761070125e-03
1.019133958842087517e-02
2.366324181546412830e-03
2.306207174814939873e-04
1.487526321250225506e-03
5.733709008129820629e-04
-1.752269536958529165e-03
7.017620583407195405e-03
1.358195851324975551e-03
-1.209140504175961438e-03
1.608269456618373599e-03
-1.856250308257986672e-03
-2.553464466778885590e-03
1.050519963892373879e-04
1.013255874083329906e-02
3.484212202079009762e-03
-1.402772743407893234e-03
5.460914673616886969e-03
1.574219401642992051e-03
-1.928231088102947115e-03
1.687625253894788329e-03
-1.782860250415949088e-03
-2.504131306452313764e-03
-8.220082691582012010e-04
-6.582401393113680374e-04
7.469542111394750217e-04
7.006224143028134607e-03
-1.569399960920087609e-03
2.083003913452100789e-03
3.940137610180511176e-04
-1.153100512918431471e-03
1.216640098039138175e-02
2.302096567020254104e-03
-4.964652239162131242e-04
7.047193985967793077e-04
9.529781632709195122e-04
3.170436288983163246e-04
8.388412961595704469e-05
5.522671977051470159e-04
2.830714537700422615e-03
-1.196678801003834289e-03
1.090117674821082299e-03
1.918191351039887126e-03
2.090629946658847330e-03
3.393000467567065326e-04
7.673697627841994696e-04
2.927374693341255451e-04
1.658491117267402518e-02
6.918532302025749703e-03
-2.265148798028179377e-03
4.418506795565596036e-03
8.786971693179032594e-03
-2.218201920411012537e-03
-4.288046925498146655e-05
1.832540133541733351e-03
1.090715736684820525e-02
-3.544286986035232855e-04
-4.498001758566977305e-04
2.768211444542173928e-03
1.952596340368362420e-03
1.294897869436892508e-02
-2.709276091588217958e-03
4.332457094912736152e-03
6.175900201497760110e-03
-4.198911674310125582e-03
8.351593253266475971e-04
4.617325147306752548e-04
2.560127386511167405e-03
-4.913877379444355148e-04
1.075417215281795165e-03
-3.282811103823009930e-04
6.996842273977997052e-03
2.392248199584274052e-03
1.690816485120811511e-03
1.029424886884349735e-03
3.584920668655708614e-03
1.959916754786501878e-04
3.442269294917208681e-03
-1.002760049942081396e-03
-2.134104737041782373e-04
2.191760202546263353e-04
1.177155526302692224e-03
1.143453354376153426e-02
-1.154097107683295419e-03
3.938143589349315729e-03
-1.910356617509962208e-03
6.480729538020001991e-03
1.783143525319456826e-03
3.764185332812844311e-03
7.565665368285008456e-03
5.492926468911725826e-03
1.719777385962473161e-03
2.095064241469581957e-03
7.101331434578202206e-03
-2.220764187611774061e-04
1.267680824598636270e-02
5.676233247298646985e-03
1.402915257741478680e-04
6.061159820648780693e-03
9.008511990263154759e-03
1.663855919726590026e-04
2.867630904078455681e-03
8.482850245436004966e-03
7.112513631284279186e-03
9.917774000490822955e-04
1.150373663112269629e-02
7.338040168869054691e-03
5.241174037679503968e-03
8.945265135571877496e-03
4.035703583686480952e-03
9.883551512323786661e-03
5.694266816350931210e-03
2.033681943468802072e-03
2.350337400820240799e-03
1.222356645737408820e-03
6.223484813916796421e-03
9.080840130828522674e-04
3.462796908924732978e-03
9.217179144189199466e-03
1.220672991518881442e-03
8.967372750910105076e-04
2.392404964083895500e-03
1.940772692758051558e-03
3.411263984815500298e-03
1.412585092832451678e-02
1.470559271344587006e-02
1.953264488494871418e-03
1.508649419147513283e-03
2.125589537681147126e-02
-5.580250432652684002e-04
-7.719888769479081418e-03
8.169879907786605985e-03
-2.717389249881937367e-03
2.750094634146037133e-03
1.970689770941914769e-03
2.476031353688614919e-03
4.078700245841020491e-03
5.880805965241658320e-04
2.153732663879569589e-03
-1.190661351956474358e-03
5.244363677938140671e-03
1.510708558061609006e-03
-1.416723530438959841e-03
4.325371407721483909e-03
4.448084463312691750e-02
2.171134495922492913e-02
2.992465180539680570e-03
-1.552727322231624036e-03
5.700283506495473600e-04
4.195247548113477387e-03
2.209807107195219545e-03
1.160443173051712434e-02
4.234441501107240151e-03
3.409247982147027567e-03
3.830685570405655774e-03
3.163518670996407628e-02
8.649826508560250551e-03
7.157181079079568721e-03
1.136091898279441639e-02
1.224143637019332485e-03
1.455113643515715434e-02
5.831096988286883342e-04
-1.591682663235646604e-03
4.806732696736251351e-03
7.199448184842160460e-03
-9.001649773404039184e-03
1.333927189247099444e-02
1.172806628640106746e-03
8.127219472129659783e-03
3.176378512281768755e-04
5.603091777540184296e-03
8.911823626449611943e-03
1.301800793560473285e-03
-2.137560521463073397e-03
4.633741566400010042e-05
5.313527462370852723e-03
2.725933309997469905e-04
1.778386466378913469e-02
3.622406754772910728e-03
5.589679193821936974e-03
5.344612803240024294e-03
4.721251052559339786e-03
8.608904471528695118e-03
4.388435218878437719e-04
5.413007788261365964e-03
3.045421326059525452e-02
9.528454185295728851e-03
5.837816703789112938e-03
9.657668388662995346e-03
-1.914296191379125447e-03
2.320581534455245631e-03
2.552666569339858207e-02
-5.738514239583620419e-03
5.064676835479046783e-03
5.888885502400199520e-03
-1.445586147189837798e-03
-3.810461349380764133e-03
1.528387781529024977e-02
6.119886429337944699e-04
2.020326506226159755e-03
4.315797652689588697e-03
2.623323945271390564e-03
4.153099555746744137e-03
2.295538275045555087e-04
-2.174216639425288842e-03
9.608078417678988115e-04
5.955760967069401168e-03
1.363565014888971309e-03
4.439653327589151988e-03
-3.628987580512065578e-04
1.397120957160227599e-02
2.503158615673714820e-03
1.239483270101931524e-02
4.080991281323092384e-03
-2.752030069359127310e-03
1.975037471705673019e-03
7.134115773043988966e-03
6.198987209265629551e-03
1.578677051830333633e-02
1.844178616395192403e-03
7.984613247725409410e-03
-8.894738900799095162e-04
-3.535571901759371758e-04
6.992186971378775220e-03
-2.813138038447759483e-04
3.119466942298650559e-03
7.571639106935458552e-03
5.063979355226293395e-03
6.662801332761186975e-03
4.800332037088210144e-03
-3.645568577629867187e-03
2.662011496861664377e-03
8.962628565847915660e-03
7.260340423963513277e-03
1.117926017077442748e-04
6.076055707353126938e-03
3.726951960019760784e-03
-3.950845153687623096e-03
-8.172554424108508138e-05
7.123497075739325737e-03
7.776552010648518469e-03
-1.491337513809161148e-03
8.982032440265344184e-03
7.840256003981635208e-04
8.150995321158920059e-03
1.785296121270813288e-02
-7.843756053391520711e-03
5.062071926104477412e-03
1.547852019003181923e-02
3.174996679925863249e-03
-6.492641528489972655e-03
2.474758009788515130e-03
3.238727303978862753e-03
7.361110177909666735e-03
1.928160623392629345e-03
6.582490019361064704e-03
5.823054268628148188e-04
7.039103244666387524e-03
-1.934975602145860537e-03
2.702232599417857956e-03
-8.152971808512147383e-05
1.410588125936101250e-02
-6.177029515020554529e-04
2.806004786909625098e-03
3.549541302359107502e-04
1.043736258836246850e-02
5.200971361456372191e-03
1.368759214020929225e-03
1.595143681891978468e-03
6.113903987647829798e-04
-1.054320835012666950e-03
8.445743739412928802e-03
1.150698102142471389e-02
4.251528938397826536e-03
2.499281980632967956e-03
1.235591083945803293e-03
1.751698330435471403e-03
4.332056945646936552e-03
1.813786120742727622e-03
-3.778709926090457680e-03
4.355531784434695636e-04
-3.587225803524562735e-03
-2.118450510545651783e-03
2.441908272959990127e-03
2.811923859464800571e-03
9.269590546190751776e-03
1.809366110004851117e-03
9.195685013689885914e-04
2.221440108139916166e-03
1.110191638654133700e-02
3.229701613309891558e-04
5.057782570084922227e-03
-9.690576694846310922e-04
2.389585103786834221e-03
1.991306250616029297e-02
7.598605070604058653e-03
-3.193047524289506413e-03
7.229566834327971932e-03
4.715309158155244103e-03
3.200342880905266817e-03
8.021979694513877227e-03
5.201392321934097430e-03
8.282523292253901603e-03
1.080029778386632812e-02
-8.040111526973019434e-04
5.657994581687072165e-03
6.557195001740867037e-03
3.500510348904631829e-03
8.321853083869835271e-03
2.128363897724694798e-03
-3.428522331051976450e-03
5.014228105392261672e-03
-9.306042623974971999e-04
6.186121794763845168e-03
-3.061339822469127036e-04
-2.284842209834627574e-03
5.191650526577863689e-03
2.043839564515028892e-03
1.023892653542407549e-02
1.080934028135962198e-02
3.585956525480737435e-03
2.924074420900357133e-03
3.008919501049262934e-03
3.513575075110013379e-03
8.836214452363169714e-03
4.485803271230673350e-03
1.095193765478741019e-02
1.197490618654741337e-02
2.443199336856378620e-02
9.812081501893098537e-03
3.424978188889592906e-02
2.458245446712056456e-02
1.349245247955747299e-03
2.373699983910904955e-03
1.947342193530901544e-02
1.113094850010516029e-02
3.536807083386319002e-03
1.000817257777118253e-02
1.588994959049989941e-02
9.671792959419257818e-03
1.757863200606320101e-04
2.355587213592723935e-03
-7.139996161511748870e-04
5.524621434369531188e-03
1.710487035712934117e-02
2.393189621690439573e-03
6.344464497113408777e-03
1.844594716259239818e-03
1.473636358838822068e-02
2.015491099892231103e-03
3.084888324473168859e-03
4.591325263663644136e-03
2.076481039277831495e-02
1.514237584462400660e-03
1.398324471845459674e-02
3.138600610474430626e-03
2.180723106838391989e-02
1.514166203173984357e-02
-6.238438921075084923e-03
1.116223261448546361e-02
9.827586280519381295e-03
-4.237281184061122974e-03
2.764253582415275991e-04
1.679947828653215050e-03
-3.069986965950235840e-03
9.012711217971767011e-03
5.290661292458542948e-03
6.161221149695919434e-03
-4.966241382407561057e-03
7.363084293143981086e-03
7.301255726997901534e-03
7.628182885360605854e-03
2.009637343863537786e-03
1.901462919835514211e-03
1.973367502703017411e-03
1.355859669395670722e-02
3.971941786106473853e-03
8.526405519669552971e-03
8.550682253963997823e-03
6.757316504691362677e-03
1.672172656978230046e-03
7.804619231000759806e-03
8.337819732590337138e-03
3.432091164145915571e-03
2.539777803046898950e-03
3.810389561540573986e-03
6.091461999571105845e-03
5.160870714946036095e-03
4.675794959247781511e-03
7.281937122059443761e-03
-3.223541918173267792e-03
5.299370498014122424e-03
4.136916030479147882e-03
-2.054991248007956555e-03
1.333393844211391106e-03
6.684190185782947630e-03
-7.946675809324081760e-04
1.468554479587565794e-03
8.288043863410289591e-03
1.164434837773555172e-03
3.679897734957146040e-03
1.026513020492565188e-02
3.531522809582480528e-03
5.273724039791440575e-03
-1.518540253180798673e-04
9.843066429124308278e-03
1.051005866389789073e-02
2.314223160669632347e-03
-5.588549143450967198e-04
1.664792403663307649e-02
-1.571484034357101961e-03
2.590309403901701855e-03
8.156124891168609016e-04
1.228504781345284480e-04
-2.203725611979713561e-03
1.233048627338380158e-02
3.650781352447308829e-03
4.406858380118725167e-03
3.719089366106122924e-03
6.451015595072586740e-03
-4.325621003796506492e-03
3.089425667942707031e-03
1.454883103215765666e-02
1.094040246188602607e-02
5.422544533323593249e-03
4.371748399026077758e-03
1.104773496417153777e-02
1.397577649720229027e-02
2.215891634482261216e-02
-9.784536707592608566e-04
-4.148027221604335020e-03
1.721131153303021087e-04
1.579341426726686703e-02
-3.380154473311173472e-03
7.008596100040419274e-03
4.105356779383412084e-03
1.241578520328323956e-02
9.882368089425797378e-03
-2.731216781037266832e-03
1.357661238865619409e-02
1.065483665088850021e-02
7.188476117421040189e-04
1.721576063986441155e-02
2.609943994696727748e-03
4.101729903587703063e-03
-1.787562376345518686e-03
1.996791427604868718e-02
1.036989892679417505e-02
2.310754541732894241e-02
4.744671282429981964e-03
4.684508510656246877e-03
2.923157043448477901e-03
1.157144152059865969e-02
4.830231881054708291e-03
2.102051961710354761e-03
4.184536452231216001e-03
1.200419886920557795e-02
4.235804138628258527e-04
2.048143877091364307e-02
4.195470152996540539e-03
4.090737422626562758e-03
4.173899913578776877e-03
-1.145948570180042002e-03
7.478400123477859512e-03
3.177392146612986745e-03
-4.946183418166810904e-03
1.255750033795708515e-02
6.960470603626423870e-03
1.635040652068799061e-04
1.077499813611053868e-02
7.886089595358908647e-03
2.527911610441668875e-03
1.519753619227456626e-03
-1.213410526882076649e-03
2.408451451871620672e-02
1.885889067109427792e-03
-1.247971732723733096e-03
1.217743827062375914e-03
6.196548295946442339e-03
-1.970265834265980641e-03
9.473838961532412770e-03
6.240829874539246397e-03
3.957008710759913304e-03
7.468444831896981287e-03
-1.869248445517176106e-03
5.167361893293320046e-03
8.290018976332821574e-03
2.302078929783180072e-03
1.004984607813914042e-02
5.295147034759663945e-03
-3.570733376580736192e-03
1.082305002930091919e-03
2.140311101040388853e-02
-2.845694475897284428e-04
-6.640126517263558910e-04
7.217337034375487584e-03
-2.506494783591024268e-03
-2.596173437275969137e-03
7.996404026974152437e-04
-1.927626873695664636e-03
-6.183445101564265765e-03
6.540760552478132317e-03
5.703272491119485907e-03
2.401855070894401076e-03
7.234591349385137860e-04
-2.184539561099881066e-03
1.877093342823978397e-02
3.869840079848880371e-03
-3.864092120112066521e-03
6.784476655406829725e-03
2.665744766126718329e-03
3.110869244155936401e-03
-3.391885026985758979e-03
1.057622216585306189e-02
4.811947782952339693e-03
1.553198350618016817e-03
1.606727553042988860e-03
1.087217980627995170e-02
3.920559209450229189e-04
8.854582400829387641e-04
4.334884294974476922e-03
2.712090383607069187e-03
8.278537234363490512e-04
1.038733203659035400e-03
-1.186467863948640483e-02
-4.142753617267540787e-03
2.208107597957937457e-03
1.915929242740655727e-03
-9.822227372292872093e-04
4.776885800761148174e-03
-2.207753637173767594e-04
2.577857652284952744e-04
-4.463642527913879582e-03
1.142398280573790614e-02
-5.572200168289666300e-03
2.501558813060088086e-03
1.120660808234305063e-02
-6.161058952674231676e-04
1.215569733310478424e-03
3.643812378879528191e-02
7.156088571654495127e-03
6.637993269296045551e-03
7.602277996507950542e-04
2.524856251912599957e-03
4.742103745660793644e-03
4.449505419638313114e-03
-3.685677033931535583e-03
8.370987458225957051e-03
9.659555329661912576e-03
-1.752166859752517757e-03
9.322150744787295606e-03
-3.477484558244633116e-03
7.489607312243329838e-03
4.032751537130787982e-03
-6.609887388116808277e-04
2.489917952125790014e-03
1.666021553418947643e-02
6.331316223589499373e-03
6.488386112476377671e-03
5.664591579949171223e-03
-3.158097816906749612e-03
-2.653771452060278181e-03
3.596640489433344454e-03
-2.838992528386006207e-03
2.023092431791442651e-04
3.494939267119028361e-04
4.843135421405736843e-03
-5.248658282594758804e-04
1.751353464517521955e-02
5.876416275342005681e-04
-3.016004311389529693e-03
-3.790067601471068092e-03
5.157374885746553519e-03
6.388740823756042936e-03
-1.191994962496174164e-04
2.343190892141679312e-04
3.256627621637488233e-03
-4.048402002092396125e-03
1.091359879608975840e-02
9.472949915650607025e-03
1.294426893359443709e-03
8.973140344244141114e-03
-6.464901150264764067e-04
-1.528050438080263019e-03
2.364633690144120771e-03
7.478497633353251538e-03
1.046174101773663040e-03
-1.530656814395487276e-03
1.243142651018621682e-02
1.464757476473354907e-02
5.560214440180170914e-03
5.211695785031111861e-03
1.998126944088264231e-02
-1.592831054066564875e-03
9.536359010978438105e-03
-1.547224834552689146e-04
8.491036359918699428e-03
1.572001586174115494e-03
6.925614280658016868e-03
-5.054767312463539792e-04
2.213797353120457168e-02
2.052363806676115419e-03
5.121015534991463919e-03
6.841714515844320860e-03
8.782584032185810838e-03
-5.323092490328306140e-04
4.782147635962930368e-03
6.036012713693324379e-04
8.069437465338950149e-03
2.966372617388307945e-02
5.315144447269820951e-03
1.195798749433223639e-02
-3.280545143939517152e-03
4.287794845416696872e-03
9.231783853687008587e-03
-7.329088712940768149e-04
1.463188172419007923e-03
2.142115179438317928e-03
5.530277029170895409e-04
1.342436221386362170e-03
-3.537458267441635513e-03
3.102024752424643091e-03
-4.565439785905273063e-05
2.231647691837433493e-03
-4.556329776332477058e-03
6.099996818456361602e-03
1.819019964742777697e-03
-1.129660679997625478e-03
-1.771051548427891257e-03
7.991037092077673057e-03
-3.010386824095389246e-04
2.475708619412889111e-03
2.021937736691116223e-03
1.259049261339983961e-02
-1.092124482516515765e-03
9.798231784088966626e-03
1.471350545332597917e-02
2.437825688201975330e-02
9.859183181782332772e-03
1.686148308398806653e-03
5.500652212910340372e-03
1.948402304011072296e-03
4.002815155226302143e-03
-4.962865050408675829e-03
-8.328659357790920348e-04
8.755443809492441734e-03
-1.647592894766230750e-03
-1.914185183443688079e-03
2.594588867662714240e-04
7.023687540251107551e-03
5.179098319647378046e-03
-2.505073341000407187e-03
-5.832184755189813267e-04
-2.800460679738296307e-04
8.342036352215506483e-04
-6.063664933084834735e-04
5.454943536309236028e-03
-8.628245333059446440e-04
6.320827995368169180e-05
1.073187359417620591e-02
1.323524276027441236e-02
1.660074895083662127e-05
2.457540840816072828e-03
-1.264284123799880571e-03
2.882937988812881314e-03
4.502679649527605195e-03
-7.771859797605477644e-04
-3.339344195886492523e-03
-1.012528193871263180e-04
-2.730910926351592244e-03
3.303186018260355090e-03
2.124678582010535322e-03
9.940187375167735054e-04
2.844880084304311080e-03
2.664093660211694966e-03
4.750667980376383132e-04
1.506257638061287828e-03
2.283979934056054508e-03
-4.211826953153817487e-04
-1.535599491255537239e-03
1.676899854794168532e-03
1.918346426020887865e-03
1.466490034262887105e-04
-3.069280073918702507e-04
1.633490899547946794e-03
1.035129499082197311e-03
9.366886082365484490e-04
4.601924643534332886e-03
3.124215498984768500e-03
-1.644528909190402354e-03
7.306203993152801147e-03
-8.926932842195478123e-04
-1.412278047583058038e-03
2.841445874584507631e-04
4.689836706580645734e-03
2.260678913543145117e-03
3.074911564189867618e-03
6.029907371364382320e-04
4.418366298719455382e-03
-7.654236610419239920e-04
4.669863046199904913e-04
1.586633026790698403e-03
-9.084729602761073414e-04
3.054023830851816928e-03
5.414537609303870678e-04
1.038069394628917189e-03
2.710007915476585552e-03
3.180127121442587364e-03
2.705722911639772601e-03
-5.759004339732495467e-05
4.131832108043383481e-03
1.734124808787867317e-02
9.694167191660871047e-04
2.215402967203901168e-03
5.579005250398988598e-03
7.601729850390302225e-03
8.087751216442555513e-03
1.521645220246870510e-03
4.285473654841965956e-03
-7.040227568298420722e-06
1.135668317498306559e-02
6.779648110031163098e-04
-4.400577710628282698e-04
1.839420318364612481e-03
9.352523553759678476e-03
-1.647982915139834881e-03
-7.638820453709477916e-04
-8.619670435931932329e-04
8.920723695578463945e-04
-3.825093827651180559e-04
-8.828768596120780202e-06
1.365357282718116048e-03
1.663155720771904980e-03
4.020200040420853112e-03
-2.453618670067983162e-03
1.550912291130489718e-03
1.101680323541363686e-03
2.192815099560640850e-03
1.536847104168195160e-03
4.820180939609479930e-03
3.009640922092975818e-03
-2.605965976771196929e-05
2.760573491508423478e-03
4.277648429720930928e-03
2.090591673842445101e-03
1.285784364291420265e-03
-9.115929346422430718e-04
4.798642975548459387e-03
1.162355476545095904e-02
9.690843077378584643e-04
4.659784510542693339e-03
-8.109205056625939587e-04
8.458750732794348762e-03
7.894631191748715908e-05
1.249650264731556881e-02
6.189651030064186391e-03
-4.737310913168368181e-04
1.743906318365048228e-03
3.854166911275639165e-03
1.179483925468207545e-03
-1.492334604152592212e-04
-1.745401677496580966e-04
-3.527160528596474747e-04
8.562751432608016423e-04
7.254378228648879039e-03
6.361575636192914711e-03
1.824351451151491697e-04
6.419037727894657576e-04
2.182568644120421678e-03
-2.261417356661500622e-03
-2.530699473744046132e-03
-1.270907144083442382e-03
2.151537605246916195e-03
3.403265842089092837e-04
-5.998807498008317841e-04
-1.353334266959750187e-03
-3.874642882780269539e-04
-3.154676289003191091e-03
2.529951362347042463e-03
4.295997317637552729e-03
1.152911391113293528e-02
4.827472540507578118e-03
3.175199648738821203e-04
2.778996124561990220e-03
3.963339422785984792e-03
1.622922808122833141e-03
5.629838808839549014e-03
3.174320175949678878e-03
1.313765847808399381e-03
-2.146110301156643578e-03
8.400012777310217164e-04
4.558294455509104455e-03
5.150300573000055407e-03
4.647938578309161739e-03
8.353240473929287799e-03
1.661498521969260100e-03
1.461983661155788830e-02
3.237304099446447047e-03
-2.855441836856593800e-03
1.532652957324081439e-02
2.356183389660231574e-03
2.985695392308836474e-03
9.305021894252798673e-03
2.236696907401639327e-03
1.499882000349937652e-03
1.301836654375393941e-03
8.104689752694680012e-04
2.860342694744432649e-03
-3.428403088161623299e-05
-9.132213311812650055e-04
2.654229780518894987e-04
5.789498305763533977e-04
3.504764133234255716e-05
-2.000909310067806000e-03
-2.235927721533560080e-04
-1.337740022966843727e-03
1.904477577678573611e-04
2.523457240249156724e-03
-1.434448141593542073e-03
7.060306290352025109e-03
2.134762291453683354e-03
2.438093709385627181e-03
7.205917979050060693e-03
1.199433461325126980e-02
-6.827548810678810230e-04
6.743860576466290460e-03
9.234992892349946567e-03
5.879137665065739884e-03
7.669967410909008182e-04
7.004242538973482965e-04
-1.110494879161490417e-03
5.999772365281891978e-03
-2.703622460144466076e-03
7.416023576207796206e-04
-1.467840902472982399e-03
3.347916098117102376e-03
2.330622671277151128e-03
2.092694432144252652e-03
-2.680355620593369379e-03
-2.411677733152464177e-03
3.315301141497048552e-03
1.083951108088969514e-03
-2.558628570242667613e-03
3.780878420542721626e-04
1.009079633944941212e-02
-9.386537078231140451e-04
3.769570006245974089e-03
-1.987684902434748869e-03
4.982880427708392436e-03
9.294752179039621545e-03
-1.624706485101067672e-03
5.293269614896660251e-03
5.171205389258423137e-03
-1.836960873609707473e-03
-1.199612618840164516e-03
7.232743680704097934e-03
5.730120211516715606e-03
-2.197375820962834281e-03
6.595467977161938861e-03
3.151967287668605826e-03
9.879968861442470565e-04
-3.915876552834618137e-04
4.089532283932360152e-03
-9.558637382756638486e-05
-2.050137592602841851e-03
1.539484552275536535e-03
1.352211936445585436e-03
-3.950361313599358177e-04
-1.102056321419855921e-03
5.400512410449997448e-03
4.389239086170333530e-03
4.654757217078958360e-04
1.967575947842972132e-04
1.927036005858882416e-03
-6.752286972074970786e-04
-2.376869052619771700e-04
-3.717841476201150285e-04
6.165962538683589581e-03
9.784744478771130113e-03
3.568053526192299001e-04
5.898717088099431982e-04
1.776020457189492543e-03
-2.551693710812479466e-04
6.497338775158505164e-03
-4.374733373902650602e-03
6.126825909517249515e-03
-3.601338307615409642e-03
8.067503859930863020e-04
3.358403551297967603e-03
-1.954000692150910812e-03
1.355139611922806910e-03
1.693004906279747769e-03
5.847169529819178264e-03
-5.029622137432722406e-03
1.168184692065955300e-02
3.297233326107520002e-03
-2.826825816735846313e-03
1.149018589239541839e-03
1.104893560393080485e-03
1.679807883874261717e-03
1.242180449161537324e-02
6.203135900478121134e-03
3.449198903953531060e-04
3.292989879346971613e-03
2.695478227860291683e-03
3.528254386633294590e-03
7.378649080578053923e-03
-2.640790434439211666e-03
1.836674634714338976e-03
1.508588036486107373e-04
1.403667219354577840e-03
3.121705453062078531e-03
1.512418437941575222e-04
1.634461966883409738e-03
1.114262003590959105e-03
6.695507317496535854e-04
-8.494534955381263883e-04
-1.957434115211461115e-03
-2.087368119098672366e-03
-1.925029019664364080e-03
1.231370550802208825e-03
-9.820397923011217178e-04
8.620639083867969246e-03
2.784241207726182409e-03
-3.555960077256168847e-03
-1.302549907796617459e-03
1.300665479337240584e-03
2.692766621249619973e-03
1.302288326785468013e-03
1.300004729759873302e-04
1.856865199527093493e-03
6.324070903881096268e-04
5.636263116819889563e-03
2.344697626511072375e-03
-4.064423512354558253e-03
2.269450543844909757e-03
9.457340961170222684e-04
2.095044702118946216e-03
3.034328453464389935e-03
3.439101122560681185e-03
7.233428700964781959e-03
4.758113496364613053e-03
-2.278594465159928042e-03
5.792622760055307629e-03
1.915112152424373188e-02
2.164074250630496771e-02
1.628153895075812665e-02
9.346664401588010429e-03
2.414286323832869757e-02
7.003360744972732081e-03
7.818987984424145832e-03
-3.011990108822001845e-04
7.410698907884467543e-03
6.947281899431518443e-03
3.389532417118191338e-03
8.353265371758535757e-03
-2.700762954468041276e-04
-4.308626692618595586e-03
8.783478266466915318e-03
1.345434454929286035e-03
1.282578465874568974e-02
4.265285024341852055e-03
3.781341623485826465e-03
-7.183129205333871770e-04
5.068058107807993720e-03
6.351575915181824350e-03
4.608030381461840352e-03
1.136794450666068915e-03
7.278171727356793665e-03
4.692532827247857365e-04
2.465952541216262766e-03
1.744326106112746881e-03
4.423274088627288277e-03
1.760784959274246456e-03
6.270708642579849411e-03
4.650336433728401858e-03
-1.063041251159907961e-02
1.637405496632992480e-02
-6.943670379891662709e-04
7.308424003059460668e-03
1.121027460347450398e-02
7.992337669901535685e-03
4.331727546065853619e-03
2.318376716973140610e-03
6.549541897065074003e-03
4.094923110866910583e-03
-5.792755047710714845e-04
9.389979290135503850e-03
-1.735634191616944755e-03
8.057983441385717371e-03
-2.903596608930297720e-03
6.359541638208662806e-03
-4.666901469409395244e-03
1.234003713938758382e-03
6.246576738754128395e-03
1.415179398797705495e-03
-2.974460976997022731e-03
9.518582578745330564e-03
1.235447550053852921e-02
3.580135118771405819e-03
7.061175496307742563e-03
5.060090845761698250e-03
-9.417608839037954621e-04
6.191716643185025959e-03
3.424456268953068351e-03
-2.102702892358054333e-03
-1.354749671288028997e-03
-3.296132149893739359e-04
1.195692815906651638e-03
-2.585296162100544633e-04
1.224943438579961449e-03
4.051471995675842187e-03
9.226641472578763718e-04
2.505197392823557342e-03
1.007572530805370993e-02
-1.416869501250445952e-03
1.827048945660668649e-03
3.256581354397546611e-03
1.611187212281017236e-03
-1.068111276453160337e-03
2.389470421470398821e-03
3.014895544828813216e-03
3.358915484490595724e-03
1.099717075567599109e-02
-4.474307169293075502e-05
7.047252253610497130e-04
5.196061256452692498e-03
2.836080185113341694e-03
4.525714523386925180e-04
3.059460786603829772e-03
3.701584000655543712e-03
-2.386679723123572797e-03
-7.603509322843404620e-05
1.957577445435995656e-03
2.180858704909105841e-03
3.922429207119359704e-03
1.771533291251645506e-02
3.162079477402861966e-03
4.935165852100188190e-03
1.156957664236789828e-03
5.029124397123730869e-03
1.597467475991294975e-03
6.005173004124943377e-03
1.408719012177853244e-03
7.880635605523747880e-03
4.400758677645790450e-03
2.074272999716509497e-03
7.050431032856274358e-03
-3.034341334608879961e-03
2.698607953335100534e-03
5.665253612759893476e-03
4.016709229640854327e-03
7.927427375435878694e-04
7.253621796507834542e-03
4.126851886684614577e-03
2.471144116250359370e-03
-9.548761509950178233e-04
5.254343939489269227e-03
-1.718873921210770529e-03
3.699864700426570775e-04
3.411900699434992391e-03
1.435745025423111956e-04
4.448119042736073739e-03
6.532482952345319838e-03
7.573424770653603907e-03
-2.242451698092569334e-03
1.673112651491230358e-03
3.646536533702189782e-03
3.967587641642610422e-03
5.089281877301021079e-03
2.463219167824302631e-03
3.520371993060125455e-03
1.855309317810679330e-03
4.293459162951342536e-04
3.087123283586850828e-03
3.456976675787726619e-03
5.611663624533310725e-03
-2.705970503763303892e-03
1.826060353971759725e-02
1.578501643605675648e-03
-2.447791935386327798e-03
3.620906018839709106e-04
6.536328111522845749e-04
2.532195612032344181e-03
6.002634433329276722e-03
6.595003723546384589e-03
2.700439327068461948e-03
2.747844928453525154e-03
1.101562498073017015e-03
7.594018906653629900e-03
-1.067645667045543463e-03
1.297468075757616038e-02
1.841634762447772432e-03
-2.420334242747186615e-04
-4.154103659803181628e-05
3.438288553801082531e-03
1.567573418980594958e-04
-2.862990340322609222e-03
5.669658558097683682e-03
5.161233730575714388e-04
1.464694176333797282e-03
1.270744986397511064e-03
-3.228007044731071896e-03
4.630679486383969951e-03
9.558168050290115087e-04
1.346423546137653134e-03
1.306221101917681314e-03
3.728383526713986706e-03
5.779767013747553334e-03
5.307896132009638779e-03
-4.004930411416558669e-04
3.144626764672728541e-03
2.319352344618123753e-03
9.192670252450208315e-03
-1.049560722415840419e-03
7.073452953947963195e-03
1.671947899826757827e-03
2.169825815111802586e-02
5.182073308601690791e-03
1.067497752613008263e-02
1.915095268322718550e-03
1.217896339061699112e-02
1.218544005320120437e-03
1.147740378970578227e-02
-6.896434745535172340e-04
1.928246037363695684e-03
-5.379920404200267499e-04
1.530386979415929334e-02
6.344094509092759043e-03
7.150258730636406025e-03
6.700903188233316328e-03
6.642778880705892987e-03
1.100175579164000897e-02
1.721000375239133129e-02
3.046681519668813167e-04
3.172663972578352535e-03
-1.993003698299671803e-04
1.467337926336033209e-02
9.896790850874647577e-03
1.335049128441058094e-02
1.349431002128092735e-02
3.336955922812751083e-03
2.130895268473748279e-04
3.249943423016446453e-03
9.203875410524629732e-04
1.105893465899476270e-02
7.930689554991309301e-03
6.099550770773136746e-03
3.109962436784685647e-03
7.474597378666901146e-03
4.279097170884083728e-03
8.406115788207147582e-03
-1.094236771521124932e-03
3.975813457573685455e-03
4.698218122650530022e-03
1.410257501462162943e-02
-1.251636395143009115e-04
7.521111969243907819e-03
4.604965547725685913e-03
9.865499260896734568e-04
8.401863420043115174e-04
-1.761148098957760963e-04
7.194056335439624750e-03
8.765436139391071316e-03
1.263569118718744881e-03
1.114523519811641376e-02
5.812512870522811535e-03
8.310982175084071985e-03
8.434081667069817309e-03
3.437955322209531456e-02
1.084079729005524729e-03
4.165657597903041007e-03
