0.000000000000000000e+00
0.000000000000000000e+00
0.000000000000000000e+00
0.000000000000000000e+00
0.000000000000000000e+00
0.000000000000000000e+00
0.000000000000000000e+00
0.000000000000000000e+00
0.000000000000000000e+00
0.000000000000000000e+00
0.000000000000000000e+00
0.000000000000000000e+00
0.000000000000000000e+00
0.000000000000000000e+00
0.000000000000000000e+00
0.000000000000000000e+00
0.000000000000000000e+00
0.000000000000000000e+00
0.000000000000000000e+00
0.000000000000000000e+00
6.424984821735766141e-03
1.041254157697108461e-02
5.090082694329219754e-02
8.055354185244782000e-03
7.965197673703190706e-03
2.116708268923792047e-02
8.790272578001641357e-03
2.031195380960738178e-02
5.889618889107295710e-03
2.372399585310829354e-02
5.619655007007989551e-04
5.270161335246782361e-03
5.148853344053799450e-03
-2.588344581635238471e-03
1.060211408406819267e-02
2.816280520920153799e-03
2.835518458887594569e-03
9.563030476125070067e-03
6.155828897466079225e-03
1.045415778991061993e-02
3.932038904206350098e-03
6.610546303995460987e-05
9.919780869204674820e-03
-2.547196863532802825e-03
1.324862862469300406e-03
-2.913202730256886797e-03
2.567289566977112338e-03
-1.730870180261551801e-03
4.045598944887926875e-04
1.033318294720322189e-02
-1.449785340687283165e-03
1.629521020360228138e-03
-7.659248040048753821e-03
-1.651323370007888808e-03
1.676868509084394193e-03
-6.883769494256142610e-03
5.544334139843529923e-04
7.972591110830682531e-03
8.915775589306750015e-03
-2.722733659129132969e-03
5.730759593620665844e-03
7.403632165989968567e-03
-1.691042066091060381e-03
-7.052247619408917373e-04
6.050624419928428942e-03
-3.443162080559000380e-04
6.260101068158476813e-03
-2.866206572764451368e-03
6.168502898491939673e-04
5.505514656509281381e-03
1.351820138946994423e-03
-1.629359797369701011e-03
5.353639662433956961e-07
3.286684361980658775e-03
6.729696954694672564e-03
-2.663351728160425619e-03
4.044994557261983627e-03
7.602250988949805360e-05
1.410226461715883249e-02
-2.041620362301135340e-03
1.353738742546100465e-02
8.543151765292801916e-03
3.206983806556489187e-03
3.193060638711589516e-02
1.364343594173916645e-02
2.755066899245519133e-02
3.313782549915796072e-02
3.969234782868955730e-02
2.845062024613869214e-02
5.517092663495069133e-03
3.586226426707171417e-03
1.733299358760946249e-02
-1.733627807848402711e-03
1.038298375644361969e-02
1.716906334423369540e-02
3.692019511746744143e-02
1.497152535962684855e-02
3.748962726598989523e-03
-6.065585814339474182e-04
1.702260414792977671e-03
1.865261073405212466e-02
3.946377762669294083e-03
4.969494754292308816e-03
8.728360533494395473e-03
1.813661191096895301e-03
6.983804061084804456e-03
1.645620340577904489e-02
3.005147491978287649e-03
-4.541964812150123959e-03
1.179518806981683793e-02
5.808195591056141034e-03
-1.148899661274719111e-03
1.782559223417173877e-02
-1.485371320555007972e-03
5.836061744103396981e-03
5.895779500438050671e-03
-8.252521137865698533e-03
6.308818170309942255e-03
-3.847480535101560194e-03
2.063019676640868473e-03
1.096482846046909973e-02
-4.472225230222050436e-03
6.381787009518699073e-03
2.618008006131634490e-03
3.663969005618691877e-02
1.779372023530283609e-03
-6.045204254200968203e-04
1.479929701723762051e-02
-5.271490985626547596e-04
6.892635027498456024e-03
-2.556650282648042713e-03
2.772417503757912231e-03
3.217098662688873227e-03
8.286245300694939676e-04
7.187208656095679139e-03
-1.712424071054060790e-03
8.755855457359875554e-03
-5.542906853426617791e-03
1.609017456313663677e-02
2.329329180078584089e-04
4.536805876028925924e-04
-7.920988815494458754e-03
-1.497087975230154255e-03
3.513285078623768084e-04
7.797579873993720073e-03
8.709201032065880949e-03
1.847658072351471671e-03
1.966127671759074821e-03
1.037608677521174774e-03
3.895317066866128223e-03
-3.943933632312656389e-03
4.174791082822463910e-03
3.541683040116848109e-03
6.964740505812139215e-03
3.944575933044521389e-05
8.004459360760060940e-03
3.696063137682332848e-03
-6.157122235313046616e-05
2.265383907840653934e-03
-4.498093989486044199e-03
2.255661407806284352e-03
8.719364325225232443e-03
1.008810281802842782e-02
2.357357450218680942e-03
7.778376663849807630e-03
8.138327424411848218e-04
6.664624948254004901e-03
1.012866310895339621e-02
4.803177094062901185e-03
1.960865529546109223e-03
4.113014379868008483e-03
1.138142486975249595e-03
-2.705294297407461086e-03
-2.829902532580962971e-04
-1.135477002438299099e-03
1.115987358844110211e-02
1.417726905645105145e-03
3.662883188444149198e-03
-3.011084878068618167e-04
4.274676788475324785e-03
8.188064254603309028e-03
2.317702665205131039e-03
1.792582979230947010e-03
2.442310351581060759e-03
3.640289061633680042e-03
4.002027309940916697e-03
-5.060770950879965721e-04
-1.610587242804881148e-03
3.393413232653080900e-03
-1.162522096717585635e-04
1.093885602865817333e-02
5.139560495747898076e-03
-7.625770156189017046e-03
1.558010925836231589e-02
1.243642170947308490e-03
-1.491485012334201824e-04
1.032066474105291023e-02
7.832446331062853850e-04
-1.948661967752809282e-03
3.903229842272201884e-03
1.532554743260008262e-02
7.861575877904333418e-03
-7.542269773023990188e-03
2.766396526395924638e-03
4.501499392311041244e-03
4.669814265827953829e-03
-3.425643523956095442e-03
8.875338188414721302e-03
1.317437444637832057e-02
-1.334284461542319155e-03
5.085478627297035543e-03
2.268008267964626359e-03
3.361614197262600967e-02
1.030896115686568727e-02
1.519586225895265541e-02
-1.421460172560040300e-03
4.359634301506776395e-03
3.002803454518499730e-03
2.953174691163085522e-02
7.932956903465239809e-03
2.019363502945654629e-02
-3.951947766007796181e-03
3.074212288473106985e-02
6.345168838012947218e-03
9.516846467111043234e-03
7.649246804517157057e-03
-5.297183567240416543e-03
-2.380978083868801835e-03
2.936771048584536914e-03
1.819820060671114431e-02
1.172656311580103430e-02
4.657000283461516961e-03
1.056040190766797428e-02
1.289538637623253992e-02
-1.554515934311092272e-03
-1.160245492653306240e-03
5.227576298419741446e-03
-1.016134725843957989e-03
8.551474763055528366e-03
-1.010186034466104823e-03
9.310934462009970089e-03
1.718886989700031762e-03
6.577915174993897995e-03
4.842219774881247746e-03
-1.477206003472714092e-03
-3.188827780417626337e-03
-1.030683819619042461e-03
2.238684644127638280e-03
1.905119334897743821e-02
7.657340776565055643e-03
-2.831514360739996721e-03
9.606736802840309258e-03
-2.200328602656141663e-03
-7.199814095140848885e-03
-3.990054204000391814e-04
-2.510449798142725406e-04
-7.866556439294398627e-04
4.719154079147470406e-03
4.873947686104542106e-03
5.648511279582074662e-03
-6.480107553199519754e-03
-3.208160501711143815e-03
4.925749135099713634e-03
3.394932250624177906e-03
-8.267192769842949401e-03
3.405827288377349504e-03
-7.258999200614370088e-03
-4.124869061603854371e-04
9.600675142990766284e-03
-5.409705206981062393e-03
2.444793347442322101e-02
-6.316868435087947230e-04
1.242303112821577238e-02
-2.783814925235142314e-03
7.847987115140276498e-03
1.509598013604003086e-04
3.135346046461819861e-03
9.340674254652637717e-03
2.701921605970048802e-03
-4.826340231196919934e-04
-3.730867432663675411e-03
6.931031255152478830e-03
2.143251890974202066e-03
1.564560012097813415e-03
1.013952990375743130e-02
5.538247274695182881e-03
1.100008254140383973e-02
4.055054648926094060e-03
-1.262547482845394371e-02
1.727123073775748210e-02
3.552520069237060946e-03
9.551084147022759901e-03
-2.001104711268541104e-03
-1.037747316466428558e-02
1.390648479047104126e-02
6.941108507060997877e-03
-3.457224487280665098e-03
1.235274602440917212e-03
3.038399781199443029e-03
3.312742605847572661e-03
9.275020463343516906e-04
-7.400785243213301931e-03
6.711734392582406269e-03
-1.839347725527719791e-03
1.105888618531434067e-02
5.383856475193814217e-03
1.375498620430476264e-03
6.947071815250584897e-03
-7.643319426989878332e-03
9.297436562435434666e-04
-1.384190557731273261e-03
-3.812012673785044724e-03
3.729313560153725646e-03
4.022528542205945114e-03
-1.185080428232544074e-03
6.602960071570831459e-03
7.120128705300937319e-03
1.381861080326354579e-03
5.530244842813958513e-04
7.905387679984348173e-03
-4.195539401453194338e-03
2.916909117060948690e-03
3.765030527775872424e-03
9.708396543619919258e-03
7.166841874537061875e-03
9.746568056794415250e-03
1.295368475697116764e-03
1.337167579204993038e-02
1.022647538060407653e-02
3.195928663821092069e-03
-8.830745998307382161e-03
1.933331958605420675e-02
4.145810735367369201e-03
6.996739260532516651e-03
5.851360031059876787e-02
3.261494833364889795e-02
3.599021791128399067e-02
1.175576558961830970e-01
1.165599831609999935e-02
2.704015146699010816e-02
4.339503323913243213e-03
1.933409465452735551e-02
-1.093527466160270495e-03
1.512430045514453515e-02
-1.054171873963947841e-02
1.370501283694272598e-03
9.147626652755286303e-03
6.215449474766474025e-04
2.918459785687874120e-03
-2.082358723347696276e-03
1.013778874573849180e-02
7.764527024841842359e-03
-7.170698231297253792e-04
6.761438668163109733e-03
7.181539696617222912e-03
-7.555458162304781733e-03
-1.063728324732357219e-03
-1.035086462948238287e-03
5.620116207662822355e-03
1.472556762316883311e-03
4.055064043453575741e-04
3.749253944965954578e-03
-5.109806420635278068e-03
-9.697209206791910022e-03
3.642996567457743029e-03
6.206315998118498017e-03
-3.559947911489162297e-04
2.356710701881734732e-03
1.341042401112442712e-03
5.758551100346336483e-04
1.430250807203943542e-03
1.124278626199687846e-03
-4.016690391154324052e-03
-4.828970815838304169e-03
1.846301065010370630e-03
8.116648535994702360e-03
-6.116897853867919559e-03
-7.961733104235658651e-03
1.986784673602483633e-02
6.606837482486059739e-03
3.197838684995410810e-03
8.249498325770423732e-03
5.407514322446810122e-03
5.875581910054131392e-03
1.832091802542612502e-02
4.459244815224331845e-03
7.079866363504423374e-03
1.230977934655714569e-02
-1.214088825154758557e-02
9.018831695880979299e-03
-8.820926489943632307e-03
9.553452382353213798e-03
4.795950771711209905e-03
5.858493275972798640e-03
8.790462475697093342e-05
-1.978425022271060665e-03
6.810066390377031084e-03
-6.628572631833102441e-03
2.902680226838435032e-02
4.054778265437842047e-03
4.390019551918897950e-02
2.898913137410210304e-03
5.195478566064008763e-02
1.931500592914311976e-02
4.345659469810672637e-02
1.231198652983310493e-02
2.883972385060857603e-03
1.130829001802967707e-02
1.002982655616525484e-02
4.587217403395339038e-03
3.106499636218420374e-02
1.654388376120919865e-02
1.192007461661734151e-02
3.007900074110401653e-02
-7.603889741617255414e-03
4.691040310416510692e-03
1.687674284411052814e-02
3.295558410859873548e-03
1.406149664672997658e-02
3.554397983136811916e-03
2.124590064876921529e-03
1.607469457407002811e-02
-3.013478916236670292e-03
9.404271332808900952e-04
1.106683864820748146e-02
-3.496553330113577867e-03
-1.278049414677731588e-02
1.008824611026035503e-02
-1.263038758278844410e-03
-5.351618442530973498e-03
6.636763728027400902e-03
2.222129888350551311e-03
6.162759543339352969e-03
1.061102678276606807e-02
7.617060675568067263e-02
7.776710377625888071e-02
-8.690789719227168253e-03
6.283496947746237786e-03
8.793548068567772977e-03
3.524769018389708672e-03
1.807453785897670737e-02
1.225694955379735829e-02
-6.658187132246503985e-03
1.525531528173956937e-02
2.483935661105804091e-02
-7.150174137996752506e-03
1.781463130245538456e-02
-1.975494622266464866e-05
6.211346011351578066e-03
-7.760886666824074083e-03
8.187168189425273954e-03
1.943032286329543544e-03
2.774765501501771751e-03
-1.242142982814988840e-02
-6.294616984672410723e-03
1.140809155745695254e-02
1.055249874569460372e-02
2.086350493265329981e-02
4.402950839323427693e-03
2.134439464024171992e-02
1.496030271102024960e-02
5.182342679157975890e-03
1.656125036760421846e-04
1.712158947230464981e-02
2.881139186747162665e-04
-5.706795044132776176e-03
2.074546506576089092e-02
2.903037878482695247e-03
9.614249745622967941e-03
-2.668687769707392757e-03
1.549999530108185988e-02
5.561977419860559581e-04
4.637983378867528532e-03
4.159895779943934132e-04
-2.871843832356493417e-03
7.525027367658292804e-03
-4.115142699459340726e-03
1.545252778090616327e-02
-2.991149696076657490e-03
-1.078222611036444394e-02
2.912298647277740751e-02
-3.044357182591964257e-03
3.204747636499599012e-02
-2.438326848782429966e-03
1.286712592005794182e-03
-1.022790372291186925e-02
6.400520587897760676e-03
-2.533913711646109280e-04
-2.312776703019207413e-04
7.921435946779398912e-03
-9.323062612288897984e-04
-3.459676531560226895e-03
-1.195275854723161849e-02
-3.558565881230952980e-04
1.355997059893399373e-02
-1.323366656307026603e-03
9.938644478761094955e-03
-2.404543943897261872e-03
-3.113168028166001574e-03
-1.925922311638844772e-03
-4.560201237450747271e-03
-5.083883112959515851e-03
3.323813550486209682e-03
2.083534593182057026e-03
2.866903046698388025e-02
-2.761312194495502310e-03
2.551730520936362073e-03
-4.649904036601432665e-03
-1.266312075551522789e-04
1.171135486371380728e-02
4.148433561781221350e-03
1.969078693379305335e-03
-5.207882716453798681e-03
6.247348827067233067e-03
6.708578972727162471e-03
2.969736013185507104e-03
1.488421861769482525e-02
2.639244027817345874e-03
-4.174946711609919987e-03
1.879513875494275357e-02
2.898710304880967783e-03
6.229359572933883780e-03
-2.271303125524109894e-03
4.833781545524359728e-04
3.186682566333693626e-03
6.242026200696916896e-03
-8.858849644529494249e-03
3.489401869480033050e-04
8.597707104627077407e-03
-3.819063562964133355e-03
-1.863961449664913077e-03
3.295255870966230967e-03
2.611733672290996507e-03
-2.285625143164954506e-04
-4.348716384995386457e-04
2.579926570315508759e-04
-3.619146756452871865e-03
1.296894713352880930e-02
1.700135127141029229e-03
8.877913460793149594e-03
-3.579359170905968470e-03
6.576462405323482826e-04
1.012088034692403514e-02
-1.635385918243818446e-02
6.677216769550367581e-03
-3.483041546996339805e-03
-2.588433264018495661e-03
1.515547250115653567e-04
5.636960590287071714e-03
1.069693473978388688e-02
4.982963366430539533e-03
-6.378159738753457278e-03
-6.103089377003648695e-03
-2.968102397906464095e-03
3.007231827712680047e-03
8.565118714146660248e-04
4.557960195680246102e-03
-4.653086562970302174e-03
2.297305608379495139e-03
-2.080445396600270631e-03
6.980821894705035655e-03
8.001062428437462348e-03
-1.491785383039236860e-03
-1.054070625044529856e-03
2.110807881593503195e-03
1.876564030282819057e-03
6.204158078075910736e-03
-1.827719474017996731e-03
8.734383133525843237e-03
2.893883406395663955e-03
7.613290166326592244e-03
7.643643166264760085e-03
-9.019104956663712451e-04
6.852904890197961292e-03
-2.857791746277078045e-03
-9.118712121309149096e-04
5.666304865715415633e-03
-1.550374530668307237e-03
2.281522371817841510e-03
-1.416801710189935590e-03
-5.472161023786623404e-03
-2.840047311946156789e-04
4.427994812827963124e-03
5.548098044996863445e-03
1.705512152764315694e-03
-5.878684516626978733e-04
-2.429171128319800033e-03
-7.717272914121665797e-04
3.472126972240536201e-03
6.421236251656485886e-03
-2.063753814354890581e-03
8.829080992738972192e-03
6.090080737636013354e-03
-2.709378323411998704e-03
1.812098923753037005e-03
2.787723386440840462e-03
-1.022943876058741075e-03
4.392010835578939601e-04
1.796030317855276670e-02
8.293110339978143966e-03
-1.754279797408457922e-03
-5.693385886554897662e-03
-8.129205855027958399e-04
3.174862588714501711e-03
4.888660167413934679e-03
-7.257041056592528072e-03
6.949786899850943223e-03
3.457843390471642808e-04
2.535451724474005117e-02
-4.774718964412119453e-03
1.006361987802346968e-03
1.468747061145519485e-02
-8.853074955856776382e-03
-2.796756870594911768e-04
5.139425473132811124e-03
5.512113719787940964e-03
-1.417315711453172680e-05
8.373838640864413171e-04
5.174822339487290639e-03
3.859495632831214627e-03
-3.258403329751829568e-03
-4.964708195664167129e-03
-1.322337974334879740e-03
-2.630069523912151146e-03
1.263048412330236570e-02
1.414239132569557406e-03
1.915138054476367251e-03
-6.363553869540645308e-03
2.229136025822270675e-02
2.174687241939225399e-03
1.481457047412674567e-02
3.729261950473129663e-03
-2.799990117611622729e-03
4.293429892427180414e-03
2.523627384078775803e-03
2.814390814028491696e-03
4.329844763542461256e-03
1.210591079719817997e-02
1.300863726896149802e-03
1.372024957728638483e-04
1.127886341868359395e-03
2.868056514223377325e-03
5.505855443463277855e-03
4.353124544100963819e-03
3.070782422057726207e-03
5.954644919177878165e-03
9.163155867030326959e-03
1.497536565236182865e-02
2.771912104440276813e-03
-1.562582790436093825e-03
-1.049310089330063311e-02
1.938847370654428752e-04
1.341204297341005991e-02
1.185499656908941320e-04
5.711250962148337528e-04
-1.604416046621144881e-03
2.332500665648577862e-03
1.294999767496378970e-03
-5.779827967049988233e-03
-2.539770219937443479e-03
2.314190577323333331e-04
4.726854074866918172e-03
-2.661541512960815116e-04
7.320704713682099456e-03
6.330868983987317754e-03
9.465775554664251218e-03
9.371366531321262058e-03
1.386746069919071733e-03
8.889511154857143282e-04
1.987818134465674409e-03
-3.473275537925973790e-03
-3.143640025401484364e-03
2.185929551002569957e-02
8.135599784373210783e-03
-1.217159499574270182e-03
4.093720137332196307e-03
1.070731010402017555e-02
2.323046373422754576e-03
-1.527805083677708344e-03
-4.499117168477814559e-03
1.211213882946929159e-02
-1.085696959797239486e-02
3.019628640067508005e-03
7.659056886057850379e-03
6.981773631725348176e-04
3.263681560911201756e-04
-9.117316129088984819e-04
-2.326277497584580169e-03
-1.580795247527582272e-03
1.231070441370960521e-03
1.161949969837997726e-02
-3.878881039768484335e-03
2.735498260209313567e-03
-5.168137369578944219e-04
9.723356454224407058e-04
4.492607413545290050e-03
-4.405785561386811773e-03
-8.119699714341536631e-04
-3.828873289831668213e-03
6.029405079280196825e-04
4.022068235674282344e-04
9.189895565006715467e-04
-2.140482032939212964e-05
6.008319384108927420e-04
-2.609499267084496813e-04
-2.993683384197803801e-03
1.080184965609879214e-02
6.672298583919219735e-04
3.889782577648093903e-03
-2.630013559733588961e-03
1.767901023001506190e-03
1.277495671632057498e-03
2.961163446913543662e-03
6.025055801876647629e-04
-8.651994291911801679e-03
2.742349037511017558e-03
1.402201428543966080e-02
3.809179830981618362e-03
9.756742777791092489e-03
1.613275728404190215e-03
-1.644165097455599096e-03
-7.951074082269127524e-04
1.963849298175419835e-03
-2.294311891071687190e-03
-3.197079734938660951e-03
1.420790002254983080e-02
-1.097360334796612441e-03
1.846207820064476495e-03
8.150624705281269561e-03
7.676561524795903931e-04
-1.512955230310837097e-03
-3.957413378087529070e-03
3.454429512675425296e-03
2.923743529242986590e-03
5.099652173817883789e-04
-3.995376321067950140e-03
-3.462558384218512170e-03
2.879665357355442115e-03
6.739314666215799263e-04
1.345583017213044380e-03
-1.827045306524546428e-03
5.301799850136741654e-03
-1.016152939415858499e-02
-1.081969945377533101e-03
2.013629964643342922e-03
-1.022548683319032120e-02
2.142470491762443752e-03
-1.058166861851257169e-03
7.262856092707797862e-03
-6.459694795807333426e-04
1.778075271766234788e-03
-1.296881025826892870e-03
1.741963122104821932e-03
8.682250958608823260e-03
1.309861571661069188e-02
-4.014905766734561295e-03
5.953032017557380274e-04
-2.461589138610106387e-04
4.206067895735396411e-03
-1.163460750046229611e-03
4.733268126634324231e-03
-1.987609100623974855e-04
2.099874576587182785e-03
3.016077012143355152e-03
1.295320208745032739e-03
1.556696247620390329e-03
3.173898062809069553e-04
2.662263707787658126e-03
9.089232019842750747e-04
-3.383832070229629650e-03
4.981508585308287891e-03
1.043920384648219790e-03
4.452297593776323925e-04
4.007447369644832891e-03
-4.824316856879932829e-03
2.068675544241783005e-03
1.272772603463541430e-03
-6.251552018500384882e-04
1.230380898608596056e-03
-1.295561419392856793e-03
-2.085818305796057013e-03
-6.503179965327846729e-03
6.005848044370370922e-04
-9.497692539152864134e-04
-5.007789914908055036e-03
6.744694942228260555e-03
-3.160045098196664556e-03
-1.507979172022386790e-04
4.919068331257677937e-03
-3.431835843285654681e-03
9.869260388895370259e-03
2.528793054936401448e-03
-9.225846360812356775e-03
-5.728891019993326283e-03
-7.382158704208682679e-04
2.684367399046475229e-04
2.696024116301921642e-03
5.157990850175781655e-03
-2.525512513463983293e-03
1.883664591982922706e-03
7.665545445695544011e-04
6.043880703563049572e-03
-1.893373231233421361e-03
-2.208790463192104436e-03
3.025232067461566376e-03
4.760506084301325755e-03
1.488284537709642745e-03
-1.532239581667513761e-03
6.182362093171094378e-03
-2.397312124471914947e-03
-2.060230348766460616e-04
-2.117951550666592048e-03
-1.572518048578514221e-03
-4.376691147063568182e-03
-2.492065893858864218e-04
-9.059067764582474230e-03
9.254488648574168497e-04
-2.348354268519343892e-03
8.293461941209358951e-03
-1.485879130688879269e-03
1.206264327586047819e-02
-9.025221435181524435e-03
-1.528675608874309000e-04
1.622871614837598231e-02
4.437381528588957985e-02
2.729026888698225101e-05
1.797885008236095876e-04
1.649270653105701237e-03
4.865706534308426520e-03
7.554990015979268399e-03
-2.218582744340112309e-03
3.506918546665064272e-03
1.475114955865595642e-02
-6.156313926259779010e-03
6.781617363143537143e-03
2.725002881305784667e-03
-1.121829358609488687e-02
5.715971910992012975e-03
9.139849674786267031e-03
-3.203023298362325561e-04
7.886417910285283515e-04
1.618171919298071540e-03
3.804498964366658919e-03
3.161901536119889750e-03
4.616069455924382871e-03
2.644473911613995278e-03
8.273943920055468193e-03
1.878483187112466653e-04
4.348349669612187364e-03
-5.951279304758006448e-03
4.356443677170403726e-03
5.111805737148592682e-03
-3.047282339700713421e-03
4.886672975830824890e-03
4.094482842382328805e-03
6.358526167714814454e-04
-6.779123162993224566e-03
7.827807410045217393e-03
-2.860235682794813345e-03
6.065968953162350838e-03
6.190631940781322028e-03
-3.781416924154407198e-03
1.030522874234858521e-04
5.095915351827768648e-03
8.220984228107932690e-04
3.879254507244550565e-03
-3.805370005481493925e-03
8.531393855893132372e-03
-2.110205659839790426e-03
2.907159004014381147e-03
1.009840214568261119e-02
3.865456016117392590e-02
-5.109621176252142176e-03
6.554258550393383953e-03
6.603831180898468191e-03
2.929369395947430121e-02
1.087897206108710130e-02
1.837894846532850054e-02
1.213782136216107676e-03
-1.898884917023065978e-03
3.760051872457274326e-03
-2.994130310729852668e-03
5.552834656426934058e-03
5.071526612780234353e-03
-5.092162848057801405e-05
2.210812643625570048e-02
-2.922451367361571239e-03
2.211970577462768310e-03
8.785520396420263157e-04
-7.829116669815210788e-03
1.159892860867322130e-03
5.705967677354799143e-03
1.392789647793907237e-02
-5.003451553359763082e-04
-1.808587275450500688e-03
2.634106869463924243e-03
1.893077454216427879e-03
-4.244604999257526462e-03
-1.089211245133895689e-03
2.656204591755782947e-03
-8.603811205799722153e-03
3.593889296959476391e-03
-3.529688933236531032e-03
-2.950941706648117519e-03
3.411895440942931549e-04
1.623177771204073472e-02
1.648704338243453180e-03
1.396691181215824890e-02
9.546356222204578938e-04
6.652112935718841776e-03
1.946022885855662465e-02
3.710288292382472354e-03
3.726826422845603073e-03
-5.147335510872598843e-04
-1.184897062588976071e-04
6.543131366882263059e-03
1.416479884532520668e-02
5.899098784492460765e-03
8.383087883712158142e-04
-1.237020669591411531e-03
-4.213774260814441217e-03
-9.309907810079773305e-03
1.217353030275116106e-02
-6.087146140305844076e-03
-7.356229632105269756e-03
9.048835170184782797e-03
-2.370734280021646271e-03
-1.032805104475360836e-02
2.423820663920052756e-03
1.909206238890818683e-02
3.371894469841565239e-03
-7.099734037104104417e-03
2.345615953151357000e-03
2.366839904151050999e-02
-1.099736677582109157e-03
2.169481299113792602e-02
-7.070787134755601895e-04
4.766519848918132282e-03
2.705862005206417179e-03
-5.616462835677524593e-03
2.399830573263525123e-03
-2.457155614395970227e-03
4.862119795899763446e-03
9.475104137182060668e-03
-1.701838868964685152e-03
4.340656068507624840e-04
5.065103321054809961e-03
2.000105975298774753e-03
-8.653309314389544867e-04
2.972038385039130117e-03
2.103794780396231988e-03
-8.917652109236708742e-04
1.129040171641313567e-03
3.049580161776483788e-03
1.063451539346115492e-02
-2.264431645203366988e-04
2.350224429156649603e-03
6.957682578822625870e-03
6.564472988101447033e-03
-2.859157335017076989e-04
-3.937731630580274065e-04
-1.686733655854292906e-03
2.697790806334665311e-04
7.341132307297881365e-04
-5.403294652217740211e-03
-1.899162450006596035e-03
-4.218598947470768128e-03
4.475884020382834595e-03
1.103786187861051631e-03
4.407542026989941068e-03
-5.574698216093021408e-03
-6.256883506207200699e-04
-5.135262519040858717e-03
-3.774815641525243242e-05
5.739628754483074198e-03
-2.106250566994809226e-03
-5.319920447753955124e-03
-1.333196653000576605e-03
-6.344857141172323151e-04
1.398884513276080687e-03
-2.707524393100489766e-04
4.080120411936120212e-03
3.860039404118011087e-04
-1.117955586198392031e-03
5.335647813566952308e-03
-7.785260982099465564e-03
6.204693415511292965e-04
5.878675697032097712e-03
-6.169134658239634403e-03
9.681080222320461413e-04
7.216393314164519686e-03
1.186543329593032700e-02
1.746535145866312533e-03
4.930114909249175281e-03
2.750215404393687238e-03
1.860041105859084514e-03
-1.808533946790502308e-03
-6.789975216873031863e-03
2.392383372980888458e-03
6.653986939840711955e-03
-5.047184768056897945e-04
1.242424958827835491e-03
5.871878150507320662e-03
-4.718848595105359835e-04
-6.399277715388651186e-03
-1.990114048649911215e-03
2.536104427729533525e-02
2.651463650358162026e-03
-4.308016253944165082e-04
-4.881131251771878010e-03
-5.912563892802993014e-03
1.195450912323075621e-03
1.413575568436198880e-02
8.670974699427375088e-03
-7.600623427219602504e-03
-1.096158803839536889e-03
6.008990584791450368e-04
4.452962434234390178e-03
-5.636659592863487930e-03
-4.976374062346506852e-03
1.184524117061447855e-02
5.679182730512290049e-03
-1.905612542132238837e-04
-1.892610588280850548e-03
9.078929466672294030e-03
-5.698029819805719258e-03
1.256773854869867911e-03
2.085626367258280531e-02
7.310990683608317373e-03
1.312256605792187607e-03
2.246286616905770507e-03
5.405538657489724653e-03
3.501511118626412199e-03
2.132307024439752258e-03
-1.594088844386157798e-03
6.678630209612062586e-03
1.219275407918479770e-02
6.888689327506788973e-03
2.456932068545858439e-03
4.451116978360187756e-03
8.644932852785395389e-05
1.429858555852315562e-03
-2.423402018748250630e-03
-8.835401299432001435e-03
6.530553745278343952e-03
-4.010971263302128692e-03
3.705692215493214432e-03
-1.097989816453042279e-03
-3.879972454024695097e-04
5.065290794086397402e-03
-4.416333309842480383e-03
-1.986818588852577380e-03
5.603058202544003441e-03
9.864544390515556788e-03
9.273297633376829940e-03
4.294038455157263463e-03
-4.178204809591684089e-03
-4.168358150677553380e-03
2.568905003667157523e-03
-1.813016373436699509e-03
2.939026791005546618e-03
3.224184276145019776e-03
-4.437258215109983451e-04
-2.009571575128297777e-03
4.897376324984375941e-04
2.012484416741020313e-03
-4.437108371627479161e-04
2.983472300673462290e-03
2.606647743630776011e-03
-2.461424132586926064e-03
9.903563542611126813e-03
-3.136927179560516053e-03
1.351800714444237068e-03
1.510569800066305108e-03
2.151441219348272649e-03
-3.683116163510759353e-03
2.070953898311731801e-03
-4.004391079804736978e-03
2.296328019258249333e-03
3.139445861533510370e-04
1.253824047101726011e-04
7.864471738869197428e-04
1.024501388191206971e-03
4.928682034968847464e-03
4.945463603419580564e-03
-1.950272897012512085e-03
-6.449621996388842093e-04
5.887792583127778034e-03
-2.589274344350573145e-03
7.778316717800657851e-03
3.762444946743480258e-03
2.733456406787320510e-04
-6.073558296997955477e-03
-3.010552797259391858e-03
-2.045934132767799479e-03
8.730019881431346634e-03
8.861254284067008246e-04
8.335009229996491464e-03
-5.288947911428910215e-03
-1.643532733202740124e-03
1.127482255247136758e-04
1.747524078547460394e-04
-5.584213512871056585e-04
1.781015683798895487e-03
-4.796648357334088895e-04
-6.719523271403726565e-03
-1.587776113536686941e-03
5.854303258442952957e-04
-5.782089368800403216e-03
-4.524904596365758591e-03
1.495806178535820808e-03
-1.569284744495025308e-03
3.826589582962615713e-03
2.383093432243259605e-03
-6.964162100122220714e-04
4.662043410865006343e-03
1.496494962979190110e-04
7.470596001382211540e-03
3.665972901335304551e-03
-2.199678789495326803e-03
-6.377304450059878777e-04
4.891485817683115765e-03
1.412492850767020636e-02
1.934241858486825420e-03
2.481720239656540683e-04
5.212759639982856609e-03
9.186823044354730169e-04
1.316393340808387491e-04
-1.096350965772150733e-04
2.587470742853245631e-03
1.322898993767675875e-03
-3.795005072394951745e-03
-1.715677408805382645e-03
1.750945021975037087e-03
4.861217943842121789e-03
-2.789988130365718411e-03
4.006995751670329453e-03
2.526063728832946952e-03
4.350528461201852957e-03
1.791448637405725162e-03
2.096115475595574599e-03
9.816466154581138075e-04
9.314332547185848535e-03
1.625566222915882097e-03
1.662232770605701678e-03
1.452131393103848036e-03
-3.572475345380392558e-03
2.784805866582682789e-03
-7.692471784429634517e-04
-2.333867645937483075e-03
-2.825711160867584726e-03
4.622752013106135038e-03
-2.442105967718559661e-04
3.969640195128395620e-04
-3.127411794263642349e-03
2.386955924818313143e-03
3.614486767687403752e-03
7.057033857304779566e-05
3.549470711438872973e-03
-9.759523251364024847e-05
5.476833500496686158e-03
-4.687628343988495564e-04
6.957681227371585383e-03
-8.821431363171894705e-04
1.861751410239174910e-03
-1.430987472442339908e-03
1.311592582453062440e-03
1.420434439145966052e-03
1.731135116862131049e-03
2.184350006996048539e-03
2.857950271449603407e-03
2.180392114104334669e-03
1.379214545992552736e-03
-2.400399753503014866e-03
-1.911378896184837747e-03
1.836888269171779546e-03
1.366753853805773760e-03
2.571731156378494199e-03
3.004780731410828360e-04
4.268032983140321486e-03
-1.761078624154175515e-03
2.148051596817962886e-03
1.040130872339440704e-03
-7.470045532823133081e-04
1.823176254877528508e-03
1.641467156739631877e-03
1.146474479945589799e-02
6.232513323745914914e-03
1.482174356796503532e-03
-3.968294948972155012e-03
1.234130616516133580e-02
-6.331315614535390360e-04
-6.631498603500607554e-06
4.480468979982482787e-03
2.100494655420297955e-03
-1.360717608622562073e-03
9.560341955897253257e-04
5.580306597829927211e-03
3.209242174541012023e-03
6.485875214608237752e-03
2.781489086040424188e-03
1.003193752834919024e-02
4.483684458722182568e-03
-6.583815529894994443e-04
3.025899068662429338e-03
-2.966817242162369649e-03
1.488057451210838319e-03
2.703900965574169198e-03
-1.110092089894533897e-03
-8.435736394545085073e-03
-4.990382347192329378e-03
-1.515741200038003876e-03
1.078253940767804307e-03
3.481355715414528179e-03
3.494436606750141085e-03
5.387232047800998881e-03
4.571873010304884286e-03
2.310481555655246287e-03
-1.486000333934446192e-04
1.753338276020313322e-02
1.555321000569504647e-04
1.084492997771534760e-02
-8.894639398037803429e-03
-4.791438610621633412e-03
-2.291995131327452181e-03
3.725433083301005199e-04
3.968332912146144836e-03
3.287376490488762293e-03
1.495270602824598440e-04
-8.282703209817560228e-04
3.505712442995213667e-03
8.648913094892842976e-03
-2.786834845231015139e-03
3.635915088026147116e-03
3.122139430936001197e-03
2.776573326414657691e-02
1.153911353805297038e-02
-3.533739764852244190e-03
-2.192601618932667022e-03
-1.154007670434599193e-03
-4.260346633593559487e-03
6.583818830527159160e-03
5.581005899780960670e-03
7.768102631771712889e-03
-2.952288926085652569e-03
1.768558220361915174e-04
2.260898127047616946e-02
-2.315016627204939063e-03
6.646630266204885985e-03
1.114425409258607176e-02
4.495552854844488480e-03
-5.316119113552431573e-03
-1.580250431854688786e-03
8.251391974716730353e-04
1.286947423911260699e-02
-1.844445158603025790e-03
6.971793568123651856e-03
-4.839920886427269420e-03
5.525625107276960907e-03
1.186669763220449952e-02
5.622653997371144900e-03
6.126049463985149511e-03
-2.204332371880198763e-03
5.892446821890688288e-03
2.413594334025822002e-03
4.021354999773256791e-03
-1.127276782597505652e-03
5.327123714193380231e-03
1.601834853261820818e-02
6.352156262861646807e-03
1.649425986100032729e-03
4.760900402543261078e-03
-1.918157276085670580e-03
-8.506618942659232435e-03
1.033033340143950027e-02
1.153560975096396077e-03
4.184558209500629199e-03
1.030667771251777241e-02
4.057057761680455885e-03
5.946163794821996383e-03
1.277858507415456212e-03
-2.606862537516507587e-03
-8.466180519982069788e-03
5.025431906311978933e-03
-4.528274686588989323e-03
-8.960936627987352082e-04
1.726944602973205008e-03
4.221941273374912873e-03
-1.479748805874084132e-02
-1.851957516331479521e-04
-2.460890722002400006e-03
-3.150466856323350540e-03
4.583690234144642550e-03
4.911610474916748136e-04
5.951585065777950483e-03
3.400171208975428551e-03
-1.169571425603969927e-03
-2.240131154950644569e-03
-3.601845755447347260e-03
-2.995686285601382396e-03
-2.413988884566588917e-04
-8.732443982536315652e-03
-1.676501540885862954e-03
7.860139821312618971e-03
-3.844307127902049561e-03
4.085419967186095609e-04
1.088198811720786363e-03
3.144759002790962783e-03
-1.873765051593719424e-03
1.746205687519852487e-02
4.093890516056254356e-03
1.564609018200206411e-02
5.819277604434941638e-03
1.587295755267636912e-03
-1.219630071001600409e-03
3.581060180206595799e-04
5.821867992951694926e-06
-1.899824651983810300e-03
-1.662208220230503193e-03
6.282305515112893493e-03
-5.019327354631015169e-03
2.193643844962978387e-03
-2.701179875175613570e-03
-3.845880521994183426e-03
-5.404387035402379892e-03
5.185953403255319852e-03
-1.206478419617001497e-03
-7.167797279436380559e-04
3.128679885575043514e-03
-1.338824381918218799e-03
2.754270051021303570e-03
-6.788549963110441718e-03
1.399547268537969322e-03
-8.555494518482028438e-03
2.330419323435122241e-03
-5.175063730888129244e-03
8.662327756489632269e-03
3.602772631425404655e-05
-2.026349568979952335e-03
8.495012332794557239e-03
-6.541318932818404076e-03
2.037102833539032772e-03
5.060149508009788646e-03
-2.782536575868927581e-03
8.067247596687260195e-04
2.182033391994563434e-03
-8.389643752115970646e-03
3.321198250484982614e-03
7.582302537304787433e-03
1.770510977219233364e-03
5.229132391566527517e-03
1.942960667027130665e-03
6.137020497389224401e-03
3.514202155859713498e-04
3.873599312583387265e-03
-1.621068143720941863e-03
1.304496283565314760e-02
2.127671482651086882e-03
-1.588231400136017480e-03
-8.322461843172595077e-04
-1.621806748113407536e-03
5.579838057098035226e-04
1.394875369878168306e-03
3.420591947994532436e-03
-1.027208717624200672e-03
1.781121517491415264e-03
6.211413990745644860e-04
-7.721707625574275938e-03
5.025053945289428142e-03
1.470921417408184656e-03
5.313000143295345222e-03
1.880232327680923105e-03
-1.705769184461683333e-03
-6.536803126091184253e-03
4.727881768119490506e-03
1.268438491701275169e-04
6.542832666552082788e-03
-1.259914130198017731e-03
-1.106114460615617752e-03
-4.964593406221200558e-03
9.284229996972370724e-03
4.881153804531658362e-05
5.398217182132730198e-03
5.427416760868034170e-04
1.286758066843340237e-02
-2.041234135212279151e-03
-2.351050513888403330e-05
9.740967382485607104e-03
1.231313923190925121e-02
6.591654733795676742e-03
3.284989412783509942e-03
2.481970799320106207e-03
2.697923266470200147e-04
7.311015758722687677e-03
6.430822449920574856e-03
5.880542978486501130e-04
5.502538142832661024e-03
3.111481879246414534e-03
2.937678126336593738e-04
-9.318834739938209460e-03
5.693780189969333515e-03
8.994492556871420052e-04
3.910858909922245753e-03
-4.920221467239438125e-04
3.247519144103490569e-04
5.853354723078271586e-04
-2.416988303620712895e-03
1.818198059297846400e-03
1.799082840056618476e-03
7.713828754646402490e-03
6.546077256131360884e-03
6.644284586644079102e-03
-3.188663521299341802e-03
1.715039800917483610e-05
1.523100449280840500e-03
7.485402795668139389e-03
6.640075080137205522e-03
1.036156531169126274e-02
1.017014272799473748e-02
1.745476807717902604e-02
-2.885285128838677594e-03
1.519133239014703977e-02
8.873160818746214651e-03
1.389267373462998610e-03
-1.254147989682779249e-03
8.783587917841973250e-03
-8.660595811948343728e-03
-1.692886369553939533e-03
7.980789641277696161e-03
6.060647287788618193e-03
4.422000653201506705e-04
-2.903163149799504236e-03
-2.913760746098126146e-04
-2.417702107497459590e-03
2.294319034523638248e-03
1.252891761848985881e-02
3.582774576149412842e-03
2.695318473902477523e-03
-1.953009466179462996e-03
1.228894007879739736e-03
2.981449481883666815e-03
5.829803845283281459e-03
1.463006608407520746e-03
-1.446489569836330053e-06
-2.256854937573730437e-03
3.818967790674156291e-03
-5.446039686200552067e-04
1.832672320259506882e-02
-3.286410702233066427e-03
3.654177588245825087e-03
-1.075755117493369488e-02
1.914605759576145684e-04
-5.470685018976139541e-03
2.042405762526702112e-03
4.272713809358374623e-03
-5.574002443083961658e-03
-1.870661530938938890e-03
-6.214014499011540332e-04
2.323696690201898767e-03
8.487774776362697234e-04
-4.058657211455738573e-03
2.371195773036147234e-03
8.239360888080961244e-04
-8.761024273665731421e-04
2.933271444491081844e-03
-1.035259642671767762e-03
2.923878384210352750e-03
8.508360482572911720e-04
-1.552258300570520232e-03
-1.383720642841443230e-03
5.802022719179033595e-03
2.922289108202749501e-04
7.043643949816248695e-03
8.046257455742578460e-03
3.828499526112492946e-03
-3.465047027119178718e-04
3.083087334001228565e-03
6.723373465190244334e-03
5.460309244615944683e-03
-3.581442098856418062e-03
5.727243368904393929e-03
3.575429046650078959e-03
-2.723811708451902205e-03
1.506418604341388167e-03
-8.852903512148013309e-04
-5.900813219063468515e-04
6.817323847580356727e-03
-2.725671017882421495e-04
7.159868432901130312e-04
7.493736923996298718e-03
-7.404141524812103865e-04
8.137306587521453763e-03
1.170470296254221346e-02
4.282178008965528172e-03
1.899389992424462079e-03
1.811815643946637806e-03
1.092919477473609791e-02
-8.957307719013559918e-03
-3.567167233695095387e-03
8.208646950689322402e-03
8.200475552175132479e-03
3.026474044238888512e-03
2.709509916303294227e-03
-3.934163638475644820e-03
-2.688216280611959667e-03
2.448465528492889138e-03
1.068066070640276595e-02
9.107189373086879442e-04
4.708933212253296752e-03
-5.044603047726849317e-03
9.404752752777875355e-03
3.007429490512560956e-03
2.233289856035001845e-03
8.732090225579152223e-03
-8.546505916856800365e-05
-2.335012147864884858e-03
8.451267190118223836e-04
1.224411499372347542e-02
-2.551348628356121633e-03
1.183113034688132968e-02
-2.386289485748124221e-03
4.473002650982834706e-03
-2.226214747141036770e-03
-2.876752966743056916e-03
1.013402844125904818e-02
9.701975798177255028e-03
-4.577761987499206174e-03
-5.157719933897603193e-03
-5.370699497775101999e-03
3.801404471852852344e-03
1.194306148636548395e-02
6.238260288050887642e-03
1.153477601876783413e-03
9.532840747574811840e-03
7.456086022147287266e-03
4.205663370265469436e-03
-2.948881139030695361e-03
1.545610427148796408e-02
-1.894048580131009376e-03
1.961694661235764865e-03
9.298818199340036159e-03
8.499616694962165708e-03
-3.211996575444606519e-04
-6.074517503972937799e-03
1.218199153057957472e-02
-2.905056447500150262e-04
-2.791911728729993668e-03
1.843820251745613079e-02
4.259330361598211850e-03
8.183595483187663597e-03
1.725119723744610901e-03
5.562999774926337404e-03
9.247782292239084892e-03
-9.042375733497494145e-04
7.212842024822076377e-03
-3.341347764875489922e-03
6.326755293029001984e-03
1.386657398861266838e-03
-2.479664559826793777e-03
-1.064352152816545188e-03
1.223520130497927211e-02
8.630896246242008435e-03
-2.195531610628537883e-03
-3.082323420603060287e-03
3.389197738002911755e-04
-3.079105342750163704e-03
-2.230510965396102253e-03
1.715778205018249716e-04
1.123987138247163273e-02
2.768507502425849968e-03
3.635700536548539061e-03
2.898532176039819112e-03
1.861194713968830064e-03
6.465331724161053548e-03
-4.928983812994451770e-03
9.891904065362304085e-03
3.109811212747512835e-03
5.825608985785150906e-03
-4.677944914941791453e-03
-7.181068142344930200e-05
2.708258998903076528e-04
9.179987289856765672e-05
-3.141467789949590767e-03
8.479408856300071559e-03
2.874264244781302396e-04
1.169410536866512251e-03
4.074018932831897227e-03
-3.659707422509122848e-04
-1.244919477625054671e-03
3.505953969370967632e-03
5.767610785008289546e-03
-1.076731126967062557e-03
3.240980405654789783e-03
8.340658271093795775e-03
3.117420709090295249e-03
1.562904431269019571e-03
8.320069736564895697e-04
-7.385155624372553677e-03
-2.081509342758487442e-03
1.365520847691595145e-03
4.564985313813933743e-03
6.424197800039664272e-03
2.824391192755011486e-03
-2.687970697930292148e-03
5.771720633214523499e-03
6.742646479839607861e-03
-2.831078506517892626e-03
1.840720840629672325e-03
4.404750984700509311e-03
-1.774759486965853377e-04
-1.985698689449640758e-03
-2.994016331797008657e-04
-1.364223414260749313e-03
3.311983754510671504e-04
-5.550177900383508958e-03
1.020761329483881388e-02
-2.811395568820890516e-03
-1.088301889615931987e-03
1.441543007532765722e-02
-8.685474996010751408e-04
6.237317470850389095e-03
5.583952711963534668e-03
1.131970750859659543e-03
4.811817572758305545e-03
4.226687163577957408e-03
-6.131067318021952116e-03
2.352379491343545097e-04
7.452259231133660095e-03
-1.804258329823136024e-03
-2.281165612321800831e-03
3.873662029738141055e-02
-1.743529297785127025e-03
3.976750731412814245e-03
1.391842971671796228e-02
1.115497986061362613e-02
2.114934978621442127e-02
9.729056993047375049e-03
-7.315175742042332027e-04
6.220909137423423496e-03
-9.403616598239452826e-04
2.733582006482395375e-03
3.688340510080004297e-03
-4.812104159579715101e-03
6.861693766071592752e-03
2.643530741833221317e-04
3.141497722040952241e-03
-4.001812080253382489e-03
-3.163077360623275849e-03
7.162809959865573325e-03
1.979717475849118551e-03
8.360515329451671460e-04
1.634513370042785241e-03
1.165393343637331595e-02
-1.076867608606343939e-03
5.722895968525757403e-03
-1.712886404019524703e-03
-5.410545053343060982e-03
7.933747567313413369e-04
2.018030760657668014e-03
2.902395266081744633e-03
1.482568511239117310e-03
4.638678913882734924e-04
-2.441650992863809468e-03
2.056007758135988770e-03
1.034050679976944659e-03
1.238767330587128629e-03
-5.351833357405719020e-04
-4.163597905836970213e-04
-4.363151686603942980e-03
9.164324462729829882e-03
6.349214752183716948e-03
-2.976284886943707003e-04
-2.800098348607117996e-03
-3.375375062674982512e-04
-2.019890634343166850e-03
-1.802656080544645959e-03
-2.061486453463171487e-03
-3.699142235573335893e-03
2.519745901631730532e-03
4.275073011617386634e-03
2.855592991494250096e-03
-2.092890317173839087e-04
-1.139292822307949897e-03
1.175334914364349094e-02
2.613403551747635681e-03
6.980349345108849760e-03
8.081018915209280248e-04
7.105733041686306678e-03
-2.070456981429384842e-03
-2.959415416098965142e-03
1.506452260279743860e-03
1.538338635778323943e-02
4.539083866082128070e-03
-7.264663435448604455e-03
7.946275565975654404e-03
5.105365373425295623e-03
-9.720258800244765268e-04
5.326127610788886427e-03
-2.564050150814254758e-03
1.938167434154349379e-03
3.299399423962166844e-02
5.292514616486186652e-03
-6.938828738186116583e-03
8.683020578460616491e-04
1.864632258544674567e-03
5.338990614556909107e-04
1.454826836644670853e-03
1.685280001311754896e-03
3.009230733683934244e-04
2.626276497472722392e-04
6.507490195280787523e-03
3.516843521376944188e-03
-4.485535022303298661e-03
1.534215658970295880e-05
2.014926187677024746e-03
4.192243360695313906e-03
-3.645270236309355264e-03
6.972340937571900807e-04
1.459289256032291187e-03
-2.516110783535551766e-03
5.017037811923133559e-04
1.898985564258368064e-03
4.773866810693823143e-05
-1.093437936005383932e-03
-3.036087853374861475e-04
-4.938878218479736751e-03
-2.016061387024797391e-04
7.418674241290364527e-03
2.341055622821162224e-02
7.414115278573480891e-03
4.016770333229201413e-03
2.631140603255507308e-03
-7.532412216432791442e-03
-3.696638899128964779e-03
-1.534813959330230595e-03
-1.049645057444588241e-03
-8.007041792748689941e-04
6.972543835388772147e-05
-2.220058188333926159e-03
-1.056418432014912825e-04
1.275952620225042451e-03
3.443162654477164783e-03
-5.424006612461877534e-04
-6.142935322761577423e-04
-1.728338253087790145e-03
3.461903224455758783e-03
-4.121246869006134697e-03
1.326031166333963181e-04
1.182715109549983649e-03
3.347512204284364568e-05
7.509541062393302116e-03
9.776396346396844933e-03
8.562621279454184697e-04
-2.111236746625097960e-03
-3.432567119204546708e-04
-4.050445170377876044e-04
-5.131260195816084169e-03
-1.774240390540976790e-03
3.242092570798384057e-03
-2.553477942247006616e-04
-5.830414062863149924e-04
-5.490852124267003864e-03
3.336003690018076676e-03
5.631285331931817515e-04
9.388191035493648542e-04
2.256270567702965690e-03
1.157941349010884868e-03
1.598054627036524494e-03
-2.896311541714685633e-03
9.196710693443497587e-04
1.693980254296033761e-04
7.771606241713344132e-03
-4.788812959285916257e-03
-2.260474738344171557e-03
-1.017287558986614123e-04
4.049567195209934599e-03
-3.006737054513726644e-03
-3.870332068190512030e-03
-4.220254423689330688e-03
4.710700982185792723e-03
-4.886715850511716636e-04
6.442515889486206265e-03
-4.808311199535968920e-05
2.890126024885342725e-04
8.895815979100554164e-04
5.677571927225223865e-03
-1.784423703336862101e-03
3.675701084431336023e-03
-3.488133933333297833e-03
2.056465104798321872e-03
-3.926531290532234153e-03
1.568640977708552191e-03
1.169499445821021435e-03
2.758656947022148156e-03
-2.314988761086675482e-03
-3.332112844750726322e-03
8.819445392895962268e-04
3.514936781578117952e-03
6.428540028120712305e-03
5.185983951517549560e-04
6.030036289768223208e-03
-9.008026795175911802e-03
6.796855384235114296e-03
-1.447262791775936639e-03
-1.187792256938815291e-03
9.259341580918325956e-04
1.045061374268140908e-03
2.966514391463460671e-04
-1.027693163738529558e-03
-2.955645481949537370e-03
-1.814673733771731898e-03
1.125774233790641579e-02
-7.896614626757740910e-04
2.262744308322181281e-03
2.502888252483170643e-03
5.800497438326895558e-03
-9.781028015177151895e-05
-4.600906499831075602e-05
1.711628608591171793e-03
5.366777721081844935e-03
2.606097457504028621e-04
1.171976747495208230e-03
-2.321316259331852785e-03
1.783015978402274770e-03
1.030263591912615288e-03
-3.597133190069512834e-04
3.409659938790903411e-04
-8.725412876004183136e-04
-1.441906990171813860e-03
2.767104024609358327e-04
6.341971574625411556e-03
2.876657723870967853e-03
8.708619966396752027e-04
-2.538387729039883606e-03
2.864073499895261870e-03
-1.284296485230698162e-03
-1.239281025442215238e-03
-5.533344028517716336e-04
-6.075915929032493605e-03
-5.088593506699190180e-03
1.003009102343307025e-03
4.443434957329591155e-04
-4.751432738584275540e-04
-2.493121628673844806e-03
-2.168909911262836571e-04
-1.270689232357251905e-03
-3.884346221492192969e-03
-1.019067687192755139e-04
-2.777311963359928911e-03
-3.662311565009641195e-03
-4.582814265231029138e-04
1.105529469230886411e-03
1.987972395608857048e-03
1.678618668749305872e-05
3.293006605924557288e-03
8.569342491656714231e-03
-2.305551920758342594e-04
6.402545320818675383e-03
4.776618207190498101e-03
-3.036120313105230770e-03
3.862917818856731987e-03
6.358915731670801777e-04
3.848595391439815685e-03
1.007743685990655953e-03
-1.825209000964827990e-03
-1.510380848338311894e-03
2.587794451010111234e-03
-4.261724930230776026e-04
3.108007095656477835e-03
-2.986994906460232156e-03
-4.030848043919521735e-03
1.544984787722896574e-03
-1.201705665584193406e-03
-7.191232413461767737e-04
4.873077638122287180e-04
3.242691396126335529e-03
-1.531865768924984324e-03
2.937183882675364552e-03
1.226667171288068660e-03
-2.975014973137208945e-04
2.752614504336016107e-03
1.911236135533348184e-03
-7.789648956714839657e-04
-4.053984677560695978e-03
2.385053695125786185e-03
-6.740705928231656083e-03
-5.130259651809204995e-04
-7.216075387248498639e-03
-1.584226418303183101e-03
-4.768791489061213057e-03
-6.854918452152841853e-03
1.008681698721543285e-03
2.970767174807916432e-03
9.148999297037897424e-03
-5.567154771117597666e-04
4.578275746438389970e-03
-2.046545009639833511e-03
4.700294657721408413e-03
2.300380320872654708e-03
2.697984476693203091e-04
3.927874793475130688e-03
-5.652251640167706885e-04
-3.715584254995416783e-03
6.429795576953365593e-03
-3.296732484479819245e-03
4.311364316543653090e-03
4.847419484479373883e-04
-2.672854803301692207e-05
-1.703755713142344162e-03
2.036499901685436594e-03
-6.771720814874505716e-03
2.842976440839892465e-04
2.543932134459104058e-03
4.991330774853635667e-03
1.053610247583195575e-02
-3.466373188113851776e-04
1.593655073545089534e-04
-2.380172456036202134e-04
8.062093956229907099e-03
7.660320883233709237e-03
-1.913718850950165600e-03
-4.893741512940972529e-04
-3.746229734942638440e-04
-3.988377396675591227e-03
-2.818625212978068291e-03
6.349666249809778236e-04
8.065052840325503264e-03
-8.764298018458721107e-04
1.002505093267753869e-04
2.568268525193187404e-03
-2.366163969168633054e-03
8.615854014422857921e-03
-3.306179395008888681e-03
3.253590921192179176e-03
6.052720550332779713e-04
-7.477221199302811275e-03
-1.394664698372827770e-03
5.358331871244080818e-04
-9.836210784344460653e-04
-3.582563790182717416e-03
5.481928447390534836e-03
-7.783365878775973202e-04
-2.821802303987477108e-03
-4.551417542069368001e-03
9.785452204462612245e-04
8.361704642132506207e-03
-1.511604206160830103e-03
-2.458027436261888809e-03
-2.354096857624892077e-03
-2.149509703725448976e-03
6.148509153685988550e-04
-1.396196548521946336e-03
5.297737344649613815e-04
-5.763520412137434915e-04
3.021452305490316195e-03
4.789542114550907753e-03
7.963892957432885771e-04
1.367213099884752965e-03
1.315450804375158187e-03
-1.300174371476091936e-03
1.895575458308517694e-03
-3.964609143203908382e-04
1.090530841412692704e-04
2.372339451310528664e-03
-1.940542823339055749e-03
3.054404798836060381e-03
-3.429111760737400035e-04
-7.815635017714647487e-04
-4.063200438867061934e-03
5.485724178922918998e-03
3.186006533742271642e-03
-7.277534476823744984e-04
-3.436897053803365798e-03
6.242984394446895319e-04
3.155257006945736374e-03
-2.024379624329215258e-03
5.158766385128919600e-03
-2.732887741791562887e-03
5.303778491507731962e-04
-3.688003439091092181e-05
-1.607302068941191420e-03
2.881022936682777792e-03
7.057341732453308036e-04
6.464057809058292199e-03
2.457636370252836225e-03
-6.387631854877514649e-03
-4.063228675590211270e-04
2.659601997776199489e-03
-5.018646914939275255e-05
3.001874007578789454e-03
-2.947559124674265472e-03
-4.574751921400320139e-04
3.262038889993065446e-03
-3.556377308044728503e-03
-1.490505507748174059e-03
4.516955910436454540e-05
5.620966408728701735e-03
-3.166987659072511858e-03
-6.018859060809803041e-03
-8.859885484647588407e-04
1.396610886182504067e-03
-8.633921284450304587e-03
2.485687195435007900e-03
-2.830290768787921407e-03
-3.115127287510489895e-03
5.998923421279265568e-03
1.745051308268622502e-03
-2.968551600834124470e-03
3.955072096169947454e-03
4.831795880221610717e-03
-4.347173682900887389e-04
2.732636540806168170e-03
6.353454354077382347e-05
1.044622091249330399e-02
8.727904951091653872e-04
4.881244458467471530e-04
6.352033890093041358e-04
-1.346960417555490095e-04
-2.473165775773734573e-03
2.697493355581650305e-04
-1.229884326423558855e-03
6.283986449783770210e-03
-3.435868796605932277e-05
2.364328865418552535e-03
-2.380581891655568494e-03
-4.842824356412067524e-04
1.729004258398052002e-03
2.075985845055924352e-03
-8.601154723098669444e-04
-5.159263299275894735e-04
-6.698159590038508041e-03
8.128084755821576163e-03
5.724294618187197176e-04
-8.127800748067640080e-03
7.086892412556189749e-03
1.439289222103167995e-02
1.035427918404192675e-02
-7.638395270588090209e-04
-2.898013261584112075e-03
3.745677915875936931e-03
1.901068214381794550e-03
8.243029984926925416e-03
1.060665991167926078e-03
1.326402087694556788e-02
8.672624772891081302e-04
-1.836887088472764643e-03
5.247500061434676134e-04
1.068083408462616865e-03
3.422720714206278943e-05
5.381878777490709496e-03
3.598989973198925014e-03
-9.878156463792336917e-03
-9.311503166123838264e-04
-2.273046548702408517e-03
2.737330670957853138e-03
9.793201864102725213e-04
2.122909734898563525e-03
4.079632827066938944e-03
8.269425141369549049e-04
-8.401263028160558047e-03
5.642210506088911597e-05
2.863141495142467862e-03
7.195069458515387668e-04
3.723413146721944560e-03
1.007885945862173121e-03
5.811088455008855090e-03
-6.013497511872527464e-04
-1.098823897459647253e-04
1.315899001832492379e-02
7.460036203777215338e-03
9.153272346089806394e-04
4.429889125767162532e-03
4.354334946959501768e-03
-2.819938641796763436e-03
1.440877196729458375e-03
2.035719585204693693e-05
4.413320840820742115e-04
1.013788235949995495e-03
3.836435002268705641e-03
2.721123522115172916e-03
2.885509479732018510e-03
1.037655825743717393e-04
2.445237236331109475e-03
2.873849320577511520e-03
4.802916749722621506e-04
1.638539526526519704e-03
-3.940776452634573053e-03
-2.107861039632214547e-03
5.674872342931906039e-03
1.049744531978832190e-02
-1.686522154842211513e-03
4.470430745396666329e-03
3.592966107362176829e-03
1.580302405739842340e-03
-4.114892706218878718e-03
-2.309437752509883521e-03
3.546297625257446851e-03
2.061176213352798603e-03
-2.622399768643859583e-03
2.429918108911229306e-04
-4.627660779580412614e-05
-2.889773782929439157e-03
-4.226569096739045059e-03
1.291508869154261389e-03
1.427877396207049513e-03
6.853816136617928330e-03
-4.622105152895003566e-03
1.280230115374563458e-03
1.994432696291899114e-03
4.396621066703297479e-04
-1.567527849558232123e-03
1.493338103909091488e-03
5.926881038984137262e-03
-1.521170954767373310e-03
7.422603133412998587e-04
3.035192946548986252e-03
-2.343741836606073794e-03
-1.662670004003777117e-03
3.554455990641770639e-03
2.471716315220835649e-04
-2.022660685591720566e-04
3.882392327323993565e-03
-9.372856840882287134e-04
-3.612504377741541060e-03
1.472451318895102871e-03
-3.396041807820893328e-03
1.545454589384504668e-04
9.600325165108759828e-03
4.756413074600998256e-03
7.026822684693914038e-04
1.421986588992295124e-03
2.642973046454039250e-03
4.292097448793620248e-03
4.508157195123772224e-04
2.256879729280257107e-05
8.575293388871579143e-05
-4.678918133991421049e-04
2.780847934847445468e-03
-2.541023392619028327e-03
-4.674995257450419855e-03
-2.639071505335134193e-03
1.058963302275497172e-03
-4.548023005246894929e-03
7.497864391897287543e-04
1.042073042954238388e-02
-6.420251972035068838e-03
3.035738291038133762e-03
1.485381151477859147e-03
1.851257979436286664e-03
2.806527874413668276e-04
6.974043955566193963e-03
-3.802343688264307221e-03
7.263178242668209003e-04
-1.365863952500724924e-03
-3.257145109883462925e-03
6.109739101808323372e-03
-1.055799647763297489e-03
-1.870091449235247250e-03
5.429764786400869021e-04
-4.146934570644598105e-03
-4.812631008280122621e-03
1.162144481006374642e-03
-1.460307010428771660e-03
2.183227338238413230e-03
-2.049621839206401046e-04
2.012483246892323666e-03
8.405354451154109161e-03
7.808292088021804786e-03
-2.897965819123385616e-03
1.306944297083924983e-02
8.546266418844488452e-04
5.120483834465650551e-04
1.391907187654792917e-03
-6.097597338014327855e-04
2.083933878680613565e-03
-1.381309566831614034e-03
8.084613498858091163e-03
5.028004897849767604e-03
-4.779582851195489628e-04
-4.098256857381323698e-03
3.982622418698826376e-03
-1.608979628136654417e-03
8.606746762956430860e-03
4.980695886196122822e-03
1.749598228152387819e-03
-1.714260180950256084e-03
1.450223422598323573e-03
-3.514606309820845608e-03
-2.675673479050569119e-03
-3.147564426134763158e-03
-1.636025875189671755e-03
5.534926814429256582e-03
-1.071683612935651377e-03
2.120577752810933608e-03
6.390005544931131286e-04
-2.245071125060500977e-03
-1.338875246135107309e-03
-2.236040591938261764e-03
-3.143278717556632386e-03
-5.907416578188827948e-04
4.009055191174080990e-03
-3.712841957260927138e-04
2.724930928150390719e-03
2.319742275754987492e-03
3.511627930687047632e-03
2.714577788043038946e-03
-4.179272300042415761e-03
1.527420079611242765e-03
1.690833995772082418e-02
1.012922820882193424e-02
-5.607649709883416947e-03
2.968949188602207009e-03
5.799418204365856463e-03
-1.436490157883980531e-03
1.922947029556187513e-03
-3.026567240785133558e-03
-2.891345533682481914e-03
1.899005449029369727e-03
7.605603861583973280e-03
-4.934475559598541783e-03
3.950396207462463123e-03
6.173942092053050917e-03
4.341631233246275902e-03
-5.766393744614160995e-03
7.937632505250438730e-03
-2.664449290807628136e-03
-7.961994266230950712e-04
2.199304700676576671e-03
-2.878535831872528102e-03
-9.447207306143766371e-04
1.066016601644174944e-02
1.418826439671796134e-03
2.191870759514237370e-03
7.790516792084220413e-04
3.587746981156624861e-03
9.398817627286099215e-04
-1.860569782694778849e-03
-2.978956855292100650e-03
4.763816962802851045e-03
-4.210342232816025737e-03
2.902311211056755273e-03
1.507773058375526430e-03
6.734172015108048567e-03
1.249246992890031341e-03
-1.648345358336632347e-03
-1.074902320992090089e-03
4.132316454009421665e-03
1.893885353436147636e-03
4.604339434288119183e-03
6.265638504836986908e-03
-1.520526584548525378e-03
-8.130426510174145610e-03
-1.128769835916215323e-03
1.070672610930070365e-03
-5.502849770159699231e-04
1.933079290323930785e-03
5.056022326854160351e-04
7.548257052808304661e-03
6.040367210638641557e-03
7.640594495241288635e-03
9.398794578898042595e-03
1.951948704485794361e-03
-1.199901106411124232e-04
