0.000000000000000000e+00
0.000000000000000000e+00
0.000000000000000000e+00
0.000000000000000000e+00
0.000000000000000000e+00
0.000000000000000000e+00
0.000000000000000000e+00
0.000000000000000000e+00
0.000000000000000000e+00
0.000000000000000000e+00
0.000000000000000000e+00
0.000000000000000000e+00
0.000000000000000000e+00
0.000000000000000000e+00
0.000000000000000000e+00
0.000000000000000000e+00
0.000000000000000000e+00
0.000000000000000000e+00
0.000000000000000000e+00
0.000000000000000000e+00
0.000000000000000000e+00
0.000000000000000000e+00
0.000000000000000000e+00
0.000000000000000000e+00
0.000000000000000000e+00
0.000000000000000000e+00
0.000000000000000000e+00
0.000000000000000000e+00
0.000000000000000000e+00
0.000000000000000000e+00
0.000000000000000000e+00
0.000000000000000000e+00
0.000000000000000000e+00
0.000000000000000000e+00
0.000000000000000000e+00
0.000000000000000000e+00
0.000000000000000000e+00
0.000000000000000000e+00
0.000000000000000000e+00
0.000000000000000000e+00
0.000000000000000000e+00
0.000000000000000000e+00
0.000000000000000000e+00
0.000000000000000000e+00
0.000000000000000000e+00
0.000000000000000000e+00
0.000000000000000000e+00
0.000000000000000000e+00
0.000000000000000000e+00
0.000000000000000000e+00
0.000000000000000000e+00
0.000000000000000000e+00
0.000000000000000000e+00
0.000000000000000000e+00
0.000000000000000000e+00
0.000000000000000000e+00
0.000000000000000000e+00
0.000000000000000000e+00
0.000000000000000000e+00
0.000000000000000000e+00
0.000000000000000000e+00
0.000000000000000000e+00
0.000000000000000000e+00
0.000000000000000000e+00
0.000000000000000000e+00
0.000000000000000000e+00
0.000000000000000000e+00
0.000000000000000000e+00
0.000000000000000000e+00
0.000000000000000000e+00
0.000000000000000000e+00
0.000000000000000000e+00
0.000000000000000000e+00
0.000000000000000000e+00
0.000000000000000000e+00
0.000000000000000000e+00
0.000000000000000000e+00
0.000000000000000000e+00
0.000000000000000000e+00
0.000000000000000000e+00
0.000000000000000000e+00
0.000000000000000000e+00
0.000000000000000000e+00
0.000000000000000000e+00
0.000000000000000000e+00
0.000000000000000000e+00
0.000000000000000000e+00
0.000000000000000000e+00
0.000000000000000000e+00
0.000000000000000000e+00
0.000000000000000000e+00
0.000000000000000000e+00
0.000000000000000000e+00
0.000000000000000000e+00
0.000000000000000000e+00
0.000000000000000000e+00
0.000000000000000000e+00
0.000000000000000000e+00
0.000000000000000000e+00
0.000000000000000000e+00
2.536516178119898116e-02
2.900700727101143163e-03
1.004945559200899792e-02
1.354480435356841296e-02
5.696162416894123663e-03
3.238077142928916935e-02
2.538317344247430565e-02
1.011608319661107952e-02
3.452037528106893099e-03
2.009405157128060435e-02
5.307273192627798633e-03
7.534435084586925922e-05
1.754573134872258744e-02
1.404610986457282976e-03
6.021522940113110262e-03
7.306446026338302493e-03
1.338711048956160721e-02
1.082201375990193490e-02
6.438176177498971565e-03
9.154548995756878194e-03
8.824707981881630900e-03
7.814988367995059915e-03
2.657886794589921220e-02
6.953344279301531747e-03
3.206736975153189062e-02
1.811779196706934719e-03
8.957543910398829343e-03
1.826576306252901405e-02
2.155464244849445137e-03
6.514470729961033962e-03
2.663332718801978902e-03
7.513544979826329052e-03
2.019730400242413827e-03
3.136880596255734767e-03
2.346955490913649189e-02
8.307925017942393089e-03
9.990553195736384673e-03
8.608777887531619127e-03
1.952273049483437342e-02
5.915276074659599377e-03
5.002101511426812475e-03
1.591544868008385946e-02
3.280022305723618789e-03
-1.434691426648709725e-03
1.064985507860985794e-02
1.681147155930288670e-02
-2.764366530593545101e-03
4.585042409050385688e-03
1.706137198835306658e-03
4.897529584358888827e-03
3.243646841029021802e-03
5.658086348868223911e-03
2.203535989657878086e-02
2.586259958159211302e-03
7.019599817799595902e-03
9.735526325753186133e-03
8.537816535119214720e-03
2.264543452012599597e-03
6.570391434730617035e-03
6.691750652165494133e-03
3.567719791905542455e-03
1.501831944477644877e-02
1.974782914829581459e-02
2.695669881113037930e-03
1.529882434851836948e-02
7.995149565836598068e-03
9.417233416638486412e-03
2.324993690331255553e-02
9.036704895674870647e-03
8.146603098685333000e-03
5.857647268764676861e-03
4.237612267445469393e-03
1.091412728560363886e-02
1.758277328578812092e-03
6.590694898057919936e-03
1.492514879769503248e-02
5.458471683403364610e-03
4.718771531363066471e-03
2.155879483738752482e-04
6.118599023514038546e-03
6.255974798318684679e-03
2.123703488286658291e-03
-3.094696844782975423e-04
1.382169431358753510e-02
2.076574889763926034e-03
3.864735610978667184e-03
2.839808271517101101e-04
8.950533304876159358e-04
6.292837057129931772e-03
2.668394109219387588e-03
2.053286666195724974e-02
1.992074218185873810e-03
1.167515677144759581e-02
1.354191811584100347e-02
-1.023984000456818312e-03
1.879684341530035762e-03
1.425885065133812406e-02
1.214513182468495572e-02
8.265718803175076818e-03
1.291291564398571248e-04
3.044747831965857049e-02
8.935059270885671937e-03
1.962692320188906200e-02
2.598752412716918980e-03
7.281991001693466359e-03
6.462223362216074421e-03
2.384278384227431647e-03
6.471778521131562462e-03
1.399610897789720088e-02
5.407699324154103919e-03
7.781789863268153903e-03
5.813752801033779394e-03
3.551699297433930091e-02
1.610821427055395688e-02
7.644207585649384976e-03
1.675567320380893024e-02
-7.398339966828942731e-04
-5.986422578496044394e-03
4.117714077817670459e-02
8.355117929790026668e-03
1.358716077028163799e-02
3.149970843535238388e-03
2.648574728466291522e-02
4.224022080887773062e-03
7.189583702253874234e-03
1.578228231421256733e-02
1.473074063136262969e-02
9.907201275840113799e-03
6.383742976213582603e-03
1.911945332710671130e-02
1.940359354886153978e-02
8.557049983235049534e-03
8.917583080518780639e-03
8.991882088481693847e-03
2.494141113189884962e-02
6.034728224713982285e-03
7.267235912983901081e-04
3.751853442104525170e-03
5.718310076872956671e-03
2.962916971375734090e-03
6.354192097826070855e-03
2.764213338395432509e-03
8.462508503264075041e-03
-5.559555412001078532e-04
2.833225432444245757e-03
1.801247866216656307e-03
-3.552423169726319778e-04
-2.454124374520896736e-03
8.869945778141298531e-03
5.630426765290289480e-03
8.291630012754588538e-04
5.978449564226627488e-03
7.663508911827964995e-03
1.491712211882710061e-02
9.041216131285674529e-03
2.783669565154179215e-04
-1.513323464090891163e-03
2.925399003700815664e-03
4.562126760991521215e-03
8.909097346122827818e-03
1.246779986870159493e-02
-4.926640803440483340e-05
6.143251035731873370e-04
3.732388766998886824e-03
2.226572205056236153e-02
1.770047172251255213e-03
8.367383242664557658e-03
1.747241080343074279e-03
5.050080660011138818e-03
7.947067403613299399e-03
1.779867354909324059e-02
3.798536530322366676e-03
1.018191868130741314e-02
-5.407098878777783554e-04
6.177671129619026480e-03
3.279822046716186854e-03
2.585978382743195272e-03
9.086369249800121950e-03
-6.544513415244279132e-03
8.425861819566316056e-04
7.692380378521387375e-03
4.112326709551610959e-04
-1.385893350266904911e-03
1.738559805123826747e-03
7.870241968969897417e-03
2.169848602284502482e-03
3.618414691459388363e-03
3.172929865309300455e-03
3.050041875970981378e-02
1.545731426279164239e-02
5.227310330897422079e-03
-1.389867923899922638e-03
6.451243797924994042e-03
1.137910274110239504e-02
7.989907030141197783e-03
-8.547396466008934639e-04
2.116803285646947069e-03
4.010552367537251195e-05
4.652158031642978156e-03
4.825811000243447786e-03
2.067939527270880144e-03
1.558240793986426752e-02
1.225209647331809877e-02
4.484481088521511533e-03
3.806678187233780968e-03
1.355607386298486074e-02
1.075015988720541115e-03
9.658574907867837830e-03
1.040979417853856240e-02
1.731559113811111713e-03
-1.296567825726877704e-03
2.198208859931404836e-03
3.686595565324907089e-03
3.499080810972283150e-03
3.213876075504185862e-03
2.636580289266955788e-03
4.616807551764124523e-03
2.457194705475409646e-03
1.864150360264570962e-04
5.981981414625849210e-03
-6.120619067597895483e-04
2.058426208351959302e-03
6.771426810820250011e-03
8.596985292962353725e-03
7.705836013334015078e-03
9.858761340094017792e-04
3.808384634000126431e-03
1.503391668239576102e-02
9.931383075689838302e-03
1.742009236750438140e-03
1.359273122046744317e-02
3.330920181809988306e-02
-3.367685557179114948e-03
3.941398162188562530e-03
5.116739082067295330e-02
1.628693957446248827e-02
2.311708975729627469e-02
8.696868088975545641e-02
9.816914240566522801e-03
1.265013532811965977e-02
7.073654007454000490e-03
6.314773061001167920e-02
8.015616588524756420e-03
2.031343341304015643e-02
6.044988875100038711e-03
2.409733600216093681e-03
1.270627460805487212e-02
-9.288365197833067235e-04
-1.896066422682247564e-03
-8.012571484281229284e-03
8.845061425745459269e-03
3.432929750284249154e-03
4.509939720700266962e-03
4.933119581626958967e-03
6.936575916715510305e-03
1.460344376586291890e-02
8.024140728254743754e-03
-2.466516932643365075e-03
-4.729783716186961723e-03
7.781759404057993299e-04
-5.559377319665108515e-03
4.948276669518911382e-03
4.237388261541356199e-03
1.633657039980465978e-02
1.232412514666938325e-02
6.022465592404795641e-03
-3.655297310352443457e-05
-2.197017493192606548e-04
9.695430950840414541e-04
3.217951883964082199e-03
-1.686128184187987190e-03
1.602869775949690781e-02
7.739238033534510952e-03
1.186847645788567489e-02
3.322214174433961616e-03
-3.426137317299602063e-03
7.018643100840156294e-03
1.041869954421422231e-02
8.706437757474693243e-03
-3.261911699432757956e-03
3.231676586366657219e-03
2.868814856334817205e-03
1.525566737027540982e-02
1.352321215044495093e-04
1.800249833406098246e-02
-1.987748922504246289e-03
7.708950456760749019e-03
-1.399670618208194266e-03
1.070075557024866876e-02
3.769925543334952042e-03
8.615919086104770544e-03
2.174516325495004249e-03
3.076873519151006407e-03
2.774793908129771260e-03
-4.634226877686843313e-03
3.713890986339332765e-03
2.667602744682506886e-03
4.980973881435555271e-03
2.711015052230431738e-02
3.835254522791728057e-03
5.300844754442143869e-02
5.943153247802967012e-03
4.279468049031262544e-02
3.911488349963610639e-02
4.119245084255722389e-02
3.951875553148239545e-02
2.988173196063606540e-03
1.331747950452976705e-02
5.005741972198618018e-04
3.689356017782914436e-03
2.820596565178019703e-03
1.599605668975173645e-02
7.535927059005206527e-03
2.957743524443226524e-02
1.725547790320373226e-02
-2.613420813983453970e-03
1.507473870381049498e-02
1.973632484943258283e-02
1.047152337209236381e-02
4.227463101267002477e-03
6.084273968083303693e-04
8.244840067305470033e-03
6.095653800918312930e-03
1.927214450221633249e-02
7.959846978389379518e-03
5.212503312387992485e-03
1.469423187002684948e-02
8.574247542145349565e-03
5.185507251372583129e-03
1.303846451986909530e-02
4.690587986129392956e-03
9.521959412523196137e-03
-3.691200649618851717e-03
1.036616508963810086e-02
6.140853164542233594e-02
5.579558333190826058e-02
1.111340584923728621e-02
2.193167429047983980e-02
1.836749619706590231e-02
5.830458320132222982e-03
1.525746493957510358e-02
1.877501654031060382e-02
1.424014572390240076e-02
1.462103327807573287e-02
2.313768553650953977e-02
-5.588306989029070797e-04
2.515327009887839346e-02
6.808306387213281050e-04
1.111109366843029272e-02
5.047228313936606703e-03
1.037814131252985488e-02
-3.252001068379797074e-03
7.676467277476690249e-03
1.028117582386625997e-02
3.899366596916514077e-03
1.484342406300603531e-02
2.076163040053087550e-02
1.023034552249380003e-02
9.755000328085518604e-03
3.249350430439804788e-02
1.232521577156690806e-02
2.550345178819644898e-02
2.137917460276371126e-02
1.722896158954616633e-02
1.153533733857763609e-02
2.474373669875983006e-03
8.845277781059028566e-03
7.071607219286145385e-03
3.323827987807442125e-02
4.842663653154096436e-03
1.511117156064869377e-02
4.646978778137853157e-03
1.511583806786072565e-03
7.497409469590621614e-03
2.268997693722637696e-02
-3.294170879297666707e-03
1.867218653040510212e-02
1.007385395318456493e-02
1.770154693057644432e-02
5.845848505296608218e-03
2.554327046243250882e-02
-1.266847962845101374e-03
3.988684924496833234e-02
1.182440096737917903e-03
1.535220675706649388e-03
1.183635449795058039e-02
3.822530754942011447e-03
2.818333559707740348e-03
4.239780823899563442e-03
2.224095302278779416e-03
1.465288271642765927e-02
1.236481360767076494e-02
2.403620718897281003e-02
1.539163194277669983e-03
8.006439808510136188e-03
9.966448433594458228e-03
2.960013081797563048e-02
7.766629937166632212e-04
7.718009963277510342e-03
4.297245058330683917e-03
5.430663524736264493e-03
1.866982493423133618e-02
5.777037086920062785e-03
-5.557236326024662249e-04
3.520898606434252898e-02
3.688826595677906824e-03
8.515875176542727493e-04
4.205165661273766071e-03
1.132363535970334900e-03
1.312165483311386084e-02
4.107030643579210119e-03
1.817359803848861768e-03
2.814524391736452844e-03
1.043874649929444481e-02
1.356884766344495195e-02
6.212624099764849951e-03
1.219384262278916213e-02
3.479501699031486203e-03
8.356616122857278908e-04
1.713327383070800333e-02
1.175517428604010844e-03
5.619496492045654087e-03
-1.986559322724331354e-03
3.336262836981148446e-03
1.002202636240994045e-02
4.963905755387708341e-03
1.605569938588751952e-02
-2.064898908795849246e-03
5.443372962243888009e-03
5.027399959599232644e-03
2.754958644401756841e-03
-1.215628203788743974e-03
7.466793920976707438e-03
8.079843608991176462e-04
-1.527363715177253688e-03
7.036578175614109990e-03
1.269296577637918453e-03
1.170365841895648108e-02
3.292041987889461748e-04
8.149994880002340777e-03
1.898461031652848036e-03
4.366891094104184755e-04
1.504368686063179555e-02
2.067536591648319946e-02
1.004358367762394309e-02
2.141373763368257729e-03
5.122486835844242657e-03
1.051554538038451322e-02
7.263698182084850526e-03
1.210837891901754559e-02
2.130219111450202835e-03
5.884551591352909800e-04
1.759904153427283707e-02
1.738467022729178746e-02
2.490375381658666443e-03
-1.509014156851843941e-03
5.577811011154542795e-03
7.240013253566737056e-03
9.779542169672996582e-06
2.389707574745071443e-03
5.728753558231499711e-03
1.113954870633847294e-02
1.093511957094473689e-03
6.626871938953652784e-04
-2.093849579265979859e-03
2.980917072311713070e-03
8.493764442811394325e-03
7.124224237893093427e-03
8.121179431018343484e-03
1.118694973290833283e-03
1.417557370048210669e-03
-8.717804008029692367e-03
5.771390630375412834e-03
1.218249009989674780e-02
3.227682981281563331e-03
-3.586496424920758517e-03
8.645846131529660861e-03
-4.748446251833253386e-04
-4.836534148328719071e-03
8.679360039024792842e-05
4.090820652456701734e-03
3.213347697282264125e-04
9.951650383265281744e-03
4.429063422561781149e-03
1.232597760256917089e-03
-3.385090239764583725e-04
1.647205819747108845e-03
2.452539897275595512e-03
7.150745140857912158e-03
8.657428419435694508e-03
1.965149936435869622e-03
1.373929699248461860e-02
2.320548826764371343e-03
9.410594205647392334e-04
3.788173802547186841e-03
1.383694816013644399e-02
5.492082213030908579e-03
1.261443267885974800e-03
1.113935456227115213e-02
-3.116708741040179892e-03
1.140063458973702461e-02
8.754998111239345807e-03
3.461582384193580102e-03
-6.211961553546292356e-03
1.045296916690783423e-03
1.459042886166306285e-02
-1.599717009742579639e-03
1.925024292477650178e-03
2.775505799958782535e-02
2.148003003853067496e-03
2.549179180537312038e-03
1.885062106532462908e-02
7.818776742680867697e-03
1.446202356569646803e-03
-5.405012512023223137e-03
1.163423505132971450e-02
-2.392764211499165319e-03
3.106676540586240324e-03
8.245307022102837252e-03
3.726919687239803672e-03
8.926312114836864459e-03
1.413384189684866073e-03
2.638234195041208596e-02
4.839829267994114233e-03
5.161090437285491793e-03
7.098820458127710724e-03
3.794363169128587687e-03
-8.480982838566880838e-04
3.288366189476107232e-02
3.516969085307689730e-03
1.051065642548284877e-02
7.196108841683568867e-03
7.633324763814602204e-03
1.860707294050126769e-03
1.223305065315300746e-03
-9.386086852953927622e-05
-3.102588943723084362e-03
9.556242008133857685e-03
1.670268786592871168e-04
4.722090240310763444e-03
4.990175462480522968e-03
6.530975905241765724e-03
7.226868216589480733e-03
4.653410090632877257e-03
-2.239544493012905237e-03
2.205681428292953754e-03
1.142392155195238665e-02
1.986846792920437046e-02
3.200874635820433450e-05
-4.987567236893175040e-04
1.947295640564526264e-03
-4.674680532334014177e-03
2.032711239988286775e-02
2.783752971127222489e-03
5.008407820813997810e-03
3.907428706001038563e-04
2.213421126891536479e-03
2.962789690600104299e-04
-9.174199816354225174e-04
3.900391564971363544e-03
3.832595794108594692e-03
6.981121274458739444e-03
-6.561107572482148759e-04
6.377017782182134616e-03
5.622443575876287167e-04
9.329881950332286761e-03
3.843858315877423520e-04
8.315599688273659328e-04
1.211959133074211022e-03
2.692136738580303825e-04
1.748434076117479389e-03
6.945870463942911688e-04
1.282205785276806058e-02
1.787473766506135725e-04
-8.144329357196113030e-04
1.586820229509187941e-02
1.100099362649924889e-02
-7.158899656240007249e-04
2.930415780712225787e-03
4.318669376129056527e-03
1.452894785723415037e-02
9.419759899315024998e-03
4.593249760815432126e-03
1.873987939733526590e-03
1.233539929922442945e-03
-1.736115088043242716e-03
-1.145954779680825896e-04
2.880270553850703893e-05
-3.709530405757232013e-03
-3.278728076864025412e-03
1.193712576956154799e-02
-2.345444204329204946e-03
2.653026812239944309e-03
3.315429332396963415e-04
4.505614564502197824e-04
6.587542336635315160e-03
3.835981936403754476e-03
5.372633168383879679e-03
-3.690534129217247234e-03
-3.201519819742236657e-03
2.783227684003985493e-03
3.108247050223809666e-03
1.081763692212249148e-02
9.163435484697605993e-03
3.241028745762064480e-03
-4.120026840646666367e-04
1.165195681631690100e-02
4.358973176674715150e-03
1.025802228426451849e-02
5.520742791135390846e-04
3.777388450905452746e-03
3.936418829088463370e-03
-1.331139790133931220e-03
1.100907476575484906e-02
1.351657083532301551e-03
4.531096521361160923e-03
1.230425833848867133e-02
1.199564895192181159e-02
7.631448632907757330e-03
1.774192691215040023e-03
-4.471710947593488645e-04
-6.458105737593881381e-03
-1.854132091974425561e-03
7.032894238210441861e-04
5.984922457823939508e-04
1.781895229891606106e-02
1.321893854003088065e-03
1.563858104815107767e-04
1.382921427569622913e-02
6.499047886236856454e-04
-3.459297128373037093e-03
-1.786975381622848231e-04
3.740592912078809663e-03
5.895464737001095135e-03
-4.532680261012113051e-04
-7.642069280830931458e-05
3.826145258027418205e-04
2.376131274993799943e-03
2.423959362075228142e-03
1.484674321007687075e-03
7.546991941119537625e-03
3.604899964302957205e-04
3.914875662591043616e-03
3.890942951440426001e-04
6.568193162892276872e-03
7.720947855628662246e-03
1.847576982909478064e-03
8.536300945715901561e-03
-2.841234575576177639e-03
-3.688708350103537593e-04
-2.520844189053170637e-03
1.869497980964638642e-04
-1.494856006716817126e-03
9.959218513072329998e-03
1.891426216205172733e-02
3.823111233424960915e-03
-1.272311933356301463e-03
-2.313746387622103891e-03
-3.438648638670662241e-03
1.232115616184180926e-03
6.081544676575664776e-03
-2.807749319186877892e-03
3.103741770450105762e-03
1.966001431251678238e-03
6.877589187654993465e-04
5.180939310956976171e-03
1.176827133839826022e-03
1.226001933505217138e-03
1.000519525371673961e-04
-1.667405947651912947e-03
2.961367640775726656e-03
2.867839095474441352e-03
2.343723211364479118e-03
1.299218622740383119e-03
1.904787383088689043e-03
3.610718079550706040e-04
-5.491853825343940426e-03
7.927274923401398093e-04
1.047891284748015328e-03
2.021603920185484089e-03
4.204329946498171211e-03
3.795252206596812401e-03
-9.412354319336883705e-04
4.114746092011706269e-03
1.747824944805531806e-03
6.222057062528383968e-03
6.256940130144337912e-03
1.603287790369155655e-02
-2.801735699362646864e-03
3.553672127238331757e-03
-1.056024152217577164e-04
1.597746843383891736e-03
8.343073495870705070e-03
4.148107626110966728e-03
1.224949626206993944e-03
-2.780883863170558086e-03
6.026745642343235912e-03
3.820645192111842177e-03
-1.865997051868022562e-03
1.513337051970555912e-03
-1.294591116095019116e-03
1.186772412320107419e-04
-9.798247011334976306e-04
1.956916961727767253e-03
-1.329534881223610196e-03
-3.858121054734506370e-03
-1.902082013853121376e-03
6.520134956730928551e-04
-6.475031199307972919e-03
5.977674513311650659e-03
-2.048824819128160571e-03
6.325049128287136245e-03
2.302905668098256028e-03
1.521483612998973754e-03
1.495668233814277312e-03
7.458125803785866335e-03
-2.157410597156751361e-03
9.970929367828862758e-04
4.598010295557352495e-03
2.401190707273003280e-03
7.080382234615136862e-03
1.185568910802802661e-02
-1.687450500511275607e-04
2.108980311620111542e-02
7.232378978013540016e-02
4.732547130905173129e-03
-5.893549967113513068e-03
-3.584448528245031979e-03
6.588449479446338228e-03
1.830906872198683486e-03
7.363068461301424533e-03
3.318071029540130019e-03
1.843349204495116356e-02
6.036676779178886060e-04
7.658152542793963090e-03
4.407399627234086063e-03
1.416501478985526937e-03
5.501293383263490371e-03
1.066051374584521885e-02
8.622912076779449923e-04
3.528862081936533310e-03
-3.049013230107934600e-04
3.608087520843185261e-03
6.720202472468148796e-04
9.011136686279036306e-04
5.760380439932682138e-03
1.101522436652723966e-02
-2.476296490831928279e-03
1.010909795452845719e-02
1.050483193992867402e-02
8.347089115480077134e-03
-2.236983164154751971e-03
2.907163906868384141e-03
-2.390448948254454871e-03
8.378143156838786104e-03
-7.696809628477308159e-04
2.140440891402413219e-03
5.105727407048132188e-03
4.744965125253174446e-03
1.459560504704368947e-03
-7.102645147065700208e-03
-3.662283502023379583e-04
1.795251617236275077e-02
2.694916491198890048e-03
7.805587596493635850e-03
2.342484539335036413e-03
6.138513237985522737e-03
-7.427682043723151523e-03
6.461451789493779380e-03
6.079974289577785504e-03
9.912645791351719707e-03
4.688292255944657289e-02
-2.720137886701791494e-03
-5.025845439440955334e-04
6.442135885689385423e-03
2.436279493622871273e-02
1.009575437289590011e-02
2.656047966934209359e-02
2.871241544729470369e-03
7.101307771349926919e-03
3.753132941512157469e-03
2.088330799195688495e-02
5.111996838157523149e-03
6.274894386247857961e-03
9.247871825008788238e-04
3.226594537464187729e-02
1.103208175532565316e-03
5.228695459880089522e-04
-5.196007588874995524e-04
6.782538754817884694e-03
1.400806132256676197e-03
6.701110980848489808e-04
1.668004505743455462e-02
1.237757553581225268e-03
7.928401901657257389e-03
1.208479681760903958e-04
4.269648503056818444e-03
3.049164843697242319e-03
3.157318181977384220e-03
-1.581321598057030880e-03
9.540137181348697093e-03
8.238482025020944831e-04
3.894784596969200728e-03
4.248396599219909572e-03
-1.151122414705379494e-03
2.394153299678291463e-02
-4.889543834384206577e-04
1.652705925220164518e-02
2.625294377855927341e-03
5.095024735080827885e-03
1.630626038134883396e-02
4.282865394403997591e-03
2.596217733260007023e-03
3.057063469237008245e-03
-1.260179628856554013e-03
8.360980893336795658e-03
1.654963241988433031e-02
4.127316935230817066e-03
1.438232672842301198e-03
8.101388715569649056e-04
7.781151770285082286e-03
3.444426595492014204e-03
9.089754881070567435e-03
1.681153859468898296e-02
1.075086920105760950e-02
8.267724305815373625e-03
1.112610696529875258e-02
1.208347518101068191e-02
-2.749814714757593120e-03
2.142082274821243901e-02
8.015318391023078942e-04
6.169456394329192808e-03
2.174603279537697456e-03
3.507681721509007394e-02
-2.604554550649413897e-04
1.943688569926128873e-02
2.768192205648712517e-03
2.094619316987990365e-03
1.388961377373648795e-03
4.193904943189326155e-03
1.485184682216085777e-03
-2.344713697399308447e-03
1.199454929968422727e-02
5.716074251076119772e-03
-3.111975840089290565e-03
3.596663766481218282e-03
2.668542247438072511e-03
-4.537965182124706516e-03
4.871057203262071054e-03
1.136638935551160384e-02
3.989753273347980932e-03
3.256518235502306804e-03
6.141439494400819385e-04
1.882446248695028405e-03
1.152389323012344320e-02
3.715958261559932242e-03
2.362058157145530309e-03
9.649863742156981547e-03
-1.265782149081525788e-03
1.031036544991071517e-03
3.410339503597374818e-03
1.070523972210429440e-03
9.702362668246665000e-04
-9.202486176729984986e-04
6.818377728878935971e-03
1.570666455855096151e-03
1.155513388229530494e-03
6.299185448704921857e-04
-2.357817181676563232e-04
-6.437503860049390882e-03
1.217431779449814830e-02
2.459554200881802918e-04
4.500272506968052214e-03
3.387516867869018108e-03
5.426035140354343658e-03
5.580162417170615383e-03
7.367482464183570338e-04
-1.457635123567479368e-04
4.839281463832557396e-03
6.631678808106239702e-04
3.092423602747136450e-03
-1.284307633479892831e-03
1.611198568583466217e-03
3.084074705958954072e-03
-3.269044216036220084e-04
8.832664947030496178e-03
-6.374700979792294461e-04
2.430543116383207611e-03
8.802398956520370195e-04
8.145712556719975073e-03
2.893157528616757939e-03
5.696296623668881294e-03
-5.726482204220312289e-03
7.480744731643675441e-03
1.401520465147373809e-03
3.369981684753357073e-03
-6.118138270486412744e-04
5.927111164452587497e-03
1.040763865533915478e-02
6.628096507812064955e-03
3.988080076709235068e-03
3.103444087614532724e-03
1.270194949766372634e-03
3.327974985982392123e-03
1.993066145836316048e-03
4.580463025881170366e-03
9.988233658527139944e-03
1.085076361313011550e-03
-2.603487519717959889e-03
5.150142213593262783e-03
2.661969486558049634e-03
-1.104980194043059813e-03
1.242377687757716120e-02
-1.515426013559116125e-03
3.315340640128866534e-03
1.392062429879608590e-03
3.613004553092630028e-05
2.173678353862540900e-04
4.186898681190642617e-03
3.197102985883500548e-03
8.856460293487801796e-03
-4.058563357563229300e-03
4.454654810699751203e-04
1.129168256734205131e-03
2.186963317815925154e-03
1.304329679117400935e-02
1.326237678869713558e-03
1.187637356756982704e-02
5.415684861971676797e-03
2.674993089652697668e-03
8.997191978921136729e-03
6.429148116061585670e-03
1.100592225777336994e-03
9.834958415781868551e-03
-3.241465024039592922e-05
5.673957352349804154e-03
1.103106201823920128e-02
1.786555070583117260e-03
8.577180899624668817e-04
5.374081925855109763e-03
1.445142499768498241e-03
1.215435409934389555e-03
-3.917499109889953867e-04
5.025682006029615241e-03
5.803768187683248231e-03
-9.775535182726794760e-04
1.414420611234864372e-03
1.121653929534032965e-02
-4.349519716782621471e-04
7.059095993748970739e-03
2.117545695043855994e-03
-8.355802654678796048e-04
-8.789525601530416912e-04
8.904460653019391492e-03
5.138577304778678065e-03
2.451071152231210797e-04
7.548979971935899751e-03
6.422091150004629809e-03
-3.168160491861210775e-03
3.815433924606875457e-03
3.598030131552945078e-03
4.190242179103985387e-03
3.422423751408395966e-03
-2.681532217297113822e-03
1.996589919664595349e-03
1.405117586102383204e-03
1.601930707528699581e-03
5.009591057149305124e-03
3.215428728439675976e-03
-1.913579192031139358e-03
3.327831517600751601e-03
2.274891344463507166e-04
5.180973007260432882e-03
6.857172010915600809e-03
8.501025970890311451e-03
-1.338548768598958952e-03
1.407406391184936809e-03
2.692309552585044497e-03
5.212041961163641456e-03
3.029754889961882355e-03
1.207671249620971034e-03
5.352976478040869651e-04
-1.223786742698595694e-03
4.081830008535009338e-03
1.651035928255804603e-03
-1.217368903909377392e-05
3.667111716685335886e-03
3.150580084027593524e-03
2.195613990465482106e-03
4.598090617282610433e-03
8.048826963769246945e-04
-8.015724049289732348e-04
9.137071637663744155e-04
5.088922662793288199e-04
6.324254716724053878e-04
3.707817991982528209e-03
1.608307365760368183e-03
2.559163538080004748e-03
-2.277181716558464015e-04
3.446062030982007494e-03
1.614768039784020628e-03
-1.852206325472444907e-03
4.778851079963820914e-03
1.044767066196840592e-03
2.972806666856304698e-03
1.057670029368505162e-02
-1.132225584221627397e-03
2.044695343169791214e-03
2.505771650346240356e-03
-1.794234883577195804e-03
3.600322484083643380e-03
-4.884698202831203474e-04
6.519056468628577419e-03
3.222937602960454940e-03
5.267423677096453585e-04
-5.190937784177307576e-04
-1.535610668734638164e-03
1.960605411496545419e-03
2.651228626900158352e-03
-1.423782071629926772e-04
6.373580952449682492e-04
5.052660397122266112e-03
2.032086246106760627e-02
-2.303734032689671272e-05
5.103328024509371386e-04
1.256544397169754180e-03
2.308459633589862985e-03
-1.388343347204908053e-04
1.211715898182446748e-03
2.914066538346147487e-03
4.824995575657024978e-03
3.883041592674979677e-03
3.209737428164872747e-03
1.496286456533002475e-03
-1.525835671604234374e-03
3.900449132282200661e-03
6.952599341608773882e-04
6.854733581404381243e-04
5.570161322214739821e-03
3.135053713115086571e-03
-6.447317901910117489e-04
1.075610617966243909e-02
4.740463781221037828e-03
2.135382082172580928e-04
1.239370094974016987e-03
1.239329938902873152e-03
5.200062266864670206e-03
4.894756835667274202e-03
1.797453251259596642e-04
-2.880880973978929786e-03
-1.364239998302375825e-03
-5.578933965233966868e-03
7.076726740996488324e-04
3.106079832395389033e-03
3.789116167712279319e-03
3.658706696009888029e-03
2.462099095297513732e-04
1.981935341310479218e-03
3.196262163464793846e-03
8.980474028847665801e-04
5.220483496652873930e-03
2.475822205402423287e-03
3.665307496891419964e-03
2.457150797656798211e-03
2.120530480361833021e-03
-8.323861158353218666e-04
-2.672352128083765616e-03
7.245915702947726845e-04
1.876455294640085297e-03
2.356321062046604596e-03
2.161865801531976869e-03
-1.529884656535060060e-03
-1.778200478509727248e-05
-3.165920088913783473e-03
1.081100849741381629e-03
9.358595077827512165e-04
3.774860154024345469e-03
-4.137022440182362313e-04
-2.915358000003589415e-03
1.982930880712097804e-03
2.991844603936852365e-03
-5.733752515878910282e-04
-2.220882280936044371e-03
4.718649916045276199e-03
1.502048432980847108e-04
1.679907615676125765e-03
1.067507429262151177e-02
4.194317158934238524e-03
-2.107106444923193423e-03
4.091274796960192930e-03
5.635144235032710225e-03
2.508613203483907490e-03
5.052185223678262380e-03
6.525066351279547490e-03
1.046295305284823327e-02
2.845894492494647782e-03
6.020199970156377492e-03
6.688644898979626517e-03
-7.060781353087693113e-03
8.487673668904309812e-03
-2.612611388812617879e-03
1.057151113279598473e-02
5.926576668577674799e-04
1.995603901155207621e-03
-3.188910275940455476e-03
-1.861570180937984322e-03
6.525597987203780696e-03
6.242492653492041389e-03
7.357276677512303471e-03
4.095088514476967305e-03
2.927564016014754314e-03
-7.018799027795962842e-04
-2.400701142687096390e-03
6.056888020892127293e-03
3.476041071520238543e-03
8.773827944838460610e-03
4.732588378275497977e-03
1.725642966490640012e-03
-2.204128608556861230e-03
2.216297706295972114e-02
3.293816386823927682e-03
1.606720252407473071e-02
6.538339072083313927e-03
7.358312710310714426e-03
-3.355789664629240613e-03
1.157478923614646982e-03
1.693571507346572705e-02
-1.149099957945082413e-03
2.131935863090163308e-03
1.730955500604444783e-03
6.005331001326877013e-03
6.914112999296980269e-03
1.618184114282659666e-03
5.380682179190273209e-03
3.523628690189266419e-03
3.705983257503844830e-02
2.338869355562972138e-02
1.214771018645987221e-04
1.944131054655845372e-03
-7.846302798340532014e-04
4.685699965377977845e-03
-2.773562108591029647e-03
1.634245684515590880e-02
1.539471138789246744e-03
-1.340210218167837194e-03
5.044014565173200217e-03
2.335896243723012411e-02
6.856146565236214199e-03
1.212428700756887530e-02
1.373628785127741121e-02
-7.899880112838351259e-04
1.149454741998021286e-02
1.729454076593395099e-03
-1.495293723017245653e-03
8.582779410371612142e-03
1.904245370384011378e-03
8.079053659123387049e-03
6.265148792770232171e-03
1.926702493011224265e-03
1.362771185704997161e-02
5.901166403175737811e-03
6.464814303564258950e-03
1.222374150917832428e-02
2.999470956407777368e-03
1.850898131893633945e-03
3.039995156335964337e-03
-7.913121508795800587e-04
4.785626514414944958e-03
2.049188215996462781e-02
7.974245236812555274e-03
1.072734998307682368e-02
1.268547428058774788e-02
-3.239530192521935473e-03
5.475888029699590813e-03
6.163382717722761667e-03
2.314620147862546298e-03
1.435437116377619518e-02
-2.977908025058628380e-03
7.930581906196082498e-03
1.106367447254536299e-02
-1.600145833858674467e-03
3.403111992663718915e-03
8.948701057138389384e-03
1.969642749171958158e-03
6.570975042557136367e-03
-1.947876885206802251e-04
2.394263713735887873e-03
6.605579947607914323e-03
1.407309361664048873e-02
-2.239982815547390967e-04
2.538335962439655820e-03
6.488029890848536624e-03
-3.225477382033742563e-04
5.571068327400745604e-03
-1.202777498978817175e-03
3.070233420777100999e-03
6.735541742447342375e-04
4.262788931620447447e-03
-8.231092602448930552e-04
-2.612202565972616963e-03
-4.284123753901814815e-04
1.725106970634428943e-02
3.440839083060124540e-03
8.713314304291399151e-03
1.545398145350118137e-03
3.202136994695208971e-03
-4.315289469669925278e-03
8.728534568057416676e-03
1.286087748574753394e-03
1.701185017749302919e-02
-2.760437872891807146e-03
1.430319356983721958e-02
5.781301016206566445e-03
2.738303258792727790e-03
5.764912328269655890e-03
-6.467174872680706357e-03
1.594028348996764368e-03
8.976978450740221230e-03
-2.963568623214086215e-04
7.119929698578464708e-03
6.759156646896522999e-03
6.247001170705559353e-03
-1.145239414394973133e-03
1.101706015645912903e-02
7.652297134452082893e-03
3.490974471700010635e-03
-7.502410694706755385e-04
1.600261133236607469e-03
3.929832499549563464e-03
1.104242837432552410e-03
6.905423096213910913e-03
7.642201428018522043e-03
2.186305074487118229e-03
8.861090123643278194e-03
4.391755294805697873e-03
8.199823596263663625e-03
1.372344272149930884e-02
3.619823184020504875e-03
-3.217776043119606943e-04
3.953964948694718186e-03
4.369659716741667449e-03
5.802516968623292436e-03
-2.366911963254563107e-03
4.140131767864868063e-03
3.935609559803572056e-03
6.263678868714505667e-03
2.870234125320879695e-03
4.554844979027464734e-03
1.195865831065980912e-02
9.246905191855557191e-03
6.012064390983666573e-03
2.088494716354135066e-03
5.145380486331008413e-05
-7.162410690569941205e-06
-1.605168489736499317e-03
1.732440932030511493e-04
2.596218386071780411e-03
1.395209575297642760e-03
9.550826584075610033e-05
-2.546384525512489054e-03
1.518495876998044412e-03
4.015207869642918245e-03
6.220855132988813499e-03
-4.026837684194024478e-03
-9.746318863358292752e-05
-6.922332056680171198e-04
-1.854425105295593682e-03
3.978535801519806313e-03
1.124008666376488837e-03
-1.208600967181508489e-03
-1.529936465842000794e-03
1.222240595551546101e-03
3.993943320239086783e-03
7.539397119513544659e-03
-4.997259150836035925e-03
8.763044816065651901e-03
6.366420859332692916e-03
-1.167863845181626829e-03
-1.523298955661360997e-03
-4.066782775491095507e-03
-3.067283918145485497e-03
3.022610432938195937e-03
4.528926115597678090e-03
-5.260199194916879420e-05
7.912946830747977917e-03
8.428097850489072243e-03
-7.541155035769972828e-03
9.579810110433188003e-03
1.191545909411932495e-02
2.876429904785147203e-03
1.761773768291409123e-03
1.724727985952055793e-03
3.797816949265510680e-03
3.041329450639802118e-03
3.555066366202737360e-03
2.781624638776296517e-04
-1.308060973797551488e-03
2.794879896984152866e-03
-1.842475966660486134e-05
-3.728417789684622310e-03
3.156381939951775906e-03
-4.836795798939635114e-04
1.380829012614705805e-03
4.017737595388404769e-03
-4.635560961836204807e-03
1.735329406552193034e-03
-1.517089088746639055e-03
-4.674322410088761412e-03
5.933680591557570494e-04
1.249259738840702814e-02
2.327796170763790293e-03
-6.735881328513390089e-04
1.483950718705527323e-03
3.334498138095379292e-03
3.395072627892462697e-04
8.917472167032659477e-03
2.001610825636677971e-03
-5.604309421175665551e-03
5.858516834325481343e-03
1.154962156836304363e-02
5.474602466595817826e-03
2.894873463352662379e-02
1.642098794498304815e-02
-4.618140574189797884e-04
1.269196446958725452e-03
3.674679223182507337e-03
7.640707926489766905e-03
-9.320335783617739178e-04
9.352920749387833715e-04
1.469195614867032512e-02
2.050418076862698964e-03
5.581194546308631405e-03
1.601362541117700615e-03
-3.922234708939823650e-03
6.012215406248275912e-03
1.516482985774368283e-02
4.926146627555918860e-03
-3.361164051507619169e-03
2.195939390451626377e-03
1.031217253855792361e-02
-1.984838593109337305e-03
4.861722253041426967e-03
-2.376814480836061168e-03
-4.158911662525857471e-03
-4.077426127265352542e-04
1.174510866698716925e-02
2.506228610149126203e-03
2.503648500516684333e-02
1.646611860289350429e-02
8.717181799817147036e-04
1.181257222423229801e-02
6.302549780180004974e-03
3.168646604538585213e-03
2.477943976147006788e-03
-1.707047887219199098e-03
1.163022860838840503e-02
1.400983603858233992e-02
-2.257548230955799037e-03
-6.292256519886727613e-04
1.146049932965004410e-03
-4.826353295547832108e-03
1.207684574180259082e-02
6.567517851243554090e-03
-3.814816418673742222e-04
-1.424642887116790236e-03
1.341375033926683847e-03
3.897685111272298358e-03
1.538338441787353216e-03
6.240572583777139262e-03
8.563007808695179482e-03
1.634212299196076239e-03
1.734308746354554492e-03
9.681922379554756472e-03
-5.024714139355541433e-03
1.588804848171835801e-03
-9.628247464477767813e-04
-4.524287411631007158e-03
-6.636875544986992580e-03
6.740707496949378645e-03
-1.966042651507407795e-03
4.733359309480822397e-03
2.293676323198783843e-03
3.176949254699607417e-03
-2.403183509820138938e-03
1.311510590477959169e-03
-1.311526470686740159e-03
9.384726946383228647e-04
-2.550417327590820057e-03
8.559663872727010792e-03
2.452804892624911755e-03
4.471664434165439905e-03
1.652038737063904125e-02
5.401961925515051145e-03
-2.067723344693247513e-03
-3.179905765182393373e-03
-1.584634174660821525e-03
7.873634579308877793e-04
1.026337283306405154e-02
6.205238452004736664e-03
1.122349828271664018e-02
8.057179665408505456e-03
-2.901445433412349739e-03
6.802379510780176726e-03
4.554912689231365927e-03
6.033672372003130030e-03
-1.389190284996649110e-03
3.305875094453481280e-03
-6.872451389496913362e-04
-3.010171342758381861e-03
-1.482595156260965719e-03
1.023141539467808947e-02
9.212622689576820297e-04
4.166301829791125427e-03
3.590819051361359478e-03
3.106084598628983898e-03
-5.359347805918654060e-04
6.476652646801795560e-03
1.037062815800098708e-02
8.944298143807614954e-03
9.660696531342799487e-03
-3.189028393403777438e-03
-5.997824455602504632e-04
2.661100929546448939e-03
1.546391854822074842e-02
-1.010146435319387269e-02
9.888602127240212966e-03
-3.488187589964423033e-03
6.127896531010797697e-03
6.136098058897362234e-03
2.078135504687564361e-03
1.085961055725681579e-02
6.828557407671648032e-03
6.753980823390260194e-03
6.882617563796851815e-03
1.571240033749977949e-02
1.265235197396495821e-03
5.731486331809734682e-04
1.422455438782105515e-02
1.055009410673046419e-02
5.633718342099103618e-03
8.379688627357634312e-03
-7.689841351942448052e-04
8.231503532974420063e-04
4.426949458789248247e-03
9.065086881359577312e-03
3.511212595526005779e-03
3.133612554722234756e-03
9.718683519496052609e-03
1.506966407592036285e-03
2.135573403340044682e-02
5.517862795829959338e-03
5.381550395845505382e-03
1.088006006278062834e-02
2.537756634289256488e-03
4.536255239961380081e-03
-4.907822511309653524e-04
4.880469014553842633e-03
6.185236690263384851e-03
-3.069315667853202839e-03
-1.523139998723823003e-03
1.511146042788931443e-02
8.456879965437277477e-03
-1.652853767929668340e-03
1.687071340565285231e-03
-7.673606280024899886e-04
1.284437979726944963e-02
3.685415369062764986e-04
-1.731088143659972683e-04
1.043162210397896063e-02
7.689159044736420395e-03
7.568521873808144477e-04
-2.758124798620382317e-03
-1.023197603044801590e-03
4.166568537453405399e-03
4.068364836672609328e-03
-1.006428539493226752e-03
6.435471183820973100e-03
1.263991662684944665e-02
1.040245755868403170e-02
8.769669686746585716e-03
-3.701793827567515481e-03
-2.088756906657297623e-03
1.676546816364904609e-03
1.440477943191766780e-02
7.668267832013136651e-04
-1.520712003508186815e-03
2.831757271684426543e-03
-4.264308049606247352e-04
1.470753222029157420e-03
1.867335327918967502e-03
1.907953891026929099e-03
3.585136099303157763e-03
9.360098862760140095e-03
1.451077030859138431e-03
-2.220655638804222825e-03
1.276333656416230120e-03
1.498204941881464041e-04
3.037757684087372123e-03
8.398834190618915604e-03
2.480419072320286245e-03
3.620419987028836422e-03
-2.657420655015465226e-03
4.118072683954329335e-03
-3.673859477192435111e-03
9.593886982783064385e-03
3.594774562058420872e-03
4.566096153005823680e-03
6.579377879672675383e-04
9.253049060266006764e-03
5.908115671076767314e-03
2.058714298968940433e-03
2.656387716698008303e-03
2.429145039116966786e-03
-2.128398398563557253e-05
3.709614003586373786e-03
1.306368329296619078e-02
4.305648722919379334e-03
-7.108939643053843347e-04
1.058189920565511845e-02
4.924507251473042753e-03
-1.759050086063942742e-05
-7.644876158037182401e-04
-7.256230354013264031e-04
2.626527919567355016e-03
-5.660843998321791158e-03
5.630309114313897766e-03
1.709653376570617134e-03
-1.149817753392771589e-03
-4.015375041748611902e-04
1.079385740168852491e-02
1.474868090699670009e-02
6.798289532814990373e-05
1.213336979345854168e-02
1.417871827287311114e-02
1.000375818510374805e-02
1.662005867749339130e-02
1.451310861124641789e-03
4.967563290273813159e-03
2.665528759576204360e-03
1.536876146958996575e-02
2.962324710191332621e-04
4.329465974079882949e-03
4.760145877583565194e-03
5.768011613553936795e-03
8.509009260327725192e-04
3.512160658750370507e-03
-2.426007575607176496e-03
1.239642414240861232e-03
7.029985909249466397e-03
2.471601173707036955e-03
1.194291985737473303e-03
2.540539964008291240e-03
1.306042812329474313e-02
1.773632169013481408e-03
1.951382568353152722e-03
2.454716428247255382e-03
-3.570775270712995414e-03
3.743464057102990905e-03
-9.499867132338718056e-04
1.132303131505939774e-02
5.248652202445864678e-04
3.632095917173069378e-03
2.600107610793994314e-03
2.396522381670376615e-03
1.992509714062975362e-03
4.612699347638153993e-03
-5.586262115630445365e-04
-1.259971837756582126e-03
6.768687219311771228e-05
4.115005307249647304e-03
1.214125892355586052e-02
1.552930249523661608e-04
-4.237876489901469014e-03
4.518578011926928720e-04
8.500740185859334986e-04
-1.732244535704964301e-03
-1.590366094455172375e-03
-9.150230491004522713e-04
4.710259702529230597e-03
1.640604637017747600e-02
1.341623201033601172e-02
3.132615489753688177e-03
7.340896968282145836e-03
2.330772813107429703e-02
3.748415504580997377e-03
4.402457759892773950e-03
3.028381682097917339e-03
8.645723568031662629e-03
-5.064460138758844487e-03
7.935803225546170236e-03
1.624144463900580168e-03
1.799672972290289677e-02
2.298727513725250249e-03
-1.873408026672413861e-03
7.466053442669335488e-03
7.950187198957634274e-03
8.243188429347319884e-04
1.646817349172743743e-03
2.152788530775198738e-04
6.922783605834797321e-03
2.696886825200248833e-02
2.694156404197586927e-03
8.437183225050708113e-03
9.235255449754310123e-04
6.285229830446723356e-03
1.231101848328185373e-02
1.838896412283868090e-03
3.650116533271561582e-03
3.257168703663831585e-03
-9.937628279198266936e-04
7.247460191129286716e-03
1.884100827377788341e-03
-1.829796098150819356e-03
-2.926732531110131817e-04
1.210042213330304092e-03
2.766151164917979126e-03
6.577112547871057958e-03
-2.573922468498072123e-03
1.200483381263045459e-03
1.823892293092727306e-03
5.153913854246001611e-03
5.875450551930664310e-03
1.129913647320503808e-03
1.965386176420504897e-03
1.707977130127888779e-02
-2.912985181450156646e-04
2.153732756173172905e-02
9.829018958868640868e-03
4.290425205987582341e-02
1.213272106205254448e-02
1.011606293557605705e-03
2.824428929836292086e-03
5.099161968166092060e-03
-3.239334562752591018e-04
3.052450377162748470e-03
3.290316874367944962e-03
3.870694787463353249e-03
6.291278029450154312e-04
2.916181552788984620e-03
6.001583928323603323e-04
1.176932088616139231e-02
9.872922217781448379e-03
4.346141655637928911e-03
2.190435808365975845e-03
4.650597843076159036e-04
1.253821639724104695e-02
-2.882246736097661757e-03
-2.080330366058258384e-04
3.946363441359224816e-03
5.767756920508866798e-03
6.448915552787518393e-03
2.471353238501193192e-02
5.271498252456626897e-04
3.049784258315758802e-03
3.579666585653891063e-04
1.705031207543046632e-03
-3.446451939212269271e-04
2.060201304161788857e-03
6.607700159204509156e-03
3.120018705137101930e-03
5.070626877889710532e-03
-3.155694959040035875e-03
8.310860146680880758e-03
4.811039265802532355e-03
1.080814307781165912e-02
1.709710898432820897e-03
1.554999379814789697e-03
2.606043741440847682e-03
4.813086592986637498e-03
2.004729769541623800e-03
9.964692774943426524e-04
4.180625383868887511e-03
-2.324405857505525228e-03
1.915897394394782197e-03
-3.058056947443236247e-04
1.088871826130399702e-03
4.815102099831382668e-03
6.475263406743378761e-03
3.610179050968169608e-03
-2.279454966213070692e-03
-1.602128671924166236e-03
7.735170500394471065e-03
2.282095246837884811e-03
1.957967217617451097e-03
1.148095747401044935e-03
2.098222226717103272e-03
2.449469107479882758e-03
3.131652822756301850e-03
-1.907364116988646136e-03
5.216481250212275187e-04
1.389396268011336855e-03
-1.774048148581742253e-03
3.193580736662365773e-03
-3.283789069213740273e-03
3.587955005007520317e-03
1.474155403062865199e-03
8.039738240652103112e-04
2.330281808221111150e-03
5.526197617969137721e-03
8.219102075691679318e-04
-3.329006153822033041e-03
2.890192303868797073e-03
7.139549829907325829e-06
3.005914859714518914e-03
2.310204404646833999e-03
4.485160477111994198e-03
1.201040856706787224e-04
-2.498450250688595900e-05
3.094332357751667251e-03
5.453486112059262271e-04
-4.036098125465795855e-03
1.405062305013905950e-02
1.661325143359464011e-03
7.678167048524671325e-04
1.682363212679272284e-03
6.919344889833332901e-03
2.021743789841370584e-03
-3.479623121541956126e-04
2.771725131513439952e-03
5.664262330701644657e-03
1.037369267565786375e-03
2.677416899940286959e-03
-6.489506179568134588e-04
2.292807423190913957e-04
2.384367281407566170e-03
1.312274334267818279e-03
-1.082891710925272966e-03
-1.005085736270110164e-03
1.765268595882810501e-03
-5.497750646777028235e-04
6.365146213731763536e-03
9.294462674786260585e-04
-2.511482238852997596e-04
2.942875852081795491e-03
2.604340508010993642e-03
1.263180883233238315e-03
5.605155840019861516e-03
4.459951207159596094e-04
5.952593317991377968e-03
6.952838452108769940e-03
-5.631429045976322437e-04
1.697505272636004245e-03
1.171326403291333366e-03
5.798876549066506354e-03
1.719608479529935365e-03
2.922184406924261627e-03
1.332011594755991226e-04
1.750612330931934548e-03
2.454693912016897312e-03
5.781703337918314006e-03
3.700653712873821209e-04
9.450065915636866789e-04
1.309063895981374447e-03
3.753421725741030914e-03
2.209986096140149816e-03
1.047624349213479786e-03
5.500835895198156848e-03
9.805839213721096598e-03
5.213564385647086706e-03
1.423348461753572288e-03
2.739633352266332856e-03
2.636709807174605902e-03
2.323550430310692642e-03
-1.907066060264274270e-03
-2.846144685752201222e-03
2.315518396506089163e-03
5.083240701826857201e-03
-6.524409980687793237e-04
8.533836711076597716e-04
1.449658475245031199e-03
3.611851194854742708e-03
-3.735068550275748821e-03
2.343847020025367680e-03
2.957908649445586263e-03
1.607717273316419671e-03
-2.325698926134804004e-03
-2.515628205958331883e-04
5.043936915236910297e-03
-4.051278842861375483e-03
2.513441274438155300e-03
1.169645914735271876e-03
3.314435261305063540e-04
1.507246091207631788e-03
-3.450787973462223889e-03
4.098121155205928547e-03
-4.027790734014905123e-03
1.230168111499688188e-03
4.458242098974716724e-03
3.156217272503266703e-03
-2.999688920194137388e-03
3.967983657753248149e-03
4.123555159847004659e-03
4.471470821177655347e-03
8.069732891186634505e-03
1.352785756481600246e-03
7.143610840104377448e-03
1.299902601007733296e-03
4.836453991263365768e-03
2.589444466431167985e-04
3.110427223528264068e-04
4.327985298727737330e-03
8.345686587184803114e-04
-2.867857927950254963e-04
5.183362388759622970e-03
-1.933989987886952037e-03
4.651667654819487542e-04
-1.552981445137764909e-03
-1.973677198618327151e-03
-1.613632108827336726e-03
-1.363717263107058677e-03
-3.689858267681079412e-03
2.124847991063117877e-03
3.396776450324096811e-03
3.990870465542474023e-03
-3.538875609206113861e-03
2.084240030100684322e-03
3.518790733300757728e-03
-4.486166802608789958e-03
8.150532326710783690e-03
-5.591895267226817436e-03
1.355185788597419640e-03
5.972962645297626594e-04
4.810052265814205273e-03
2.335214060710490082e-04
-1.360330735562564073e-03
2.015733387431416397e-03
6.237448596673366569e-03
-1.509993934796489837e-03
1.865082477465757798e-03
6.473188171631296360e-03
1.557843751493744131e-03
5.199781122752593354e-03
2.214117918249149282e-03
5.313714148116877901e-03
-3.157378292061264677e-03
4.958841003299263063e-03
2.383750014232037008e-03
2.261133348511044916e-03
-6.994324646074683233e-04
2.163694468975312438e-03
3.883936742304952908e-03
1.022314968208070003e-03
8.065479711031095077e-04
1.157074441339210526e-03
2.299800516708566840e-04
5.812914794780050989e-04
-9.944830219963559075e-04
2.703877402138206345e-03
8.278275755032428809e-04
-1.419771333632607012e-06
-2.495453692642563221e-04
2.258203531116320922e-03
-2.350991580393879525e-04
2.252617761006152353e-03
1.359065576255622443e-03
2.476173722014173191e-03
3.665555022651726010e-03
2.630725573798279281e-03
5.885207228651697774e-04
4.392466063864237068e-03
-1.281274872921862613e-03
-3.034615120589616473e-03
4.287761020045595460e-04
1.952568269328232471e-03
1.303976857315696609e-03
-7.951765967277243941e-04
-2.557621347074482375e-03
-4.025987704088312361e-05
5.262905804595182377e-04
7.949447035393525027e-03
7.050587289744454211e-04
2.735721796237637008e-03
7.816619009639466653e-03
1.684633629119057464e-03
-9.136928280835923850e-04
2.834497206485661093e-03
3.175108215353730345e-03
1.615862791637182050e-04
3.095691755858926905e-03
2.755704537729062112e-03
2.131982878567991509e-03
-8.487540579656686814e-04
-6.995688997653932897e-05
9.308705399928165689e-03
2.611782409869943099e-03
5.383495741438851581e-03
5.196250653643632623e-03
3.231322370139387470e-03
-6.789327602350089894e-04
-5.968175694306094431e-03
3.845540241946104366e-03
-4.541490671957757255e-03
1.699814934229224375e-03
4.154878007331532603e-05
4.946755076138365740e-04
4.108023554762125704e-03
4.278593742311385777e-03
6.402865719740989670e-03
9.791548252000314458e-04
3.240448526746410318e-03
-2.221389200681732779e-03
-2.693876173145410115e-04
1.917551239766613659e-03
7.776848041755589922e-04
2.061246309037629339e-03
4.327717733119209893e-04
-6.706599311507116480e-04
1.008304413723318423e-03
1.119371342941809146e-03
2.563942568279634223e-04
2.170900948254158268e-03
4.355222236063966725e-03
-2.181936559891375655e-03
1.122296990975370397e-02
3.558109772339981304e-03
1.239446324516115753e-03
4.072925989067863010e-03
1.463522183894308722e-03
1.405811367822336799e-04
-1.137675163923775696e-03
2.330719400823515197e-03
4.877232603763321898e-03
-1.220978092115673763e-03
6.482470638295300888e-03
3.750354759213698867e-03
2.185713248888934788e-03
3.066872796592242691e-03
2.462413690302019641e-03
8.871190700315950348e-03
-4.013366172038146731e-03
1.944673651931669734e-03
3.592253956827279847e-03
3.063485089587908178e-04
-6.766646412758539229e-04
-5.286474090206117957e-03
1.420546103737571966e-02
5.663801649451264027e-03
1.040823379683087843e-02
2.805483001283356342e-03
7.325301737757064849e-03
7.396683702415933828e-03
9.335815961495562768e-03
8.171297462930661795e-04
1.226381491947509811e-02
6.940476046657856508e-03
-2.571099832404825924e-03
4.894629115205684569e-03
1.357669554663985681e-03
-3.628411584786945545e-04
1.026801627054959275e-02
7.280841326517407432e-03
-2.115547082503721043e-03
-3.869546649899243546e-03
-6.105034635177732094e-03
3.388830793820944536e-03
1.251282676153842813e-03
6.134206894100572779e-03
3.853870628235875773e-03
-1.060360246768467414e-03
1.114728576917402292e-02
8.266218092666979649e-04
-3.867472148239897191e-03
1.781455934344446579e-03
-2.226970878685508026e-03
-2.172340848871745934e-03
2.028858322275652049e-03
1.430401986768313092e-03
6.243072329237436043e-04
7.360988785647268329e-03
3.717618014691166043e-03
1.214343921459404459e-02
5.802321662504197376e-03
-5.256790163764664923e-03
7.172640050484365912e-03
5.065384936695458426e-04
1.455144245505576601e-03
2.557769401592272993e-03
3.334882041324001463e-03
2.941301310464174016e-04
3.028360433494217425e-03
1.070697764754022230e-02
-7.416487668096118178e-04
3.485833309738747051e-03
-9.015853487126162863e-04
1.602477863767824348e-03
5.041295742186247680e-03
3.931175523844317177e-03
-3.191027919456863871e-03
6.733231924462725233e-03
7.277637602155813054e-03
1.908476714026079895e-03
3.926465881153196058e-03
6.976380718736317765e-03
2.062931420291306151e-03
-4.423577795666388396e-03
-9.435327591573577097e-04
-7.412122237699813763e-04
3.913866520785665138e-04
2.535805645799758638e-03
7.040310847403802221e-04
3.024064384939789381e-04
2.963788875638858483e-03
1.889116997768679239e-03
-1.617943494219446993e-03
7.450318112737176410e-04
4.548391816777761464e-03
3.874977898370100793e-04
3.059775881761637919e-03
-5.720531807862080454e-04
1.916881374477933091e-03
-2.958715247374396574e-04
1.300231021057482146e-03
4.123324487220426590e-03
-1.744270719843184214e-03
8.142750401336646890e-03
2.487378295239032599e-03
-2.214082712790763074e-03
5.931954443715454703e-03
5.483037620626926220e-03
-5.778404180567148262e-04
8.091574037874544462e-03
1.690381828791919774e-03
1.306371898152960606e-03
2.983044625370010784e-03
1.323397232080595438e-03
2.528191306520690719e-03
1.631518258165318104e-03
1.528035940262201069e-02
7.346730127577191750e-04
1.492525245066365826e-03
1.295581369706540632e-03
1.775162783346477362e-03
4.764065731932595315e-04
-1.032457118504018917e-02
-6.464217701621958415e-04
-2.826118160428145887e-03
3.179292409572945233e-03
3.529711101192100318e-03
-5.736781899607316416e-03
-5.241882659653463589e-03
2.693010396900533295e-03
8.101558162632879409e-03
6.652046265311606019e-03
-7.911556831226170504e-04
1.611767559438734981e-03
3.673667415179805718e-03
2.475200848222976549e-03
-4.130977064894429760e-04
4.985010584553708178e-03
9.365632330096327045e-06
-2.306209817111523879e-03
6.682415561629689513e-03
1.240346515188468085e-03
4.094362543834367991e-03
7.268024478692207066e-03
-2.655070170243034773e-03
-1.781068638030730046e-03
-2.187333585082187198e-03
2.685140140074954163e-03
1.379275072056242168e-05
-9.733629278808757267e-04
7.614599883112524187e-04
-7.624586748978366560e-04
3.699841871028458715e-03
4.688864612939564391e-04
1.092135170530353556e-04
2.669032137494822821e-03
2.100471645162024521e-03
3.017791755556394062e-03
1.510347149302359616e-02
4.388740875879793522e-03
5.690626818238483757e-03
2.662742330930447168e-03
3.612624353089738914e-03
2.509881779905593930e-03
-7.336827599050677745e-03
1.304312489028783446e-02
5.865568950521554518e-03
-2.440784837771899692e-03
4.930641682432889208e-03
-7.646630335504753934e-03
6.550906526594740906e-04
6.522413792781663576e-03
4.440217767642157080e-03
1.157880835302134990e-03
-5.294379244630579781e-05
-6.418509613843294747e-04
1.786508821804761848e-03
1.998862654724332596e-03
-9.114596352964229875e-04
-1.450132184846301703e-03
2.881073998487773853e-03
3.231241523350197528e-03
4.189554833058736424e-03
3.466756027499133270e-03
-1.141752533438470480e-03
-7.637224404250363835e-04
3.760428509777210149e-03
-4.083706788167372720e-04
3.079159795174122444e-03
4.647806932207344290e-03
3.618670782812441001e-05
7.274002048095879174e-05
5.220492455314350647e-03
-4.083223929508418559e-03
1.071342648493373451e-03
2.618273420342446568e-03
2.710759304720232856e-04
8.173368956022431658e-03
1.165506125972791407e-02
1.385075720849027713e-02
4.606419948909323131e-03
5.060738102852222788e-03
2.484425073664942810e-03
-1.864766017295918510e-03
-1.861228195287495521e-03
-5.487092715805958832e-04
2.547410692677840385e-03
7.697415862127600199e-03
6.257171376807282165e-03
2.352015956359799348e-03
-6.583412943378103357e-03
5.047713480247017180e-03
6.578848344846837705e-03
1.083395889319232856e-02
3.182921367544249390e-03
-1.392750820216580310e-03
-1.308568561972980925e-03
9.734570646291832233e-03
3.921783538494205690e-03
1.105955160290905855e-02
6.781638479538065279e-04
-4.680393053562526082e-04
2.893116794411612711e-03
7.304569516062523783e-03
1.108918895634026982e-03
-1.209827328721884906e-03
3.282936510985115519e-03
5.571247067955473371e-03
-6.267042533214813027e-03
9.433263106591999875e-03
-5.131637008651435995e-03
1.204766648393110207e-02
-1.890235006971980377e-03
-1.975483874100697089e-04
6.633561697454441915e-03
8.936169946472866110e-03
4.246954115212062163e-04
7.539370048639733833e-03
2.095651733840393424e-03
8.344823124302917046e-04
7.032378695208191949e-03
-8.148425760174936609e-04
3.451723838034339263e-03
5.676822430824348190e-03
-7.048391580898897765e-04
8.938519352458040856e-03
9.797693870686359496e-03
6.915306252981475582e-03
-4.178364000613698712e-03
1.846053812133225530e-02
4.144537650356197936e-03
5.207753857642002417e-03
