0.000000000000000000e+00
0.000000000000000000e+00
0.000000000000000000e+00
0.000000000000000000e+00
0.000000000000000000e+00
0.000000000000000000e+00
0.000000000000000000e+00
0.000000000000000000e+00
0.000000000000000000e+00
0.000000000000000000e+00
0.000000000000000000e+00
0.000000000000000000e+00
0.000000000000000000e+00
0.000000000000000000e+00
0.000000000000000000e+00
0.000000000000000000e+00
0.000000000000000000e+00
0.000000000000000000e+00
0.000000000000000000e+00
0.000000000000000000e+00
0.000000000000000000e+00
0.000000000000000000e+00
0.000000000000000000e+00
0.000000000000000000e+00
0.000000000000000000e+00
0.000000000000000000e+00
0.000000000000000000e+00
0.000000000000000000e+00
0.000000000000000000e+00
0.000000000000000000e+00
3.661132315704752373e-03
5.209917550879170078e-03
2.198285584578736455e-03
2.703700389672758324e-03
1.305966057733376658e-02
5.942668337607352573e-03
1.693607570517342321e-03
9.384700066780842301e-03
1.094688050597799993e-02
1.749960425036998016e-02
6.329443171869226017e-03
1.045980951127264795e-03
1.425161259469950002e-02
2.671489493367278437e-03
3.067286996287353629e-03
6.878658515581414536e-03
5.511646053481003516e-04
-1.076237294171050816e-04
-3.719458299204835092e-03
9.604088529866721888e-03
4.092178317791071371e-03
-2.043425423029030397e-05
4.429493870913197087e-03
4.150287715241875175e-03
3.899341244299241605e-03
1.112968415461977091e-02
-1.145744853095792114e-03
6.669223344147949886e-03
1.063762325368269000e-02
-2.117935815070530101e-04
2.764584861436212345e-03
1.126910027005302226e-02
9.561498195615917434e-03
-1.842397347227820023e-03
3.377308008679487990e-03
3.476029848784066090e-04
6.201391234280645773e-03
-1.342905140121983167e-03
6.108479971122873515e-04
7.303218180121910652e-03
9.887063462670256896e-04
2.192206393199599979e-02
-8.035278763502341944e-04
2.816195362855146173e-03
3.838535139513105619e-03
1.769184303865007409e-03
1.435928624173869869e-03
1.324045159716990975e-04
1.541516711188359139e-02
-2.014823110297580318e-03
1.023222463357997651e-02
1.011453013417286211e-02
1.308281164162052555e-03
2.754474966078003864e-02
1.003348195524561386e-02
2.336498455698433896e-02
1.836579933978782150e-02
4.734786038332857577e-02
3.397338194928994914e-02
7.075886357580805225e-03
5.329543972139444419e-03
1.523840973050124246e-02
7.194358558677170154e-04
1.067422999267080702e-02
2.280023458231914685e-02
3.795674197505176373e-02
6.083004211272016737e-03
6.805024889193512887e-03
2.275621025479066147e-03
4.260686917444099497e-03
2.927950437911999368e-02
6.668753609855178864e-04
7.775765958840965414e-03
1.031181632307865033e-02
-4.081216607871081953e-03
1.436559056559272990e-02
1.787845677531883781e-02
2.580706432332519930e-03
-5.476174093800047476e-04
1.648266943366240994e-02
1.705654145037008252e-03
2.819379493444527755e-04
1.663548476736641593e-02
-3.812621149838749893e-03
8.278024492388375011e-03
1.127581929505118256e-02
8.395052627805942068e-04
2.890246823650122893e-03
4.796856549300062634e-04
9.377549418100769932e-03
9.271680377044668950e-03
1.211301559575323709e-03
1.942099455444671469e-02
5.297912910835768027e-03
-6.852676211144861397e-03
3.913638885752322716e-03
-1.628702167810167772e-03
1.572500028127953378e-02
-1.836060143950309607e-03
4.096446429153207877e-03
-3.947945107601053515e-03
1.341859667386304140e-03
3.256661288839225862e-04
-4.576536787854977844e-04
1.608463883670765288e-02
1.526928557980409369e-03
8.477985602268251278e-03
2.390950592204624942e-03
1.493872678198543760e-02
1.934140106214201271e-03
-1.985374799129782674e-04
-6.445875212423502615e-03
-3.204456745248400484e-04
3.460852042450157477e-03
9.279462456141005650e-03
1.329285874318449773e-02
2.387122281954615240e-03
2.437962823517953164e-03
-6.570700087038934501e-04
3.716609648255752522e-03
-1.063430459005854783e-03
1.918613369034189494e-03
4.004718072002970419e-03
5.028870040826060803e-03
4.314508720269712681e-03
1.215614268617528151e-02
5.375386779948165307e-03
6.374408222177571724e-04
3.922203467549775779e-03
-4.268845896736322629e-03
3.767541234825097312e-04
1.043716887477981817e-02
7.304362976024653467e-03
2.595067480081373473e-03
1.113856073207680764e-02
-7.406031036646255027e-03
7.398943517033530412e-03
1.511829737374176599e-02
7.002708594609136084e-03
8.154375056081918788e-03
3.196834845798263852e-03
6.181956664913084397e-03
5.941535195090144952e-03
2.768550165612338777e-03
1.002170902552197533e-02
1.171465924314456751e-02
6.699739516705696153e-03
3.327496744811514647e-03
-5.673997935342037398e-04
3.761123822877216784e-03
9.519188235864693703e-03
1.033989495831796760e-03
-1.578439365375757051e-03
1.138772024600129620e-02
2.786159994821737866e-03
5.439619964173922698e-03
2.085190860992892220e-03
1.443813964155049373e-03
8.727923944962582420e-03
-4.898001206215046258e-04
1.715517634395522309e-02
6.524410997155494045e-03
-6.545708837297078801e-03
1.124533135652317807e-02
1.008931438575255560e-03
2.073653223192102341e-03
9.520043993675645841e-03
7.872991047541463144e-03
1.135681499446866824e-03
1.457138783788059161e-03
1.908471212074583498e-03
7.618219995700586077e-03
4.543871649287565227e-03
1.505363994142110660e-03
6.582262413570713448e-03
4.228084706299880570e-03
-4.671722644141272987e-03
6.900449946462158986e-03
1.325664538129743553e-02
1.106362235993392420e-03
2.334824492914575576e-03
4.837593531848438828e-03
7.228977598959776020e-03
9.064485393569011312e-03
1.405991756217899596e-02
4.325552666803413569e-03
3.653027345061686786e-03
4.581511537628125096e-03
1.558855807816614605e-02
2.610597313372304325e-03
7.482432719680905814e-03
1.644674959597604118e-04
1.984420060270214101e-02
2.670379994123280292e-03
4.586403521665905966e-03
1.363394862983185974e-03
1.009778352496075275e-02
-4.597142168377225599e-03
5.211182348267705440e-03
1.239246099628409786e-02
1.211904706535305888e-02
5.888417012993500330e-03
1.005626647688871028e-02
9.149730499944629114e-03
-6.712424473993422458e-03
-1.829238117086201152e-03
9.609749421825941693e-04
8.704428187568927135e-04
9.541551191722411063e-03
2.801650964783653722e-03
-2.007631676241408746e-04
1.208081496860376148e-03
4.773056185838970428e-03
1.098163673412762926e-03
1.306081206677432499e-03
1.286283472273187616e-03
-5.201587968271601924e-04
1.183055028561646235e-03
1.403115930572848905e-02
4.281156817144005609e-03
-1.036163180601628589e-03
7.319139702492928959e-03
-3.804277517590030737e-03
-5.287501928917808132e-03
2.682305055816461541e-03
-1.672561381803306345e-03
-3.941039786136432774e-04
6.438771609864033007e-04
4.038766452641066179e-03
5.739171597700334915e-03
2.941936017759301872e-04
2.286238718118393642e-04
9.176271663777281788e-04
3.077079246433128603e-03
1.671112949197803635e-02
3.255675842844387574e-03
-3.862376128101600772e-03
-3.657178366589967445e-04
8.776284319790278107e-03
-8.372575428493301761e-03
1.244751766993690105e-02
2.343075464459191178e-03
8.722406395781765256e-03
-2.030322537323461969e-03
5.921505384302985786e-03
2.288253577070522952e-03
-9.138429696582792312e-06
6.719807827748700696e-03
1.188111631938647186e-03
-3.152845739979889903e-03
1.723534173016696112e-03
3.288914293055917194e-03
1.851782304961079994e-03
1.917840937001643676e-03
9.653682370629388526e-03
5.159809810297238605e-03
1.098686241014161513e-02
6.069045809001161543e-03
-4.824360276505599426e-03
6.750282983673991030e-03
1.148255353585780165e-03
1.176198854528675945e-02
8.483888460167005388e-04
2.023362683483863160e-03
8.336798781150275839e-03
5.046860187746315257e-03
1.268746079684884408e-03
3.463350824060545084e-03
1.254584334884321114e-04
5.465523637397269423e-03
1.683867751160401808e-03
3.817805030857444708e-03
8.634696759119025317e-03
3.811977418157189677e-03
6.681609006518984817e-03
9.790042078249475144e-03
1.996902861589609172e-03
9.315382021103065999e-03
3.287746535937258359e-03
2.019666321209180604e-03
-1.055405557891836606e-03
-2.849051831229790742e-03
4.800900212440326054e-03
2.453785744979061073e-03
3.447812122795826210e-03
7.466378099958708922e-03
7.005057895671294374e-03
5.453963285029762853e-03
6.549709114614761171e-04
9.124669039336643500e-03
-5.324673385881131121e-03
-2.018910590448562067e-03
3.679287762852603404e-03
1.271228358890841292e-02
7.570947092587657773e-03
1.264357135569636270e-03
2.253775846430604822e-03
1.200783039151861499e-02
1.044306066957811918e-02
1.173499516335594337e-04
-9.146613733570577165e-03
2.329125603686927476e-02
-1.795845876808307290e-03
6.164246126836837002e-03
2.136415599597213909e-03
-2.041000960533513250e-03
-2.423032615132424041e-06
5.241650089157910003e-02
8.284301143866180245e-03
1.948618948878279300e-02
6.733372388539217782e-03
9.332689350983754129e-03
2.138456534452963173e-03
4.613311030064533476e-03
-4.580662110314231809e-03
1.902943147464440871e-03
1.522166104345347437e-02
-1.391308350856347185e-03
3.007598876942329299e-03
-9.272532817985613268e-04
1.357303531404547604e-02
8.868748010268229925e-03
-2.054090992310475278e-03
5.493759400933471287e-03
6.333466182475859345e-03
4.154358360085203331e-03
4.610142082454511334e-03
2.969645597134111178e-03
3.846402417629037323e-03
3.362512906184483581e-03
5.583746849446096470e-04
5.765635233492411027e-03
-2.559129189002671417e-03
-5.398955542456181089e-03
1.306489437613389884e-02
6.633557457954186720e-03
-4.247847277400382954e-03
2.770206666552192665e-03
3.022016423049020710e-04
8.619143922466196428e-03
-1.979347215324384415e-03
-5.735423053050929879e-03
-1.960948817448509175e-03
3.190126280498672192e-03
2.701228759057295713e-03
1.056087754624670909e-02
-4.170130919960381502e-03
2.592408650793325952e-03
1.712752426831982977e-02
5.074989681722603951e-03
5.478375695935829535e-03
3.262987210759265254e-03
4.940625497142540380e-03
5.172580951570130391e-03
1.695721662576130800e-02
4.529210639974234724e-03
4.003761520314524751e-03
7.877472698591630670e-03
-4.007797872167553899e-03
9.079579651479255040e-03
6.233147918477698925e-04
5.047637857600983068e-03
4.806771767377507505e-03
3.670582103515072740e-03
2.601742045821693432e-03
-9.508411556312404379e-04
2.080269236967355068e-03
-1.232307661843460439e-03
2.454115375811716585e-02
1.416114315075356215e-03
2.593400602861202844e-02
6.272769606296217312e-03
3.335087493308202394e-02
1.181885334766185659e-02
3.592492633108143596e-02
1.794739627472552793e-02
1.340481424883202977e-03
1.164450007373290727e-02
8.358835170685273430e-03
6.404149412367902451e-03
2.131233448433614286e-02
1.235860066668412888e-02
7.284401051618887360e-03
1.310727485890036959e-02
4.822138015329452236e-03
6.181043665663988121e-03
1.304146848009280456e-02
9.140029673161100682e-03
1.024659637892197210e-02
4.426746615523251792e-03
5.750224642370904693e-03
2.141400864970698092e-02
-1.642360581888845095e-03
8.056597947975112015e-03
9.124064350126883521e-03
-3.600709900367830753e-03
-5.685695198809639916e-03
6.624051219550495563e-03
-6.012539792635346152e-03
1.656150520508723259e-03
1.752465416769550003e-03
5.420786883765073630e-03
4.805911121797039852e-03
2.232737981762419888e-02
4.510159340720669430e-02
3.448599013023738447e-02
-2.056943350926103160e-03
6.900288438437082728e-03
8.497458676193093974e-03
1.324538955004960633e-02
1.372031414097844848e-02
1.645828753114945628e-02
2.519289197289639130e-03
1.303019621687489908e-02
1.564764008246739141e-02
1.408703621880787399e-03
2.067885268340852178e-02
1.271419939439993006e-03
7.739635839617673048e-03
-6.428793541944324841e-03
3.788604582956296186e-03
1.608906604073337583e-03
2.693627602889419031e-03
4.957310861837831498e-03
3.993209367008217171e-04
1.436274025344372665e-02
1.283509903260614780e-02
1.537620669758540254e-02
1.020992486028557238e-02
2.606613318789212028e-02
6.852030189295884796e-03
5.447333710877628847e-03
9.055686019851788907e-03
1.669775938120852607e-02
9.607159223997676842e-03
-4.506348923073168547e-03
1.385502341638449909e-02
-7.399780687823744041e-04
6.357094873036036459e-03
-2.699827899376095863e-03
1.528069546022178121e-02
-2.014427226351609822e-03
1.477289128805748088e-03
5.683642290399130992e-03
5.390031914701174168e-03
8.230884665233993702e-03
2.059455562747667876e-03
7.169708605807885958e-03
5.584817264696748627e-03
-2.632824702989428577e-03
2.592038567177009159e-02
1.038763147345214428e-03
2.860139291045441998e-02
1.132814468179790075e-03
1.310649870069114514e-03
-6.357540586792009146e-03
9.685646695458072220e-03
-9.550120672374283904e-04
1.393545794925017504e-02
1.020179940883693924e-02
5.313275871661824433e-03
-5.512481829125459544e-04
-2.201737553287482722e-03
1.317663382971827161e-03
1.365058099391053964e-02
-2.867345647073687043e-03
2.393553288394205392e-02
4.840346736538730758e-03
4.728337586024724832e-04
-1.008163112826007506e-03
-5.251475202033614904e-03
6.396449667187893706e-03
4.089553660419296618e-03
-4.111933752105273801e-04
2.467021779484891361e-02
-3.480415412443133624e-04
1.863342380751122724e-03
-3.145045146438255144e-03
2.846802072715234715e-03
1.417554527897704232e-02
2.940279361359090723e-03
5.740672108343555530e-05
1.458591821213716571e-03
4.666047894948721457e-03
1.183893678013428659e-02
5.609987676016834832e-03
1.075771490100583053e-02
4.207998192010619330e-03
-1.955642079121617301e-03
1.584614412093037286e-02
1.526129799359806196e-03
6.695209248226972540e-03
-6.368082140156135565e-03
3.723796934322653671e-03
9.764315297560988843e-03
5.493125854202854028e-03
7.893464446060300885e-03
-1.818670390105734920e-03
8.460348430096903752e-03
-2.291803443931250944e-03
-2.728715862109563038e-03
3.287298287193505218e-03
4.588253562062016323e-03
-1.653160502254275802e-03
2.244803007822939421e-03
-2.758835464339767004e-03
-1.230728235889686200e-03
9.130577629728192299e-03
4.069132161822770939e-03
2.333258287332546158e-03
-4.260448837142164847e-04
-3.684906720817655509e-03
8.465345433128525221e-03
-8.876145146070503131e-03
4.394443281812334366e-03
1.925563297555270715e-03
9.469691150925842052e-04
1.345987067039281469e-02
2.807172552835020089e-03
9.495797255210920371e-03
1.451066602083008437e-03
-5.265701886803764338e-03
2.867583882796211070e-03
-1.083720641407711488e-03
3.032811785016540761e-03
6.540298868507432150e-04
2.395380430479737699e-03
-6.554060293770969797e-03
7.449452355593987052e-04
-1.330284372886416343e-03
9.231294495771836042e-03
1.459852815806323562e-02
5.094246396839317674e-04
2.538661135256787323e-03
7.101423855450595063e-05
6.162603643005122242e-03
8.539356470481724443e-03
8.261185370007972928e-03
1.986415594449564281e-02
3.245670049365900235e-03
9.132529910129482537e-03
1.125934787883530602e-02
4.689264156413594162e-03
9.952812574802938003e-03
8.893684039523876150e-03
-2.207368477796573490e-03
8.248677113055295426e-03
-3.283987196946867491e-04
-5.393904827297201811e-04
4.996996445806179809e-04
9.316771011539078454e-03
2.404593506541097270e-03
1.284972616763863269e-02
-5.914478730393826940e-04
4.094075566685746043e-04
1.483346870815749341e-03
-4.141862678172205303e-05
-2.724555577452953976e-03
6.151925901608380765e-03
8.950235167821684462e-03
-2.196110627498537701e-04
6.001114454748542743e-03
6.979568668499851192e-03
-2.300816052634371703e-04
3.657421359313242030e-03
1.225780305165720049e-02
1.883405950733287124e-03
3.508819307879262276e-03
1.988331125174680816e-02
7.396729247149555486e-03
1.014832228825689360e-02
6.716888028143052844e-03
-4.089072591557670923e-03
4.011716312208815248e-04
1.199415016965400338e-03
-1.405316160140094748e-03
8.993980503013188771e-03
2.087412327451044006e-03
1.781562701301558915e-02
-1.264183270429916194e-03
4.447123462733954327e-03
1.658596906562597589e-02
6.262255561336226191e-03
-2.842465982784263441e-03
6.960370274424019545e-03
3.452512091982663268e-03
8.429507884655340448e-04
-1.098060213923328365e-05
-1.091749306388412402e-03
-1.864338169490546704e-03
4.399784052887233989e-03
2.868779720347051660e-03
2.139162518028378535e-02
2.227493764076379952e-03
1.293470988307754768e-02
-7.579895765759977685e-03
-5.392139870786126152e-04
-5.808550093769956207e-06
2.553266158296746413e-02
-1.710343501546404471e-03
1.124713401821380090e-02
-1.316981402009206360e-03
5.809693844988177841e-03
3.140526723509169931e-03
1.533636426227849136e-03
3.706129898620496438e-03
5.889247407498741579e-03
9.532322732213757699e-03
8.255719461053861877e-04
1.771389853289537068e-04
1.585842930503203853e-03
2.336448514901277949e-03
8.260259478574763850e-03
5.561077550457573827e-03
4.203185823957601708e-03
6.230964771458482460e-03
8.720837889263774109e-03
1.533349959275591944e-02
2.363816488959091452e-03
-1.608007851696963662e-03
1.632412671626137053e-04
-4.212050608474654512e-03
1.488891316027782935e-02
-1.530223164609463039e-03
3.228041752365855450e-03
-2.215636266123873800e-03
1.302181731214149688e-03
1.662428888085773840e-03
-5.662931103216808752e-03
-4.158824639746907560e-03
-4.711873929740228485e-03
3.044058314958001613e-03
-1.669331300977904735e-03
5.795930751562834889e-03
3.049636495723897361e-03
9.580709371286832629e-03
6.769270593961435566e-03
-1.762892781104025489e-03
-1.756014298079402493e-03
2.582459407800465762e-04
-1.901206246081659293e-03
3.246168969347788466e-03
9.187646701513157294e-03
1.363371758714168039e-03
-1.122114008011554538e-03
5.832242826939006489e-03
-2.169708952932686546e-03
6.640200546876133536e-03
-2.089616655603686660e-03
-9.693545959378968655e-04
6.544751133035377547e-03
5.570523291837544549e-03
4.045239715128174512e-03
4.048191656795623559e-03
4.582829658796248851e-04
-6.135789091194247466e-04
9.075999860107973518e-04
2.230293384862215502e-04
7.764429748107335404e-03
8.182601307915552281e-04
8.346889457082382058e-03
1.540230073963248575e-04
3.189612638318684457e-03
-1.051776991608059642e-04
-1.195446539672634454e-03
6.106411263553640674e-03
4.914423293806335392e-03
6.406919043943982636e-03
-6.108076484558143220e-04
2.789632214705778986e-03
2.001635783090104353e-03
1.288965631066761337e-03
2.134303816733298335e-03
4.725347227986501824e-04
3.439968065915146450e-03
4.945217268181872558e-03
9.088178855561949987e-03
1.236666984397590766e-03
9.155254605141599847e-03
1.222861296766498311e-03
5.175458246203751798e-03
1.675366782382617858e-03
3.379411982648957563e-03
2.097916415889717646e-03
-5.699023307136107455e-03
4.982958975544854322e-04
1.371012755269209252e-02
5.671200683376812109e-03
1.145427840087457315e-02
8.710453180379843820e-05
-9.464600405418386458e-04
1.227877218965628013e-03
4.897570302769382877e-03
1.807986605111477777e-03
-2.071595941911292312e-03
1.339809323912987543e-02
2.341534640605681932e-03
4.850071977237917394e-04
1.000986047034994886e-02
-1.922221525359254363e-03
-4.619005409098201958e-04
-3.758257971216282835e-03
2.249986230623344900e-03
2.449646069676057226e-03
3.130455470866670611e-05
3.550902494571503746e-04
3.116469121347554584e-03
3.362241157315963829e-03
3.889890791879259228e-03
3.426515933033184988e-04
2.795915195043516006e-03
1.151677380790200192e-03
1.814526454755649486e-03
-2.254480266402773651e-03
5.125667525464262797e-03
-7.962333517993958748e-03
-1.473806194016950106e-03
-4.783472388074464475e-03
1.885763774593722649e-03
-3.650187626291774676e-04
3.285365386674955670e-03
3.790644366939175357e-03
9.885355167697166667e-04
1.008260980000780065e-02
1.458791219977840711e-02
-7.292462598593367137e-03
-1.793476155402664923e-05
-4.607030017194339725e-04
2.550866181824269774e-03
-5.739581837754052221e-04
5.830051287349888832e-03
-4.491827122934723485e-03
6.195032771238788601e-03
2.993606245565146127e-03
-2.209575749826991811e-05
4.635664485976037467e-03
-9.000761186702592540e-04
1.817167395845565919e-03
-2.578255251927502514e-03
1.483508580734113711e-04
-6.669557470264909048e-04
-4.071597799211800622e-03
2.188765044682675596e-03
2.552877489368652643e-03
-1.718199685897521187e-03
6.219201193276272313e-03
3.627889517206109131e-04
2.017119326574490267e-04
1.921890663759343596e-03
-4.803635171030743931e-03
1.702258313932991261e-03
-3.434546295599693287e-03
2.082452605331026451e-03
4.536146925831058534e-04
-4.453519116532943418e-03
-1.534245251157366659e-03
-7.211931847280042334e-04
-7.355341642744120563e-03
4.125865796899214413e-03
-2.377028311309668362e-03
9.298836770233610827e-03
6.409449586756285275e-03
-6.170272175160806949e-03
-7.091348567733806937e-03
-3.443487326098381221e-03
4.822705879238787185e-04
4.907491499972079299e-03
6.249870889410580159e-03
1.072270633553328890e-03
4.127990315402557155e-03
-7.597919621239757624e-04
4.552835736908864527e-03
-1.845137268497872539e-04
-8.695182196123407963e-04
1.614122377419111758e-03
1.267381391659975218e-03
-1.168814671936492348e-03
-1.246318090709558736e-03
1.470439491259353543e-03
-1.625953654710018698e-03
-8.832366457066295751e-04
3.498271509114498235e-03
1.757488956253007526e-03
-9.819117168403438366e-04
3.185109220947506155e-03
-8.384920910723661549e-04
-4.311890193708240067e-03
-3.651860832957002246e-03
9.242486972726877623e-03
-1.135825705309046764e-04
1.090044283769644150e-02
-3.912038941609690020e-03
5.874052023121303099e-04
9.237035310930150761e-03
5.483987280131640690e-02
9.761108638732439446e-03
8.831329022146611543e-03
5.638908615066863528e-03
4.448544364642173683e-03
7.319023792558789453e-03
7.138226625857038189e-03
4.071444315863272621e-03
1.678834256061831343e-02
2.503756551037077289e-03
9.334617558929916153e-03
4.893064832112581884e-03
9.315470566872624536e-03
4.592559755451620929e-03
1.166298790950521039e-02
-4.376299336059000884e-04
1.206730763329568650e-03
5.431774110654832843e-03
4.515916877685267374e-03
6.941059867290227774e-03
5.511745669323303565e-03
1.546158238397912473e-03
4.743101953984435286e-03
3.476885956898765825e-03
-2.696183922305541401e-03
5.846488808870331337e-03
2.891629659118649578e-03
1.097236182605740122e-03
7.065718762314252867e-03
-3.263205598009610939e-03
-3.684046350455059786e-03
5.215941892799862666e-03
5.784156780799846152e-03
-9.201076458689185465e-04
7.671490235515055801e-03
-3.855605448460278258e-03
7.639483173414835307e-03
1.358466572499848974e-03
8.368980352546863052e-03
4.232840785898661987e-03
5.401530003510211959e-03
9.773705244729394455e-04
5.268747019373939793e-03
2.071409924596251308e-03
3.357326875325518552e-03
1.066521896424119792e-03
1.199651409424925402e-02
5.715570245079711065e-02
-3.221082269169622033e-03
8.744104839279146987e-03
4.298463557814015228e-03
2.755706554779448550e-02
4.906059899123223732e-03
2.521785312143775062e-02
1.855867747079436485e-03
-4.602942479128875955e-03
5.377219578102814673e-03
1.941585587614217496e-03
5.899464813563125819e-03
7.047124876666844250e-03
-2.275622003788021260e-03
3.047342449686824342e-02
-2.670238654339971221e-03
3.844364539502263898e-03
2.471884270954345479e-03
-4.820314702348380866e-03
3.597450979548423144e-03
6.633793827344740268e-03
1.908205819252935254e-02
1.421492403435613804e-03
-5.625552901337748171e-03
4.039419718403091178e-03
3.214506279513600529e-04
-5.168753480586700533e-03
-2.116922088947709689e-03
-2.205543459130261718e-04
5.970609146452345029e-03
-2.447363759398836491e-03
-1.941725620943555736e-03
-1.219265971210768684e-03
-4.327958927492161871e-03
7.212392298770400542e-03
2.022236584801097477e-03
1.201336020759974539e-02
1.486459716753580186e-03
4.280720703051924848e-03
1.549542135400205564e-02
2.302573625482122292e-03
-5.128129954696298079e-03
8.597894979678958856e-04
3.323237972580402651e-03
2.349728651181571051e-03
7.484581224040246124e-03
1.627353886874250474e-03
6.927376125263820864e-03
-1.475947811982513368e-03
3.378172220753508821e-03
-1.277833413889942855e-03
7.711189826932058657e-03
3.354421567921228933e-03
-7.452337313551036548e-03
5.268190233317979372e-03
1.607744017084071280e-03
-8.329077537833986383e-03
2.755592732894542648e-03
8.232911211564462872e-03
1.803187004415572007e-03
-1.144804447939882369e-03
6.729584348161418358e-04
1.955809710154928285e-02
-3.170172740947292418e-03
8.641233893628965865e-03
1.308701466353804537e-03
3.889697747406964997e-03
2.127915275108648724e-03
-1.183127891332463530e-03
-1.122734679152511154e-04
-2.019775340616737636e-03
6.647167291485406825e-05
8.949910881389622902e-03
-2.398704416384395913e-03
1.730742933796784104e-04
8.451832663388463354e-03
5.927304868318178203e-03
3.164228393949521708e-03
-2.289718901699811220e-03
-2.862602403902665769e-03
8.272751254893344558e-04
1.244709860447519752e-03
2.962244296232950224e-03
1.127132741181877985e-02
-8.688423571677561866e-04
2.128475245521151268e-04
-2.282097359400565156e-03
8.228416162192874264e-03
3.274993820790787682e-03
1.346408329206343502e-03
1.129051643783183720e-03
3.646189718618067814e-04
9.911944920485732564e-04
-7.523690630641470013e-03
1.641671600654855210e-03
-4.111239560262224674e-03
2.901363163331188971e-03
6.485960621302080779e-04
2.134263580000843753e-03
-1.026544116510651194e-02
-5.567933304322801504e-04
1.100681734263392114e-03
1.570794167966726822e-03
7.993105088031441860e-03
1.246696633780628284e-03
-4.181036794513375184e-03
2.735212062534881673e-03
8.789064667251210092e-03
-3.193456977478578446e-03
-2.802986140344740969e-04
2.377292648687827446e-03
-9.635576053496526516e-04
2.356260033076045587e-03
-5.736001456537725279e-04
1.328449851957989175e-03
8.073781552085364330e-04
5.161486905546723396e-03
-1.744422231708290876e-04
1.825562034644558030e-03
2.000880758695519623e-03
8.102667044932411120e-03
7.689949348620958233e-03
1.087156539156751076e-02
1.612641945198574952e-03
1.773406565615085959e-03
-5.990976807320061784e-04
-1.035385212699949271e-02
-1.059814298927864084e-04
5.170651663194979035e-03
1.291190765206202008e-03
2.807568087355949600e-03
4.832464800719647128e-04
-4.961459272047327035e-03
-5.007407117732319947e-05
-2.145122460557578794e-03
1.583464799406145845e-02
4.317592124739116910e-03
2.198036491366967948e-03
-4.764689786204083510e-03
-3.353186206657803037e-03
1.694916364566498822e-03
7.344605307219065869e-03
8.217315800922959240e-03
-2.374806052570455506e-03
-2.239861112150820857e-03
6.530132581362277019e-04
3.179737626905211525e-03
-2.392090874669540283e-03
-2.137559579400320070e-03
8.573330273467511323e-03
8.120672050327341907e-03
-1.930107170621456984e-03
6.801024021012840471e-04
8.439707900569293902e-03
-1.171013353796062154e-02
2.080558011576087891e-03
1.522936438647620565e-02
5.960168840296228496e-03
2.046227883646144826e-03
-3.396450863992817905e-05
6.309065006319310512e-03
-5.458368057225794316e-04
4.133510927687491891e-03
-1.827200642612785862e-03
4.598168014048272662e-03
8.392818917638142362e-03
2.156500644066141562e-03
2.275198350181229911e-03
3.113587047779654924e-03
1.134030965361379440e-03
9.990162849039933325e-04
-1.621549661713512017e-03
-6.260266929688731823e-03
3.111421047236717207e-03
-1.864555708296824566e-03
3.676410591297870657e-03
4.319085309304367126e-03
9.174351995488977786e-05
5.101508597854650592e-03
-1.864751792215180171e-03
-2.200236878651388138e-03
-1.184095529507207638e-03
6.156509268561292242e-03
5.523560433055322780e-03
1.647031789246019857e-03
2.935044363524361589e-03
1.772805277812160556e-03
-1.150422854378841016e-03
-3.860143601151328277e-03
5.116975546211860633e-03
5.434995334121224368e-03
1.108026349596915022e-03
3.906378176866883399e-03
2.472911270802631133e-03
2.951056386015403314e-03
1.667315223366697911e-03
8.749211572718127924e-03
3.334210321191818146e-03
-3.722721657086423049e-03
9.388753339433555598e-03
1.331457421210417973e-03
4.822189100574953910e-03
2.408676730665968921e-03
1.154690145587803501e-02
-2.953459165571742373e-03
5.360694497890408855e-04
-8.886346916236902149e-03
-1.155512749655851316e-03
1.345438027221099956e-03
-5.313521988314728536e-03
-1.866520900517207879e-03
3.751546298934665350e-03
4.859159469051459179e-03
7.065656435084757304e-03
-3.520454217284151727e-03
3.408942872974630393e-03
4.101682607046340003e-03
-3.179535793817724488e-03
5.995261924288362854e-03
7.781860937000822454e-04
1.330796726763163081e-03
-2.980671825537660642e-03
1.036774939939724000e-03
-1.996567142409811247e-03
9.301452593242005851e-03
2.235733516781679246e-03
6.823270191074152363e-03
6.851746182500711296e-04
1.991977407272367551e-03
8.275686276477329292e-04
-3.700322949708403529e-04
-3.480032446672019775e-03
1.767058401738578989e-03
-1.547587480295964033e-03
-3.134249426142137612e-03
1.658793250986267996e-03
9.236749095766584377e-05
7.053037843767167962e-04
-2.371009299948740635e-03
2.033759510703716784e-04
-1.805998419774480649e-03
5.397923679182399341e-03
-4.580277557837459821e-04
-8.158642905075196450e-04
-2.894698262443256599e-04
8.675106078494809747e-04
7.396624320771697479e-03
-1.405108880851283154e-03
-9.115793117175656404e-04
-2.859149713142627915e-03
3.830038997559367161e-03
4.095406974971863012e-03
1.917304044843164221e-03
-3.209746600059955150e-04
3.148702034692846003e-03
-7.428366813262037623e-04
2.063573495720596486e-03
-2.788573084174571855e-04
2.658285393479788931e-04
4.870205764971244182e-03
3.903238287174116798e-03
-8.980236018600999161e-04
2.172704674780574427e-03
3.083997528859304220e-03
3.354569362165221377e-03
1.215691567233356286e-03
-2.450402179557321231e-03
2.296439256471053542e-03
-3.833977470329946562e-03
1.570396523492059325e-03
1.308788678075204631e-02
3.125224363932354102e-03
-1.500147393395485039e-04
2.537704401977127801e-03
1.813080273560953304e-03
1.383225097354647210e-03
-1.903051311146735335e-03
-2.276287383735222519e-03
1.032081115563624656e-03
3.997091723799093069e-03
9.604066451035175866e-03
1.131455605228142954e-03
-2.698651225014086184e-03
-1.149514613474354133e-03
1.284682256393315097e-03
2.853138100928633361e-03
-8.480935779014522370e-04
1.661512108612478575e-05
-1.919570233389438201e-03
4.074062191012916244e-03
7.058945722390373928e-04
4.184351086368925249e-03
-3.580623395648646450e-03
-3.316496863027401112e-04
-1.389692620486441188e-03
8.507805268315106906e-04
9.926406111823488001e-04
-2.673131024764847431e-04
2.630654404132115425e-03
1.827385046806300969e-03
2.028012162548395361e-03
-1.214895432886121604e-03
1.446741362151205161e-03
1.420490718894031491e-03
2.919919301800787039e-03
-3.169483759524672171e-03
6.749592441584261566e-04
9.880091963128346741e-04
-2.449957168550823908e-03
2.952069308031979571e-03
6.089424059890726458e-03
2.877468030593412565e-03
-3.619858930120632527e-03
1.691755718852222838e-03
-1.774602306360932623e-03
7.115610253374943066e-03
5.681691988586745450e-03
1.500948623703451728e-03
-1.713753505955399256e-03
1.324180947694159755e-02
-3.944439612204218848e-03
-3.510386107175714806e-03
5.243542030854093060e-03
8.826762103609898588e-03
1.275079971997864284e-03
6.793040834847184628e-03
1.273728749946978663e-03
3.880628507211039344e-03
-3.027988145404612950e-03
8.244867701459020551e-03
1.341787169089210356e-02
-3.088020215737989453e-03
-2.105041816248230235e-03
-1.569352606552306632e-05
-6.671685100942974147e-04
2.436472760975989327e-04
4.723194037704799356e-03
3.261493671056125455e-03
-4.377017789861688615e-03
2.174419371467118701e-03
-1.132005962091117224e-03
-8.874941921821978465e-04
3.583504279821687032e-03
2.183967169497652225e-03
-6.612320428654879477e-03
1.898777962360534725e-03
-3.358297654627091138e-04
-1.630681551079280660e-04
-8.278610918571452024e-03
2.534453938823401928e-04
4.682546333235169597e-03
-3.953715102020655819e-03
1.039075242582698051e-03
-2.594735435023578281e-03
2.117688432862416541e-04
1.864379890046266239e-02
-4.636036158737487194e-03
2.355124973397970840e-03
-2.167395371079855991e-03
1.522630548137114334e-03
8.461025355067533157e-03
-1.042858565503548742e-03
2.282126922076625763e-03
-2.554235486254259700e-05
1.506758078175829928e-03
5.826929542087551719e-03
-1.611088227447549179e-03
1.396136020006537738e-03
2.939716254110900169e-04
-3.458992067904538906e-03
6.154725630082897962e-03
3.098743387599014673e-03
4.281870796772073787e-03
-2.189811462031353555e-03
-7.043550503744024777e-03
1.625463541861972127e-03
-3.244712031807543001e-03
1.117858554604436554e-02
1.316362718012120160e-02
3.255230087596152136e-03
4.657808635841398023e-03
5.990065588561026451e-03
7.238723950958721133e-04
5.870134089934171163e-03
7.699022776769437644e-04
9.096449964797019561e-03
3.314083991530523271e-03
3.696378881978271396e-03
7.157291127993081065e-03
7.697048777026383945e-03
8.625289360145896138e-04
-5.123624937302419940e-03
6.575248657992190798e-03
4.261021537229773941e-03
3.706853247538379956e-03
2.627119884388797681e-03
8.653279738462598195e-03
1.339850677484774773e-02
2.975285191974527677e-03
7.507384411932284049e-03
8.145547382909755496e-03
-3.834943913643725616e-04
1.054427657731804059e-03
1.039922389890749962e-02
2.004199071079636012e-03
1.226350414435530174e-02
1.709809826463953332e-03
2.069839906200591475e-04
1.042645285760412759e-02
4.567188600638882726e-04
3.559152467120451583e-03
6.331907069791996301e-03
1.391680501866265299e-03
-4.291609467854678658e-03
-2.437558173993460524e-03
3.315171962902365051e-03
-9.477061350547224877e-04
-7.165034413188978287e-04
-2.196115961755621543e-03
-1.976555070051871595e-04
1.352438193065987103e-03
6.303893901635919438e-04
6.330660917759682810e-04
3.545595114007226746e-03
3.776194939598918280e-03
1.329616148207389548e-03
3.642066782742127851e-04
-8.421191275857907877e-04
-4.180187343885439361e-03
-1.681886066305475491e-04
-1.913388447695300344e-04
-3.178098388634598755e-03
8.645926611983070081e-03
2.774859364846114437e-03
3.808658490320936335e-04
-6.765783730319764556e-04
4.442111449885547542e-03
4.995640182339215751e-03
1.874472306601856694e-02
-3.388472887640814704e-04
1.103582880931701544e-02
5.204652281819968987e-03
3.689406882198392572e-03
8.126657867425727405e-03
-7.493731375001983028e-04
2.816054736995407537e-03
1.527586600511260991e-03
7.217057492241653500e-04
8.503584783647936268e-03
-5.861644524372268752e-03
1.683855183089697264e-04
6.057768250868870866e-04
5.986177548787025883e-04
-1.296573620291175712e-03
1.230416617592427521e-03
1.576521118186411828e-03
1.145397620248362258e-04
9.561990981137533660e-04
-8.907714456285851937e-04
7.071948528033214151e-03
-4.129467160871761605e-03
2.818378453758178890e-03
-7.157231794105267230e-04
7.131182781107982781e-04
-2.649180810306771446e-03
9.978037081630858687e-03
1.278048940742643452e-03
3.308150289434087527e-03
-6.700227746383945540e-03
-5.920985079236770927e-03
8.148398329260081495e-04
5.178146317721128711e-03
4.961104680174013501e-03
-1.032833908920984412e-04
2.185792842268978182e-04
4.279199004963933801e-03
4.234145637589717924e-03
7.797276690911245436e-03
-6.304049441331752764e-04
2.973818222856982902e-03
4.556752078410639811e-03
-5.365056341007938892e-03
-1.204827085894097285e-03
2.133348662520334789e-03
1.035502464147634817e-04
5.900039447760338507e-03
3.053372478441528960e-04
3.251856947256269101e-03
-2.116476309276056102e-03
4.438317250033159758e-03
4.221575248708162552e-03
7.315164517496253183e-03
1.219968971011552508e-03
3.162194821169160130e-03
1.633775644109440551e-03
-7.997527501019288491e-04
-3.642824601618971890e-03
7.645393354162033361e-04
1.890092416170754226e-03
1.074149696977596234e-03
-1.576383946044962632e-03
3.137636513881447015e-03
1.633076522732179823e-03
4.452409169921909063e-03
9.838170518606597151e-03
3.116892786472542053e-03
7.046703768050173238e-05
-2.626694080016811483e-03
-3.195565832253213865e-03
1.714713439631274441e-02
-5.313302029306384358e-04
4.617018084227123183e-03
4.198068410988506144e-04
2.793252404422911367e-03
-6.103100074572166342e-03
-7.759185343460396449e-04
1.296008452938390496e-02
1.332946413428179842e-02
3.479848435825143131e-03
8.870213489076073316e-04
5.308795010256045846e-03
5.475247779245433731e-03
4.623423404356859397e-03
-8.021786923628839577e-03
-7.676920652389754036e-04
4.748714714051553362e-03
4.177117641907234988e-03
2.166734214104825904e-03
-6.531237812938957103e-03
6.932571695701206065e-03
4.664832393022805106e-03
-2.911486459943298747e-03
8.994721815418712813e-04
-8.908272930301009904e-03
1.050081965809962622e-03
-2.601716991471186412e-03
7.908732305173068371e-04
1.162738386633255109e-03
1.338434243086178074e-02
5.463178100702156641e-03
2.537160189313274476e-04
-3.595700033792708500e-03
-1.523377194003138228e-03
-3.903524005686961115e-03
-2.399417483935328485e-03
6.242835243620472284e-03
6.594464612949084252e-03
1.342338436739584162e-03
1.182675609140738070e-02
8.683812755370136621e-04
2.172828483842784847e-02
1.202633501710402043e-02
2.222137635735069953e-03
-9.651279277609098491e-04
-1.216918642140561377e-02
2.327582279724866882e-03
-1.551663119237857219e-03
3.095221923854271509e-04
1.006286690784355398e-02
-3.559809940933555180e-03
2.402447116937434391e-03
-7.766793872827568168e-05
-2.568603675668629151e-03
4.535096275312978757e-03
1.226134352236477564e-02
5.261186851046447885e-03
4.398859821921520183e-03
3.240284176395296332e-03
-1.001994788770696129e-02
-3.376316922874149687e-04
7.373095835206862087e-04
1.394760870241622134e-03
-5.354873914962504644e-03
-9.287366586993161133e-04
8.708725985987583740e-03
-5.672131937304941088e-04
2.391031881497705444e-02
5.981573723401946430e-03
1.887804918962385659e-03
6.467499380448620341e-03
3.281240817376674095e-03
-1.538750644125561669e-03
1.006230624813619782e-04
9.871228527269476465e-04
6.367811246286742867e-03
4.430054064221623789e-03
-2.540494794423067606e-03
-4.091492944901579248e-03
1.716074045810381038e-04
-3.083994137639579046e-03
7.422440215871056691e-04
6.934900160742074084e-03
-1.153222978987320652e-03
-3.261401941381440826e-03
2.165082847600676742e-03
6.494603281988466266e-03
-1.075878560374172142e-03
1.442584905340188678e-04
-2.215074013160840075e-03
-1.754224155374181811e-03
5.832004633620826170e-04
3.659030536896630634e-03
5.518079378835070471e-03
2.203969360654200581e-03
1.178378821163058882e-03
-3.015813861524677120e-03
1.091532925615499097e-02
9.398078299400071389e-03
-8.856837947784038535e-04
2.226239613943638198e-03
2.413540699639198182e-03
-7.626119386134270605e-04
-4.569143094253907966e-05
-1.150971464780895827e-03
-9.871368458644147557e-04
2.933506776556031072e-03
1.406469264978141027e-03
-5.866272797427631806e-04
1.951193808176256324e-03
-1.999256944554197481e-03
1.686845796618863941e-02
1.903692688781555026e-03
3.165704051625246700e-03
6.186776769823252621e-03
-2.708005362764574547e-04
1.381164951955959029e-02
-1.948267098332308279e-03
-3.621434271597202825e-03
-1.017335979378741588e-03
9.371766164866722829e-03
3.504579689196313155e-03
3.906564920361275429e-03
-5.559429941984316351e-03
-6.418910056139408120e-03
1.763967081012084376e-03
5.127884053212496997e-03
-7.999444263639811023e-03
4.283821142769400625e-03
2.244568472605288408e-03
1.350224467780162911e-02
1.100994344251285785e-03
2.570056632818676617e-03
3.785958576808971972e-03
-5.200236178774310034e-03
7.997867809897655101e-04
1.832017156597592336e-04
1.710983859545266161e-02
-9.670899883927859889e-03
2.331706835405883069e-02
-2.786830325766539301e-03
-1.655664565165472632e-03
-2.505210276506762701e-03
1.165237362360840292e-04
3.645081950464279432e-03
6.573455445454737950e-03
5.966074123413336872e-03
-8.492464608588356709e-03
-1.073083297119104169e-02
1.835343693084587140e-04
5.789468802645851564e-03
7.723945782429186835e-03
1.396027954348869667e-03
8.116512676270400128e-03
7.532492113874373913e-04
-3.278477932257898826e-04
2.952399916686018408e-03
1.892368033619706499e-02
-3.075900760193331796e-03
-5.438080651383032232e-03
8.130555445926689051e-03
1.071887283233196285e-02
-2.610379283282620796e-03
-7.154952055477196635e-03
5.388895314613137075e-03
-2.592457854724145895e-03
-1.677673168037596826e-03
7.569662507690493817e-05
6.748004515292611687e-03
1.214289466709768915e-02
4.772998078003407203e-03
7.602318700777797172e-03
7.327764275636830700e-03
1.708366018260326202e-03
6.044305745385047772e-03
2.369133992501026506e-03
4.465282173184708867e-03
1.018368235138544103e-02
1.440146567712743140e-03
-4.708085318991776444e-03
9.494030683019884231e-03
8.707569493109044989e-03
4.110256059976204407e-04
-3.368449705975699697e-03
1.233842139283665949e-04
9.806181176930051091e-03
-2.757191328812957313e-03
1.755763913398853326e-03
6.928562034228416197e-03
5.345335436447817661e-03
2.652034796344400307e-03
-6.656257883082237169e-03
-2.178041285402244290e-03
1.053706030362129738e-02
-5.454806588472364132e-03
6.907385395237120203e-03
4.939986322580931094e-03
6.056161238311488608e-03
7.728497598784819442e-03
1.723801191807755291e-03
-1.522792504201075231e-03
-1.227928985323605568e-03
-3.462059467372905971e-03
1.015973892647683598e-02
2.473689952385670163e-03
1.499115390666214739e-03
2.783709401099571622e-03
-1.311000721068993242e-03
4.471773123717817308e-03
1.877631891387824929e-03
-7.455556673632468719e-04
1.544555486799117916e-03
-4.652214863902986476e-03
4.179811262667173892e-03
-2.464958569103906853e-04
-8.892547707134908783e-04
2.817848557747194751e-03
-8.764486305945883363e-03
4.327877286381733371e-03
8.925704907359586788e-04
4.708183971014800150e-03
1.606575273168340656e-03
3.854665974656093855e-03
3.134747148486339771e-03
2.805113237266673894e-03
-9.618992005583451056e-04
2.872583510481830152e-03
-2.460673168069622916e-03
-6.637312274796523456e-03
-1.221667610579700147e-03
-3.437601605376648314e-03
-2.957206281410456120e-03
1.115345620503486925e-05
-9.712062570867268643e-04
-2.212546002692548680e-04
1.615628819390464016e-02
-2.978967518835167871e-03
1.966765615347121875e-04
1.520487936145178270e-02
-4.082307199427595394e-03
-4.178674261984409270e-03
1.238026946711733023e-03
-8.254506615517976428e-04
4.219384716166302979e-03
-1.442766787410589046e-03
4.436384199540822915e-03
1.060571575423057680e-03
-5.120098817010061178e-03
7.456988469280376175e-04
1.098414168087753252e-02
2.170136745194717331e-02
6.275350596613092982e-03
4.646004126713761465e-03
1.425554331382355815e-02
7.993009456872130977e-03
1.083255453274509228e-02
7.296826620185814993e-04
1.640564966142486931e-03
-5.731422494201492135e-03
4.384843043470066336e-03
-1.448567184315026346e-03
-3.155962388332033417e-04
4.886462182525363150e-03
1.036390882274733707e-02
-3.152081302600874633e-03
2.063343982083431106e-05
-2.571366772120693180e-03
-1.366378024512551834e-03
5.239147243493961527e-03
-8.609274586633963722e-04
-3.191880778242243456e-03
2.615413478239327072e-03
5.883952442602226156e-03
-2.490927234453646152e-04
2.818953784628177011e-03
-3.647174245983455382e-03
5.770027063959644710e-04
-1.151693123252142507e-03
5.732124601142754832e-04
3.883231917159910961e-03
1.965035722808491404e-03
5.000182788043947522e-03
-8.021149065428688062e-04
7.753075856996609859e-03
2.589289409709129297e-03
4.723673189084742936e-03
-1.555145139707522859e-04
-8.759207599005440492e-04
-1.425853830863663824e-03
4.720437405429468714e-03
1.541169880053164243e-03
2.782116755748943087e-04
2.712698794730936808e-03
2.557287131516746380e-04
-2.072791632785611713e-03
9.259778811176512005e-05
-4.353944509443975069e-03
-2.296508189200244937e-03
-1.772500683011680404e-03
6.657572285211445229e-03
1.156772760475871520e-02
-3.578516360735555478e-04
3.484997269114581842e-03
1.990544040067077081e-02
-6.115456492472306008e-03
9.457225226401431983e-03
-1.815162455190791248e-03
4.212327965527864343e-03
2.001128494134585267e-04
-1.256029283716611922e-03
1.346310647358535352e-03
8.459191459851262557e-03
-4.298346039792194477e-03
7.999031569061237565e-06
5.141995685855562347e-03
1.793512466255433929e-03
-9.444033886391202523e-04
5.775647848458876146e-03
-3.863756397657516599e-03
3.261841669352010149e-03
6.838822862225695833e-03
-3.793871400985879792e-03
6.713664219950695941e-04
1.716401886777475013e-03
-2.703042779746726940e-03
6.784084963382956864e-03
7.271298133559737963e-04
1.930161420628929373e-03
-5.308737883452867290e-03
1.781068785057443333e-03
8.459869146972595622e-03
2.424913820388460185e-03
-4.022414765097672915e-03
9.981887686435026927e-04
-1.460544131509841897e-03
-2.977263449315341293e-04
6.709614587278681444e-03
-3.581094762618973340e-04
-3.219089476973304234e-04
-1.872145588285961800e-03
-1.587262154097978176e-03
4.429362768480286407e-03
-2.040945197183961606e-03
3.664344387634328216e-04
9.516458353955327062e-03
2.759857482876194434e-05
1.427866596239775986e-02
1.238288460511553779e-02
2.065668425151964346e-02
4.939928425541252090e-03
-3.905364173448484452e-03
5.884639403700467038e-04
-2.613392330214023632e-03
9.846544732636753824e-04
-4.075238482551219593e-03
2.168945404362982148e-03
8.021301179411641571e-03
-9.897043595265349498e-04
-3.905793772519826172e-03
-8.740763120156193940e-04
8.127314148878232725e-03
3.047365609443996801e-03
-3.163137279317870809e-03
1.003309373757979616e-03
-5.112534457977646217e-04
-2.606824132708089950e-03
3.211199158904809101e-03
6.361597367197067109e-03
-6.580460577073293880e-04
-3.040232452097118340e-03
8.592469570406014237e-03
7.195238588058545937e-03
-2.015331043174921517e-03
2.346107546800636724e-04
2.021538675705221184e-03
-1.627316501462623341e-03
-2.184651004726000535e-03
-1.214619638236156315e-03
4.415271031437590504e-03
-2.377284099986626958e-03
3.228918881384557679e-03
-6.491664079532261274e-03
6.840412192782573467e-03
2.751493252628350351e-03
3.590139073163355152e-03
5.617358894974134979e-04
-1.429951578440491521e-03
4.529147628158034129e-03
1.223702509119152125e-03
1.284679835247279269e-03
1.830547227692396048e-03
1.913830763605939376e-03
-2.370427209835339138e-04
1.185940327409186425e-04
7.130097836702425397e-04
2.601182446898962341e-03
1.329995672947176114e-03
2.939109243745797063e-03
-6.501062019425732884e-03
3.601144968489602451e-03
-1.100992200245022243e-03
6.388284500790569753e-03
9.232608367484778722e-04
9.693922855113788805e-04
1.947864786136987644e-03
4.056638838008469472e-03
-3.799116133707180262e-03
5.559599321266777208e-03
-3.121013908502602097e-04
6.935919333184523833e-03
-3.995804506865752864e-03
3.359066849310022879e-03
2.343391851956604446e-03
1.954359491914904341e-03
-3.098151157427227447e-03
-1.147900649954246006e-04
1.321467444010083689e-03
4.043568595548478577e-03
4.739920493429464719e-03
-3.197593866454273223e-03
1.100600744037374653e-03
3.260770580950982708e-03
-8.966672756745102529e-03
2.413596714115534125e-03
-2.613475182022965797e-03
4.910903444483433449e-05
-2.895500554551617804e-03
-3.552182972703365853e-03
-3.298270652599811061e-04
-4.152987614329229867e-04
-5.649593630106624059e-04
1.204293976214387309e-02
1.058874282108519718e-03
1.801756213135982665e-03
4.184640408145012466e-03
8.925300439882381115e-03
-1.145047119860107898e-03
1.197319825007947341e-04
3.605390434670949391e-04
4.561172892179519989e-03
-9.184369635006038590e-05
-6.794065408352698184e-04
-2.038048513271213062e-03
-9.501521859849726545e-05
3.604646516486747555e-04
-1.700012146391530069e-03
-1.239701846827343228e-04
-8.001364904927669650e-04
8.656090528712733715e-04
8.578960927762278085e-05
5.281415781384015025e-03
6.087894996909207906e-04
2.958178974511754171e-04
-3.001609322486106964e-03
-4.878729121196731522e-03
2.073323871907344681e-03
7.819821259757518250e-04
-2.056237159430914798e-04
-8.291656471027643652e-04
-3.999943017673156503e-05
2.486205315313838853e-03
1.469311244912360412e-03
-9.104293725109307732e-04
-1.967682491783741012e-03
1.799613475648593032e-03
-2.828929865340197494e-03
-7.277568606824417422e-05
-1.186982718035913334e-03
-2.280211570575390624e-03
-2.262260043671620452e-03
-1.521893107251092196e-03
-1.008797414395532725e-03
2.119113990062604976e-03
6.126720415150482130e-04
-1.051983487103115046e-03
1.368270668997974455e-02
-2.191330249898379347e-05
5.470453397283519571e-03
3.452870217876618467e-03
-3.588360543754237023e-03
3.111716626852464515e-03
-1.298244879194098214e-03
3.909531141870629771e-03
-2.124066606038573141e-04
-1.181459507141582356e-03
-1.207476202270390945e-04
8.899064871537745551e-04
-5.584213266918878690e-04
4.705640113247862993e-03
-3.117872737686612581e-03
-3.745392243139515631e-03
4.783654264163599013e-03
1.007774917028247518e-03
-1.115261638520717840e-03
5.833340416978965472e-03
1.785041995517427840e-03
-8.396801343821983865e-04
5.484472401951204744e-03
6.176200440657239610e-03
2.654427281775856556e-03
2.036966713297610945e-03
-1.181831062849046004e-04
8.525076986260070495e-04
-1.209278581581007574e-03
3.544971559251859725e-03
-7.498719386097607922e-03
-1.750383529696496296e-04
-5.792063579769547547e-03
-1.010159960444684127e-03
-1.625959427821755624e-03
1.475251591575060328e-03
5.333893048124593861e-03
4.275659569236703143e-03
7.345869431812731935e-03
-2.612945704585904576e-03
1.115491185497180038e-03
1.348792928533128557e-03
5.668013546880800585e-03
2.777296560892099104e-03
8.558878465010060638e-04
1.898652546433480951e-03
2.656228443541702668e-04
-1.328764540416463552e-04
6.113619186518194810e-03
-2.079951819639852106e-03
2.050210905438673917e-03
1.798273536681145135e-04
-3.876669746006442723e-04
-2.991236506785197556e-03
-1.158524347882561051e-03
-2.888422525743572673e-03
1.075438614980639722e-03
3.995184302779534666e-03
-1.297736886575258809e-04
-1.796374025277506755e-04
-1.108965683979041975e-03
-9.485177408267894119e-04
-9.810795116123545434e-03
8.614738179587595052e-03
9.035863383004607294e-04
1.039326727136094313e-03
7.159333384745864438e-04
-9.589978334031458180e-04
1.931064319193856807e-03
-2.673460914247617181e-03
2.298908929257686973e-03
8.471013616573061164e-03
-2.026718775784500711e-03
3.938567641963405634e-03
5.263994009731901187e-03
2.864727713426032298e-03
7.521864455415866110e-03
-8.714235308059705429e-04
6.864226907635145175e-03
-3.685622259005064301e-03
3.235147357704954481e-03
3.565834208230859569e-04
-3.130980288055251748e-03
1.947792871902555636e-03
6.025085772254700845e-04
-1.840650619653905543e-03
2.004214580411847746e-03
-5.985173253195565091e-03
-1.856388815421695059e-03
5.587695694101797901e-04
2.555155518274194754e-03
-2.435083306621862662e-03
-3.405772296110350702e-03
1.190833449982556724e-03
3.773635062379629792e-04
-2.525352477942657478e-03
4.240193982100529113e-03
-1.472365748014046864e-04
1.146744632866568067e-03
1.795251162763353454e-03
4.158671541566589386e-03
5.778025621699826170e-03
2.089889161338318296e-03
-2.459540066601719767e-04
-4.200509833075312567e-03
-3.251539246467721571e-03
-2.361286667355098901e-03
-1.788094512614894381e-03
2.809018764826444730e-03
-5.939752896960870561e-03
-7.581591053101228214e-04
-3.056214897306057388e-03
-1.569774281821072681e-04
-4.593579772891824738e-03
8.780396409304421293e-03
-1.018623940589202196e-03
-1.203339418297774124e-03
5.849858649809544162e-03
-3.426228535242016203e-04
-1.188434828190262828e-03
3.649091218977420213e-04
-4.496353271973954450e-03
-1.005427186537999167e-03
1.380802801145622049e-03
2.409479357863222523e-03
3.582521146630017884e-04
2.991477019635447980e-03
-2.341844844676045732e-03
3.019610750101139451e-03
1.589758939879563101e-04
-2.279074126073791021e-04
5.650951906698310594e-03
-2.392806048475925457e-03
6.184698094828323988e-04
2.759192043103120186e-03
-9.343106503642260603e-04
9.127547259900078633e-03
-1.131410668091232738e-03
1.760166948624861030e-03
-2.056041514094934146e-04
1.514174821244797069e-03
1.160326269176065758e-04
1.190230626060976302e-03
7.556214223431566984e-04
5.263086776913728166e-04
-1.889144624558213026e-03
2.333266379053508272e-03
-2.917464729005370214e-03
-4.793016787939163772e-04
5.621383285816501305e-03
-1.394044071679690060e-03
-1.316972577077440325e-03
-1.364001832438804188e-03
1.978202866874954717e-03
3.506497366697741962e-03
-1.490014873434430584e-04
3.697050828614076561e-03
1.925117380444746080e-03
1.218826117619103283e-02
1.554019851867166667e-03
2.773305184379997596e-03
2.960337760390366509e-03
8.129487163080689272e-04
-1.268807931365352080e-03
1.001767340020169334e-04
-1.743586940860601762e-03
3.603657769630979300e-03
-5.147005940041701668e-04
-3.349586172667488372e-04
1.457040682956538052e-03
3.084073644767577980e-03
6.926493002692168683e-04
1.492402793329588098e-03
6.924462663207281779e-03
2.249107942345248139e-04
-1.485478385301023437e-03
-4.559411269028305902e-03
-6.080928339900070097e-03
2.142900417572946373e-03
-1.601767177291732545e-03
5.247861550606215501e-03
-1.431783273346148942e-03
-2.087645414552750586e-03
-1.020190897759297444e-02
4.507944537034443665e-03
5.871652833639194775e-03
1.086159318671615220e-02
2.115212220365367875e-03
1.540505597968891589e-02
3.742541701166206963e-03
-1.739972212504622409e-04
7.236605740152122004e-04
1.996970616160807527e-03
9.718196849987014926e-04
-3.410378756260942909e-04
-3.008420029097797019e-03
2.545841284716513896e-03
3.410782453548795966e-03
8.808580930138983078e-03
-2.900057207449464880e-03
-2.684484340616030175e-03
5.809624857425341009e-03
-3.085512588180266969e-03
-1.145664901553325281e-03
9.972972746069060784e-03
5.591407606445900286e-04
-7.572708111897256261e-03
1.774355070590658131e-03
9.831203502518146183e-04
-1.013297194037379723e-03
4.809619793428840211e-03
-4.423508061900064542e-03
1.275846309087559118e-02
1.026140417047168713e-02
1.011516804249300294e-02
1.037582732015354149e-02
1.055392971055935970e-02
4.405750418262770716e-03
6.139049356525683697e-03
3.948757693078370525e-03
-3.549399146229821177e-03
-4.350568096184218004e-04
-6.398720714233699196e-04
3.544227502878758221e-03
1.708976289426793584e-03
4.331403093321506068e-03
1.093517281180165536e-03
-9.479366504384030339e-04
4.582803065691479910e-03
-2.235913714973471016e-03
-4.748828523091958714e-03
1.907966063259902397e-03
3.899447571894995666e-03
8.166944671716238821e-03
2.897019668471983739e-03
6.088562189461870292e-03
-1.578403435749890522e-03
-2.711601512992149309e-03
-2.796013877759791905e-03
-2.484254760579844741e-03
-4.919937037220079544e-03
2.633368957514787157e-04
-2.342232361800260405e-04
-1.505585213169328583e-03
3.680280619743643306e-03
-1.264870229443052852e-03
-4.375112166833016597e-03
-3.703504405794925698e-03
1.196675622303963911e-03
-1.149549446795487904e-03
5.257726697087392910e-03
-6.729479694661577409e-03
1.479716295874262217e-03
4.908661438819449455e-03
-3.462725981971185186e-03
-7.377123836179652616e-04
-7.223478538710545113e-04
4.557082903763408355e-03
-1.851216539602039196e-03
9.556157231017596565e-03
-1.258427595192506939e-03
-2.462451027228907113e-03
6.962004790367191769e-03
6.194291672497637645e-03
6.206190901241752551e-04
4.183034155046226263e-03
3.846457903762700702e-03
1.047999399523321089e-03
-2.648429888374749085e-03
2.458345430514091842e-04
-4.737410134426929932e-04
-1.118763752451422400e-03
9.174429863698537607e-03
2.026630538200157802e-03
2.066504010090818629e-03
-3.949288735171704347e-03
5.759578723897524830e-03
3.105556076394566656e-03
2.207858813907817488e-03
7.440071289260912456e-04
-7.684440043014521479e-03
4.068881698042806604e-03
2.539038339177566213e-03
-4.118210794588937802e-03
1.910738971787893415e-04
1.046581536963736483e-03
2.908873343443538987e-03
6.034290316231274119e-03
-1.275953166474290976e-03
-6.549278659038587982e-03
4.730314830201271664e-03
1.138427420470219855e-03
-2.936381143286757086e-03
-7.756804508316478925e-04
-1.434732797575500630e-03
1.901716342718502359e-03
2.808298854810243293e-03
5.850215511620540610e-04
2.644130082351876798e-03
6.154346875139146689e-03
5.286242036385498805e-03
-1.513585974552015493e-03
1.179914311684933511e-03
2.732202597420484158e-03
-3.486554401511885587e-03
-1.212503321363956037e-03
3.008032528914341037e-03
-3.746119492755767624e-03
1.647210706082501358e-03
1.262005713502289874e-04
-8.767127987973746860e-04
5.445844496817326894e-03
-1.569490132245632405e-04
2.309137029610643967e-03
-9.539779563056365388e-03
2.527814262970426874e-03
3.549160770003183165e-03
5.357156520464844904e-04
1.983997756522100104e-03
1.207536404568385893e-03
-5.223589332985028276e-03
6.858180813812570463e-03
5.923190431942832249e-03
-4.965109818601731208e-03
3.840200336544052819e-03
-8.822066827593528365e-03
7.721538129868998381e-04
-2.019727553956374936e-03
5.962885734643102661e-03
6.671034808401125719e-04
-1.529045057359880878e-03
8.965231792362035514e-04
-3.066774918832855697e-03
1.694737804559900019e-03
2.721634295482663630e-03
-1.895148363108235682e-03
-1.368177755416320686e-06
2.878328721476504717e-03
1.690644812256454632e-03
3.953626051020065792e-03
-1.305011491217322912e-03
-4.042425873733366572e-03
4.123342219979141132e-03
-2.900636247321936641e-03
-1.816230302313109500e-03
5.483267789604717550e-03
-2.766926289017375851e-04
2.112204246776694687e-04
1.032818981798608792e-03
-7.449287526760811802e-03
3.997968819201832419e-03
-1.494465396387241766e-03
9.309424657994109023e-04
1.312376002156866173e-02
1.173987805208127899e-02
-4.410106305024529515e-03
-2.822011555283812992e-03
1.036280921080799319e-02
-3.984034826381877004e-03
-7.707741082431868347e-03
8.125362648185558518e-05
-3.498688981888102741e-03
8.874659087295778482e-04
1.888444518801358357e-02
-1.145664075326080153e-02
4.677025997884863735e-03
-2.408836733178126854e-03
6.700517765270247797e-03
-1.891991909048748154e-03
5.548807738374135490e-03
4.625108133156759227e-03
-1.537382535772001749e-03
-2.619423473144116398e-03
2.785890859241465373e-03
1.891447529340538293e-03
1.052337238738444009e-02
1.198404721466032191e-02
-2.628204197839704558e-03
-5.497620546635090429e-04
1.796020640066771021e-03
2.928473152321861301e-03
-9.049328107880776290e-04
5.799427738737268634e-03
6.650508498340151550e-03
-5.858226129670605214e-03
7.859728115848341190e-03
1.250252964607418554e-03
1.413696180157833666e-02
-3.252448833579080992e-03
-4.507373736675235852e-03
-4.021449231300253981e-03
1.411267364549660501e-02
8.213174441423664500e-04
2.504189647211899940e-03
4.937784054515607923e-03
-6.514807937662203587e-04
4.186613436669799765e-03
-1.346238696630095658e-03
-7.966066781044725802e-04
7.302709733907760195e-03
1.069875481261816502e-03
1.084582788036268092e-02
7.324016048464342815e-03
3.486451044965351541e-03
-1.702384870535083401e-03
1.941666443438938572e-02
1.968592797776550461e-03
3.695268516238381287e-03
