0.000000000000000000e+00
0.000000000000000000e+00
0.000000000000000000e+00
0.000000000000000000e+00
0.000000000000000000e+00
0.000000000000000000e+00
0.000000000000000000e+00
0.000000000000000000e+00
0.000000000000000000e+00
0.000000000000000000e+00
0.000000000000000000e+00
0.000000000000000000e+00
0.000000000000000000e+00
0.000000000000000000e+00
0.000000000000000000e+00
0.000000000000000000e+00
0.000000000000000000e+00
0.000000000000000000e+00
0.000000000000000000e+00
0.000000000000000000e+00
0.000000000000000000e+00
0.000000000000000000e+00
0.000000000000000000e+00
0.000000000000000000e+00
0.000000000000000000e+00
0.000000000000000000e+00
0.000000000000000000e+00
0.000000000000000000e+00
0.000000000000000000e+00
0.000000000000000000e+00
0.000000000000000000e+00
0.000000000000000000e+00
0.000000000000000000e+00
0.000000000000000000e+00
0.000000000000000000e+00
0.000000000000000000e+00
0.000000000000000000e+00
0.000000000000000000e+00
0.000000000000000000e+00
0.000000000000000000e+00
0.000000000000000000e+00
0.000000000000000000e+00
0.000000000000000000e+00
0.000000000000000000e+00
0.000000000000000000e+00
0.000000000000000000e+00
0.000000000000000000e+00
0.000000000000000000e+00
0.000000000000000000e+00
0.000000000000000000e+00
0.000000000000000000e+00
0.000000000000000000e+00
0.000000000000000000e+00
0.000000000000000000e+00
0.000000000000000000e+00
0.000000000000000000e+00
0.000000000000000000e+00
0.000000000000000000e+00
0.000000000000000000e+00
0.000000000000000000e+00
0.000000000000000000e+00
0.000000000000000000e+00
0.000000000000000000e+00
0.000000000000000000e+00
0.000000000000000000e+00
0.000000000000000000e+00
0.000000000000000000e+00
0.000000000000000000e+00
0.000000000000000000e+00
0.000000000000000000e+00
0.000000000000000000e+00
0.000000000000000000e+00
0.000000000000000000e+00
0.000000000000000000e+00
0.000000000000000000e+00
0.000000000000000000e+00
0.000000000000000000e+00
0.000000000000000000e+00
0.000000000000000000e+00
0.000000000000000000e+00
0.000000000000000000e+00
0.000000000000000000e+00
0.000000000000000000e+00
0.000000000000000000e+00
0.000000000000000000e+00
0.000000000000000000e+00
0.000000000000000000e+00
0.000000000000000000e+00
0.000000000000000000e+00
0.000000000000000000e+00
0.000000000000000000e+00
0.000000000000000000e+00
0.000000000000000000e+00
0.000000000000000000e+00
0.000000000000000000e+00
0.000000000000000000e+00
0.000000000000000000e+00
0.000000000000000000e+00
0.000000000000000000e+00
0.000000000000000000e+00
0.000000000000000000e+00
0.000000000000000000e+00
0.000000000000000000e+00
0.000000000000000000e+00
0.000000000000000000e+00
0.000000000000000000e+00
0.000000000000000000e+00
0.000000000000000000e+00
0.000000000000000000e+00
0.000000000000000000e+00
0.000000000000000000e+00
0.000000000000000000e+00
0.000000000000000000e+00
0.000000000000000000e+00
0.000000000000000000e+00
0.000000000000000000e+00
0.000000000000000000e+00
0.000000000000000000e+00
0.000000000000000000e+00
0.000000000000000000e+00
0.000000000000000000e+00
0.000000000000000000e+00
0.000000000000000000e+00
0.000000000000000000e+00
0.000000000000000000e+00
0.000000000000000000e+00
0.000000000000000000e+00
0.000000000000000000e+00
0.000000000000000000e+00
0.000000000000000000e+00
0.000000000000000000e+00
0.000000000000000000e+00
0.000000000000000000e+00
0.000000000000000000e+00
0.000000000000000000e+00
0.000000000000000000e+00
0.000000000000000000e+00
0.000000000000000000e+00
0.000000000000000000e+00
0.000000000000000000e+00
0.000000000000000000e+00
0.000000000000000000e+00
0.000000000000000000e+00
0.000000000000000000e+00
0.000000000000000000e+00
0.000000000000000000e+00
0.000000000000000000e+00
0.000000000000000000e+00
0.000000000000000000e+00
0.000000000000000000e+00
0.000000000000000000e+00
0.000000000000000000e+00
0.000000000000000000e+00
0.000000000000000000e+00
0.000000000000000000e+00
0.000000000000000000e+00
0.000000000000000000e+00
0.000000000000000000e+00
0.000000000000000000e+00
0.000000000000000000e+00
0.000000000000000000e+00
0.000000000000000000e+00
0.000000000000000000e+00
0.000000000000000000e+00
0.000000000000000000e+00
0.000000000000000000e+00
0.000000000000000000e+00
0.000000000000000000e+00
0.000000000000000000e+00
0.000000000000000000e+00
0.000000000000000000e+00
0.000000000000000000e+00
0.000000000000000000e+00
0.000000000000000000e+00
0.000000000000000000e+00
0.000000000000000000e+00
0.000000000000000000e+00
0.000000000000000000e+00
0.000000000000000000e+00
0.000000000000000000e+00
0.000000000000000000e+00
0.000000000000000000e+00
0.000000000000000000e+00
0.000000000000000000e+00
0.000000000000000000e+00
0.000000000000000000e+00
0.000000000000000000e+00
0.000000000000000000e+00
0.000000000000000000e+00
0.000000000000000000e+00
0.000000000000000000e+00
0.000000000000000000e+00
0.000000000000000000e+00
0.000000000000000000e+00
0.000000000000000000e+00
0.000000000000000000e+00
0.000000000000000000e+00
0.000000000000000000e+00
0.000000000000000000e+00
0.000000000000000000e+00
0.000000000000000000e+00
0.000000000000000000e+00
0.000000000000000000e+00
0.000000000000000000e+00
0.000000000000000000e+00
0.000000000000000000e+00
0.000000000000000000e+00
0.000000000000000000e+00
0.000000000000000000e+00
0.000000000000000000e+00
6.867774144888541370e-03
5.563974477419409738e-03
3.737654911540265468e-02
1.145915297193714731e-02
2.377661432078711015e-02
1.721035745616483759e-02
1.148600890874209787e-02
5.524613985783587838e-03
2.795467150314193475e-02
1.513985247593452842e-02
1.867218442538308085e-02
2.637435610144152256e-03
2.481035810023472093e-02
5.779455788624397738e-03
7.000409463083881977e-03
1.350362919803670819e-02
1.350784094116569065e-02
1.406001606878575991e-02
5.697998802510577214e-03
1.579810115067798240e-02
1.893858428716339512e-02
7.192502530679035361e-03
9.337058160156331416e-03
9.913665273954609322e-03
2.689740439675677650e-02
7.755010330357927327e-03
1.104243901833654824e-03
2.150602233416539291e-03
5.758460810052153794e-03
2.771128686747189370e-03
1.045403060580456407e-02
3.158115654667328128e-03
9.450820136814332834e-03
2.212726870091403369e-03
3.449379978813676192e-03
2.366772690788303355e-03
1.359676542757265547e-04
1.140246899415753171e-03
1.327544709302390900e-02
8.764454877360010679e-03
1.519450179697767181e-04
6.327318515182129774e-03
5.242442121597325026e-03
1.007584191623671181e-02
7.118077237914285059e-03
2.685104397087488114e-03
3.590371966006592613e-03
2.964379348283987213e-03
7.969481977236915135e-03
8.961583353844454133e-03
2.118044120795418983e-02
5.158857376471451435e-03
3.397010478232333295e-03
3.971978351955380779e-03
1.857654842304539561e-02
2.920879003960083920e-03
5.407900369018145241e-03
6.549747888916993693e-04
1.011381885826894735e-02
1.219601745891834600e-02
2.120732160265740088e-02
4.151292037454808355e-03
1.119777141408064176e-02
-4.963061992051633932e-05
8.707572904259627475e-03
2.997690212497338639e-03
1.828962088768648847e-03
1.153805999727012047e-02
4.859274065730495931e-03
1.641536445294531363e-04
7.259550196237390084e-03
5.405761924855638501e-03
1.624858748754655791e-03
2.495337087027361261e-03
1.013999534227817689e-02
7.786194553872892617e-03
1.977257489789977993e-02
4.964797396564579746e-03
3.254191311231339340e-02
1.609730033043516723e-02
3.201813488156015144e-03
9.713205805573369225e-03
6.729560573445048273e-03
7.571323904302374765e-03
1.229514477050626560e-02
8.368498647657908462e-03
3.675708048597464347e-03
-4.239733889359898747e-04
1.814560021143207108e-02
7.604152176518420847e-03
4.533144290655996902e-04
1.483603946680249648e-02
7.640013978663959086e-03
2.824114480218296083e-03
7.567951254061947540e-03
1.656118382966556210e-02
2.456747197009957404e-03
9.223308230588816645e-03
6.578994434934243470e-03
1.382739103521701644e-03
-1.858655475363842546e-03
4.651257361714713524e-03
5.507545024442121913e-03
3.422298417613635346e-03
4.288848398884464140e-03
5.568861868946137737e-03
1.035220546751923487e-02
2.708218251585907572e-03
-9.850526757834042121e-04
7.709494017502812463e-03
4.952670571864576689e-03
7.347609967248122480e-03
3.902905149153808144e-03
9.780762130403181445e-03
4.756918081352317848e-03
8.900854074477099545e-03
5.285751452346103274e-03
1.413096382242326997e-02
7.492036670645092072e-03
3.965816291026333395e-04
1.335975878318790451e-02
2.038761734152214414e-02
9.636747353018858698e-04
5.334997231855861076e-03
4.954534540492096240e-02
2.384083792048306838e-02
1.638358224031165322e-02
8.896101180463744651e-02
7.833344680619639538e-03
1.985242491024954287e-02
3.059929873795292059e-03
2.302290332243348697e-02
8.399531978055924455e-03
4.627191949472728855e-03
1.782134362480287254e-02
-2.582383500844641529e-03
1.239548198349139582e-02
-7.849098756726971982e-04
2.717123232387241502e-03
5.060623153248830497e-03
1.272037791416865717e-02
5.188262154241759030e-03
5.404217412340168308e-03
6.768104978600477176e-03
8.835630457505148916e-03
1.483418639304081785e-02
9.241972708723339772e-03
1.541142991198712854e-03
5.940239172075132724e-03
6.734939133786112947e-04
2.714401153998428125e-03
5.801357972464372091e-03
1.413678667344933811e-02
1.106547144331306368e-02
1.060934158550557588e-02
9.997990588105474044e-03
9.496049028079117053e-04
3.120063325026544050e-03
-1.782610158179073149e-03
7.900469260628671664e-03
1.441004137471923454e-03
6.159995706363561967e-03
1.110796976303447293e-02
1.305311775510777615e-02
6.859636649090812902e-03
7.986827121578216407e-03
5.022093898632431531e-03
1.150650549758589283e-02
1.901566441887116155e-02
5.338205951250029647e-03
6.554883407175467018e-03
7.117322577929591915e-03
7.554830308136014326e-03
2.576602310892796635e-03
2.198464132765113807e-02
6.184680007826223735e-03
5.337697905670629392e-03
1.009712123420360153e-02
1.713420733361321197e-02
5.244053659640836133e-03
5.027434695503573032e-03
7.287841523582165235e-03
3.123415016633021828e-03
5.012344170953533622e-03
6.964275276530696585e-03
1.931264330411910967e-03
4.004481697883885936e-03
-2.258967268716289417e-03
2.703485123206353022e-02
5.031245633455275375e-03
4.079246099876760595e-02
9.742869995484312526e-03
4.598164735816002990e-02
3.108554346622532244e-02
4.319745559937823720e-02
3.614395335870559944e-02
1.342945226928751734e-03
1.127724984567200599e-02
2.013192681246368364e-03
-1.726083537656152890e-03
3.349946880483754830e-02
1.682949200626012234e-02
8.246198902852724597e-03
3.076870028541159319e-02
2.126803669750802067e-02
4.067669646911778805e-03
1.613798849268588062e-02
2.128738302454290243e-02
1.144888739949701841e-02
5.959942797560997471e-03
5.043142440652837594e-03
2.639065488319249780e-02
8.418393582011301710e-03
1.772822611716204019e-02
7.971675499213353930e-03
1.518162017432041211e-02
1.286937441281033739e-02
9.413382529405042026e-03
-5.312464546740217584e-03
2.856530674488902150e-03
2.112745517348008258e-03
6.173291767036441328e-03
4.535324922243355768e-03
1.577611225696982228e-02
7.681850839555649790e-02
5.309121570433610743e-02
1.133268705428078053e-02
1.890495466801228250e-02
3.628542256454033582e-02
1.444282005600147807e-02
2.539567394773594930e-02
2.057236257373746754e-02
1.221198084316323443e-02
1.401218568877236025e-02
2.331884106416302893e-02
1.426796883267310995e-02
2.323780038238558096e-02
2.820218165256366954e-03
9.915736654073480788e-03
7.188747115208067584e-03
9.645016434488567700e-03
1.607742463675803507e-02
9.915933649896931448e-03
5.569235315090919139e-03
7.601504405903782187e-03
1.119240276198253149e-02
1.426952089245053443e-02
2.346687198161071658e-02
7.997570746885764026e-03
2.695762866296260926e-02
5.563890860731033478e-03
2.535464297240564574e-02
1.977042111497351318e-02
1.322619149092792851e-02
1.093196116615667915e-02
1.965651100443739380e-03
1.003909791551895435e-02
2.805695214608593027e-03
2.677928700087122901e-02
2.934471137765211693e-03
1.282281767003439626e-02
5.160083309045143847e-03
3.429398080288836078e-03
1.495962800246129591e-02
2.987081227994150753e-02
6.578510831651038920e-03
1.590733314528630996e-02
8.984540801494066489e-03
1.247977654552312292e-02
7.953588311167641284e-03
2.862912791447959002e-02
6.522623584624812933e-04
3.100049144269690846e-02
1.048104558361053580e-03
4.566542822359579562e-03
7.259808310953861157e-03
6.934242406276511748e-03
4.280819193264733154e-03
1.943755915354012515e-02
1.183168671874976902e-02
2.241507367703883535e-02
1.476129421408033798e-02
3.813569506815318866e-02
1.020871255200852656e-03
1.038389864629001881e-02
1.301845784923364759e-02
2.607360139110680153e-02
4.247498245242160506e-03
3.419139644881180433e-03
4.158970570086466430e-03
4.687590336557914510e-03
2.625567277240791961e-02
8.307620011436995383e-03
1.139406870277324523e-03
3.146527708904936493e-02
4.960183005758208967e-03
1.085353423298148542e-03
5.090811642219096253e-03
1.897740071815569741e-03
1.533015914260471568e-02
2.480253932861891438e-03
7.486978180161669473e-07
6.941240728549668941e-03
6.319123236807065551e-03
1.225303162070896616e-02
5.180840677932469635e-03
1.448581713125293886e-02
4.940850115034428267e-03
3.262821812978844785e-03
1.858786148909923747e-02
-6.286202142039101250e-04
5.641019503128489113e-03
1.115964023949325701e-03
7.003673388594703481e-04
9.637446170252219474e-03
5.428643485086133945e-03
1.347860556738080841e-02
-7.391374950432873497e-04
6.793279073786629742e-03
-1.207219828576956222e-03
-4.221287984600244651e-04
5.596548907551422702e-03
7.028218517639656104e-03
-9.449911080502393888e-04
7.267068716772722781e-04
4.885375846427579896e-03
-2.560795766342761643e-03
1.236224440756240363e-02
1.606309509954862618e-03
7.628473280618511265e-03
1.302372398820568359e-03
1.742979772268959254e-03
1.507270490204308359e-02
3.278889559080731819e-02
1.114277519981533675e-02
5.969218045242580609e-03
1.273609461084044235e-02
2.520067094506497907e-02
6.751518169303086063e-03
9.464722776175819863e-03
2.734587079064057513e-03
4.742960734128839374e-03
1.807060028915583733e-02
1.410747058384118069e-02
3.489952533709589268e-03
8.031275254871553596e-05
4.170325499965590529e-03
9.666556557712214712e-03
8.221620246331142129e-04
6.544782488471190436e-03
6.669973072066463955e-03
1.169156316018154021e-02
2.418160551207040009e-03
3.001080967265805366e-03
7.000974368594238550e-04
4.275553706106981558e-03
7.275950853896936445e-03
6.393176739654114413e-03
1.651193905889902780e-02
5.494358397493175061e-03
7.767457126420010925e-03
9.114811886649634362e-03
2.535088940469772817e-03
1.175727423973792554e-02
1.203675771082443960e-02
2.525768809375675706e-03
4.420063364968351664e-03
8.415372422171259713e-04
9.212530001814318251e-04
1.344921826260085098e-03
1.350135703846164562e-02
-7.846354165126905467e-04
6.554202548437877002e-03
3.508853737765601794e-03
5.723453176286944334e-04
2.445683651241268523e-03
2.214798736036119667e-03
4.152774914155504468e-03
8.832439324852123588e-03
1.034126592101373802e-02
1.965310535647976989e-03
1.164637228445980499e-02
5.114151070974081587e-03
1.428794988055820695e-03
4.877106774800387019e-03
1.314809554638138311e-02
8.446593987407676959e-03
7.280650325611520007e-03
1.707042144356758773e-02
2.326005824774338149e-03
8.840302938960382939e-03
8.062060428458330680e-03
1.957559173761215694e-03
3.005849068590612030e-03
-1.183375443179650929e-03
1.236810269602042420e-02
1.342859678053327788e-02
1.827771143239737949e-03
2.221843198923540569e-02
3.458741806592187992e-03
4.982532756057444535e-03
1.716735944083473686e-02
1.058605462849691002e-02
9.231088977738586849e-04
5.679646820534477170e-03
9.586918022472296422e-03
1.791602301606406294e-03
2.718936099987755411e-03
5.927160224494723920e-03
2.272923847420872667e-03
5.093596958585870117e-03
3.342255644343742130e-03
2.553854119799362291e-02
4.765164783347140311e-03
1.286119502017928073e-02
7.423996702658687726e-05
1.437814382748393459e-03
1.435872864033571616e-03
2.696333884977866052e-02
2.598697262553689366e-03
1.468554700995075742e-02
8.092698546636085954e-03
1.042393359225027120e-02
3.599794806011317495e-03
7.684183285161118489e-03
1.282203325881974606e-03
4.779197392799925184e-03
8.300167675433914316e-03
-1.705261465186673161e-04
1.964688151422306576e-03
1.565846024230556225e-03
3.127117032950074964e-03
4.822097573957917667e-03
1.172369724025589498e-02
4.383716054043315137e-03
6.417397334376138789e-03
1.041242853510364677e-02
1.901331276267855322e-02
5.233002989210519540e-03
2.803691898442624633e-03
8.596674976369622634e-03
6.063170226428493681e-03
1.462601650711201767e-02
4.070661759869990438e-03
5.142786471395481562e-03
-1.949003387171237712e-03
7.751775720558170451e-04
1.461520071133619401e-03
3.142566644418798988e-03
-5.455155002761138266e-04
-3.239181470215310530e-03
4.476216490654378113e-03
3.248714634694943072e-03
6.112814474513681220e-03
3.738149491589022166e-03
8.173947028867846465e-03
5.158693250597787099e-03
-1.974461761609521381e-04
3.215450114885111746e-03
1.955223077490405009e-03
-3.894181335474392654e-05
6.191305977030065605e-03
1.768649467158141253e-02
2.075331558100734167e-03
-1.803177759520510496e-03
1.207335916947737710e-02
1.192292681477537947e-02
3.644902816590664656e-03
2.409922452942792320e-03
8.743427621229993242e-04
2.122583148925921356e-02
1.091790884212946039e-02
8.517039070609489296e-03
2.795329319470829174e-03
1.263107549959105024e-03
6.905985816037206459e-04
-2.911179562825843940e-05
1.618188541671620323e-03
7.832061751128176555e-03
1.170625501604725862e-03
1.117282571885676659e-02
7.959954903352722475e-04
1.885259164743968274e-03
1.471647749238166707e-03
-3.499714449961747022e-04
8.228655616403512951e-03
5.522418509962042504e-03
7.469257638564944825e-03
3.376664629115898406e-03
3.332914422941135862e-03
3.909790115501280208e-03
4.189857000938482755e-03
1.177772583959762337e-02
7.879914678936663849e-03
1.050084852255468628e-03
1.101022959140086476e-03
1.337857202797356447e-02
5.873393560717274017e-03
1.179433147743231408e-02
6.933340564564135318e-04
4.238163371996118457e-03
4.775564174236726980e-03
-2.482082287578382153e-03
8.007443699761362943e-03
1.014914037568712298e-02
3.140534828890183434e-03
7.571439304385785794e-03
1.017837143140656875e-02
9.933557050970289598e-03
1.631918275674206983e-03
3.604779466046448191e-05
-3.353249699185287345e-03
4.457887536172788247e-03
1.479283798220343196e-03
6.776172664041479150e-04
1.554201899752354413e-02
7.188296888275785661e-04
9.297344878831914064e-04
1.113457049194954175e-02
1.367163850247794495e-03
-2.945628573098463265e-03
3.014835683304023604e-03
5.634188886835358664e-03
4.845670245800215957e-03
-7.840459955977601911e-04
5.935439510890396647e-03
1.452547103084172054e-03
3.539304577783755797e-03
-2.225116053341647090e-04
1.847657346691994502e-03
1.950803986148249951e-03
2.447655501884545177e-03
3.525260031359249511e-03
2.579069151087707255e-03
3.902238242864092266e-03
7.301421885868398381e-03
1.896212037610361424e-03
1.050887246519964513e-02
2.839329178800261300e-03
-9.103666737409795828e-04
-1.060866955525102337e-03
1.713054680131555554e-03
2.860374220335842616e-03
1.110608894902135289e-02
1.393617683125986800e-02
7.359957870957485257e-03
-4.025136139465672097e-04
5.497409481145368098e-04
2.645172778667599905e-03
9.285333044832741467e-04
4.272030579598697607e-03
4.661574024581423628e-03
3.052829588910030510e-03
2.705333476709491630e-03
1.140171391681663060e-04
3.053982589004813897e-03
1.788479579200343006e-04
-1.074815041494189176e-04
1.851315819731706638e-03
4.098883861143359092e-03
4.581233087503816352e-03
3.276565398752952912e-03
3.626739984833823784e-03
2.110605008321668648e-03
3.165000137253984932e-03
6.900474338366176415e-03
3.215414085354058663e-03
2.702818339099643825e-03
2.127012610129034274e-03
2.315541945932324177e-03
1.578009461820968845e-03
2.753617152679463560e-03
-8.961332653533570381e-04
3.840700208356809947e-03
3.237025788472028699e-03
8.422184158991468522e-03
3.873024598958672241e-03
1.441035844462765399e-02
4.778011637074566255e-03
-1.917515855730308615e-04
7.954894891309023663e-03
5.957840204559562702e-03
5.894196470611554051e-03
3.756616069587443395e-03
-8.078517730034933016e-04
1.723898044731699973e-04
5.942553620296450213e-03
4.567248204600499184e-03
3.671632917504089391e-03
4.033181237146297657e-03
-5.926924309368546921e-04
3.788505051061600865e-03
3.537552519739391513e-03
3.953708026928256505e-04
1.457766254395961858e-03
1.013362295778232058e-03
-3.613404339090224614e-04
1.594629888141583032e-03
3.906438102692429137e-03
2.623009153316265864e-03
-9.757606659786886415e-04
3.737760075195201755e-03
2.628788460757350200e-03
2.804009841490084746e-03
3.591102021353989419e-03
3.984148235557380749e-03
3.994997065138814613e-03
2.610974511130245181e-03
9.082486690794821377e-03
-6.785894936726982653e-04
7.329677595131848904e-03
8.096807513646655727e-03
1.223832964503952076e-04
3.513166271269155261e-02
9.549794672347849955e-02
1.297634421618471846e-02
4.988550280820059496e-03
-4.981528616533929203e-04
5.038550581403948569e-03
2.699514380324233125e-03
5.738545776227986679e-03
9.027616905642973401e-04
1.520581758436121041e-02
6.077917814039701487e-03
7.335491860376882126e-03
4.662542289787338645e-03
5.747947461580815015e-03
3.964450612262692374e-03
8.576317536747890893e-03
1.703016667707545843e-03
3.511888429566222339e-03
2.222979687947565595e-03
3.559463973917902178e-03
1.111317488736999993e-03
3.554793557769735015e-03
5.089001299849461347e-03
1.326344556290318631e-02
1.950861650651009114e-03
1.151374754145986085e-02
-3.431001101023596969e-03
1.186067092866590483e-02
4.178684450645816020e-03
2.943152572433895085e-03
3.655155568864890299e-03
6.744163738961402553e-03
-1.546362469148936623e-03
2.969958557665471933e-03
1.273329360533122234e-02
7.504956314886129451e-03
5.795461525789185643e-03
-1.617830033028190974e-04
-2.933672957126686517e-03
2.574044432022831730e-02
1.963608261976089626e-03
9.460926096252552514e-03
2.720937896117658905e-03
4.446283740171376973e-03
5.328474567698813016e-03
1.505274502751797463e-03
3.609125084887174900e-03
1.243253934916447971e-02
4.159971090641709224e-02
3.017438462349079052e-03
1.092634000881884115e-02
6.885395920172869208e-03
2.260974468959222120e-02
6.453113172561690536e-03
1.862950384745484800e-02
8.537209283412182208e-04
1.891113687603595845e-03
4.034784268339490845e-03
1.968081032230986627e-02
2.860833322672917158e-03
4.276252455205332113e-03
2.160729976763452360e-03
3.064493734593945126e-02
3.606887515597761995e-03
-1.416653559482952077e-03
-2.804226366229266038e-03
8.539477918134873863e-03
4.133366295709711355e-03
1.578892171826790569e-03
1.491609508581691682e-02
1.445039568866961308e-03
8.877049183017867925e-03
6.146080209636589717e-04
1.929482911827912813e-03
5.422751298659631708e-03
1.660929437195104563e-03
1.600463416347161928e-03
8.540452948906616937e-03
4.084849850771653419e-03
3.129758490240118311e-03
6.846164003622513816e-03
2.393445897379151144e-03
1.587953827842958701e-02
9.591897341873683929e-04
1.490418086865029877e-02
5.471929224522407986e-03
4.113506416854652639e-03
2.193652096436705598e-02
3.795991845399943054e-03
3.290908707830201511e-03
2.037800698261207737e-03
6.143589570379983343e-03
5.507873359704740755e-03
1.284129336642432506e-02
6.860606424404486377e-03
6.859587036332010640e-03
-7.064462673821235005e-05
9.121015207033395314e-03
5.670847562308130307e-03
1.210795931124440845e-02
1.638124760973640875e-02
8.101433449493728595e-03
9.156305761576184060e-03
1.356246568626456525e-02
1.427953067464621771e-02
2.459786360695776462e-03
2.737007152798362139e-02
4.039018110362582042e-03
9.484262228996571953e-03
2.025295864605748848e-03
3.392622051505716357e-02
-1.949169952016370413e-03
3.322780924540942593e-02
5.471335528861009587e-03
1.750630220007289494e-03
-2.615895829591740381e-03
3.879266775521904645e-03
-2.132613299688314312e-03
2.443544918603943097e-03
1.672065339122506128e-02
4.683349651787533513e-03
5.002804833070069110e-04
4.913145068158455281e-03
9.493558410879735648e-03
5.671224420722620688e-03
9.407627527709397017e-03
1.342265900559282306e-02
6.908592516523509586e-03
1.939461235462101169e-03
-2.756109841028455722e-03
4.809767807641648386e-03
1.275286740135967919e-02
2.231170159164335559e-03
-1.832011155716350764e-04
1.095447134061712296e-03
7.551938539654193087e-03
1.296021763745731003e-03
2.701482949472337400e-03
9.397788457781821908e-05
1.854758231187008527e-03
2.102435808413735847e-03
1.058831466372395051e-02
2.283667043430125023e-03
2.773282512606097937e-03
2.903403478126060158e-03
-1.813185144298811759e-03
6.669894432937568604e-03
8.059876786460591636e-03
1.799809161634781818e-03
1.041814924581863783e-02
5.186165022201644562e-03
5.973998001919392925e-03
4.576250771382343006e-03
5.675029135496115033e-03
1.506408495115744072e-03
1.337021272654418010e-02
6.572278827517834829e-04
5.677944134969704557e-03
1.589959053820188487e-03
4.330649453478926068e-03
5.002374786200577267e-03
5.771895076179025738e-03
2.208535558353188696e-02
5.859843333702484044e-04
1.162156757368804083e-02
1.846185193891287978e-03
7.479484212684088876e-03
5.681631225060834907e-03
1.050802194743582010e-02
-1.625233948831287644e-03
1.858572943903041147e-02
-2.304270645877410338e-06
6.202723237496697052e-03
7.373169308997466233e-04
8.883305453896098852e-03
1.366399372191251863e-02
1.412439697126268313e-03
4.355392418984340742e-03
2.018617672999671077e-03
2.164080744272384258e-03
6.565559828107215938e-03
7.195321450101144906e-03
3.781807429404677491e-03
2.213550148803557216e-02
3.866824188058207504e-03
1.300200301867921338e-03
5.212376686205448702e-03
3.613274761417918819e-03
1.766845616952898235e-03
1.235732218915930498e-02
8.307850697421395245e-03
9.105870105029802847e-03
1.308349685185129438e-03
-1.968965172664483010e-03
1.531911618682049877e-04
3.570655204229515947e-03
4.322122049873160579e-03
1.413178473178696923e-02
1.045957329496439991e-02
1.855899982922032659e-03
1.706936822683303035e-03
7.038491205543289872e-03
1.094189905671867635e-02
4.612430344608611007e-05
1.437911175198074154e-02
5.427807071617806074e-03
6.627190227191890985e-03
9.442092922713314629e-03
5.398687015301254291e-03
1.987316956552835027e-03
7.300123279726233004e-03
1.200334178027180621e-03
7.007871230159657544e-03
1.574115712021384103e-02
6.178547087796035578e-03
4.761764671091189491e-03
5.945556772576841321e-03
1.155660328559106331e-03
4.305986671089547142e-03
4.419729964841248408e-03
8.284211107872878690e-03
5.200647707282310926e-03
2.332960279455970759e-03
9.619718118203892179e-03
7.251086640010528418e-03
-6.158185050255577959e-04
5.440933623316189689e-03
9.697948190289676015e-03
5.532595139853707135e-04
2.730608380320301547e-03
6.944488728601892757e-03
6.875134891961335280e-03
2.289223784302507440e-03
7.478312355013369377e-03
7.657512221840065414e-03
6.865779159773766939e-03
4.058179115191561451e-03
4.514413506590392137e-03
6.266548861487924657e-03
3.242616335851554281e-03
3.604447389870167173e-03
3.702709644730634974e-03
2.970294754525037561e-03
2.848354359157512748e-03
5.490306500193218794e-03
4.831680207172500165e-03
2.076880898872521686e-03
8.948907656493837459e-03
5.482510701227318733e-04
8.345949581840435283e-03
7.098313883329662212e-03
5.656869677676643234e-03
-8.692429962536521622e-04
3.203629028581286798e-04
8.814191555797989963e-03
5.287353851444690639e-03
1.756536959890196356e-03
3.912857498687099048e-03
2.224732783386917066e-03
2.131328718198539744e-03
4.241986239372903984e-03
4.102027809431684283e-03
2.370645952026772304e-03
4.829069765108506135e-03
3.042606587915522038e-03
3.101410009444709962e-03
2.984589180368993344e-03
4.549563191961589377e-03
1.794264320482615764e-03
4.475287478397700462e-03
1.359680374965445892e-03
3.722674293395358933e-04
9.447886757562475382e-03
-2.031593329891364654e-04
4.230608735594148379e-03
1.138302119548309510e-03
2.854104774515175188e-03
1.867655580400857983e-03
-2.094691285714302457e-04
3.006599971725081033e-03
1.492538257063114569e-03
2.270148529158742476e-03
8.667931448473378472e-03
-4.677221322361280859e-04
2.016368515126596480e-03
9.012962276344470974e-04
8.129000378562005686e-04
2.111395559796456003e-03
9.480350118860568758e-04
5.184254719947411702e-03
3.468235957944877570e-03
-7.729177066765258088e-04
1.448216171849776163e-03
-6.506547114468961548e-04
5.809280762560416721e-03
2.314907201652215054e-04
1.139985190677420511e-03
1.561281333815602197e-03
2.796118221991454947e-03
2.401301255403471765e-02
-1.322798637298119688e-04
-9.675060724119170959e-04
-5.652100343483028658e-04
3.833902708185427761e-04
-2.068491320676878924e-04
2.428258548179881675e-03
4.927717356189610654e-05
5.042531532320030339e-03
3.314165360267264798e-03
2.901290582544405455e-03
1.414650109056700671e-03
-4.039637764720298806e-03
2.872165946928490355e-03
-2.368786742337100105e-03
7.093083831266846400e-04
1.160399891684096678e-02
2.860167775250095287e-03
6.903623795351291562e-04
1.971492452370317457e-03
8.692860246862922635e-03
-9.055835322663788193e-04
3.243058087163503030e-03
1.445521959335375204e-03
7.058453438647624423e-03
2.540731243985583972e-03
1.981915990221761684e-03
-1.301205110978134825e-03
-2.642314975290254364e-05
3.358592155362754000e-03
1.127965398791205224e-03
3.888996295974234737e-03
6.894955131246472378e-03
2.034032126862584527e-03
6.527143955316421463e-04
2.767439492164501004e-03
3.902864101333422802e-03
-3.156650044736799112e-04
4.663959265090927148e-03
1.450194465591824128e-03
4.576732298435007631e-03
3.853760198937121028e-03
2.999633320572694072e-03
-8.668146574424113147e-04
1.191976901057709756e-03
4.908485218959305523e-04
3.363817769910087355e-03
1.526558995007252281e-03
2.174047548733749544e-03
1.189496830257551468e-03
3.652477559576194953e-04
6.566005420435724188e-03
5.524534345236769726e-04
1.924955392132958161e-03
2.358946898089013967e-03
6.244838285931285761e-04
-4.361218577146793070e-03
3.729730665408028268e-03
2.093671929447397592e-03
6.725350062912845888e-04
-2.773330976993396407e-03
5.632477725200027083e-03
5.411373294830644845e-03
-9.177426247992340885e-05
1.179361806797643575e-02
4.202855894979861187e-03
-3.392532743056808978e-05
4.800759309879494389e-03
1.006379904593941027e-02
1.715373177503657243e-03
5.826045798477502181e-03
8.716330455965707463e-03
5.858220091181427780e-03
3.291356260806694439e-03
1.026959950488074043e-02
1.184390757714599320e-02
6.710737669314188747e-03
4.618308861733930529e-03
6.343262744338870607e-03
9.788684870689340692e-03
5.298232931520182112e-03
1.989693530251134077e-03
2.928582566668222215e-03
1.975496282437186465e-04
5.760877452667984878e-03
4.140544940111415273e-03
4.449349386932094884e-03
2.409318668493145091e-03
5.184253318962357172e-03
2.512146917377347955e-03
-7.302689386478958006e-04
8.039967885625920116e-03
3.917019465915537804e-03
8.394128693963564397e-03
9.264395560148791856e-03
2.527423823429587532e-03
-1.689186995910431886e-03
1.562941241142626683e-02
4.253372397817771836e-03
1.165327999225516074e-02
6.595743764762440273e-03
3.820518008303953189e-03
3.682564940299555816e-04
3.126000258083698816e-04
1.493285017979848958e-02
3.477659938022269800e-03
7.709816991100632531e-04
-9.131056337888940810e-04
2.699010090764821391e-03
1.439441250170844268e-02
1.441295990829575061e-03
2.455173001165901307e-03
2.757229131017313681e-03
2.194618816455491325e-02
2.751110246445961569e-02
8.422041548379477363e-04
1.857684894048025137e-03
1.879191161706162999e-04
3.815696176055009044e-03
-2.079802454150622010e-03
1.418402875636778568e-02
3.207503079957664625e-03
2.259499406179279763e-03
4.067245672850384498e-03
1.853529936648230098e-02
5.897346039375380052e-03
9.721111575103769456e-03
8.973185445216807707e-03
3.412311523231926005e-03
1.020255541744080965e-02
3.219511766934391415e-03
1.252206514742511701e-03
5.916562708879286210e-03
4.065822652816636004e-03
8.061359536565821868e-03
5.249199426338307939e-03
4.465285942136721330e-03
9.315160484769194685e-03
7.886624674480077757e-03
7.094965731820098397e-03
8.707454307643634414e-03
5.797175545862735986e-03
4.553587073928645756e-03
5.473270998415219121e-03
-9.798441590071272408e-04
5.381996696356776931e-03
1.767330061239898165e-02
8.195183292044128445e-03
4.188546678193069868e-03
9.608397681473210619e-03
7.034269639200059314e-04
5.105159399408278759e-03
-2.533665190926032845e-03
4.259083675710741146e-03
1.418444473935279865e-02
9.705968226571397642e-03
6.696163862935971579e-03
1.094441164742108140e-02
-6.662976943719971235e-04
4.242517894661329732e-03
1.803966686666448604e-02
3.716280028871445790e-03
1.788121948194266965e-03
2.931309979120564355e-04
5.648087782596403900e-03
3.818978279101458741e-03
1.040527576533018840e-02
8.079661749048473555e-04
1.895072176534602507e-03
4.829966459946429674e-03
-4.513344920185548715e-04
8.392159979107223847e-03
5.045583975659393740e-03
1.767428183507955067e-03
1.115350423673459575e-03
5.698528959791169732e-03
-6.029103054897000640e-04
2.176094200202347484e-04
-1.595800711141757327e-04
1.526472804541733133e-02
-1.705336313185001375e-04
7.184266388356633226e-03
4.914745145013348429e-03
2.622770464625240588e-03
-3.992283281671183022e-03
7.261849399841475809e-03
4.069416352187928305e-03
1.467221562103495844e-02
2.875469692496482755e-03
1.483422666479070409e-02
4.300316413687085663e-03
3.631483445433083233e-03
3.870165301195400281e-03
-3.036711282071931882e-03
4.051753326706851628e-03
9.434797880657071548e-03
6.150958629271090737e-04
8.465162391950241394e-03
6.348627026460223685e-03
6.598311157427968164e-03
-2.147224064043704462e-03
1.178514198062843507e-02
7.984702306559539678e-03
2.072628167647997018e-03
1.418768962971314173e-03
2.999747531834085542e-03
5.494358644957885677e-04
1.252767675152033139e-04
6.922428411554009189e-03
6.358658586828395444e-03
2.914530349842671679e-04
7.773843871812605513e-03
1.894752686375338491e-03
4.440994779105050631e-03
9.237415479050041511e-03
-1.970385101000214981e-03
3.390048426180295588e-04
1.010098056935799897e-02
4.921623820593618200e-03
4.380639575820506268e-03
3.734405866027188867e-03
8.277474486483605079e-03
3.925760163529448156e-03
6.316185248417193268e-03
4.389176554559373958e-03
-1.877998896313962584e-03
3.909693541461149897e-03
4.208839121250048873e-03
4.690609970224127699e-03
2.410475733115683208e-03
8.139646604848997657e-03
-3.085483558079436155e-04
2.668859186013137173e-03
8.830665469761108397e-04
1.147822668697080425e-02
4.089741665173266330e-03
-1.216689956200859966e-04
7.209900738445014978e-05
1.779360801107838716e-03
3.765256501291041908e-03
7.052461087905976221e-03
7.100238413190987537e-03
3.327906611350910700e-03
-2.379520242663694246e-03
-2.192483870701068815e-03
6.531515246625582694e-03
1.407444289757504548e-03
-1.091474979330823948e-03
2.359133033450522537e-03
4.117633605500853333e-03
2.992725247293068734e-03
2.550429178669873058e-03
3.425818682360691134e-03
5.687533104190433016e-03
8.468088400115503581e-03
-6.384933128763960837e-04
-5.353763769528384689e-04
3.446863933703376431e-03
1.032145025134799041e-02
5.007161766786965076e-03
4.232871945438450648e-03
1.779602686316921617e-03
7.013357224095834348e-03
1.464058713866890626e-02
4.940935494611867554e-03
8.457820801154314339e-03
1.116856608074518614e-02
4.731869847580067422e-03
1.988386556678417745e-03
6.682620635634487979e-03
7.247133126728273929e-03
5.581243037397305359e-03
5.800869907007667053e-03
1.877577105981666650e-03
4.422320973014295421e-03
4.998268617508527106e-03
4.175358887506142036e-03
5.838755376469236154e-03
2.510073075642374127e-03
4.500160050520922309e-04
2.860214534215821999e-03
3.047916566693755630e-03
5.463986324466313729e-03
1.057445433016626635e-03
2.229301087726032107e-03
3.036526441074998903e-03
2.033581341611503859e-03
1.222738483496540324e-02
4.300627080181766183e-03
-1.224287807043994251e-03
7.996120642699980699e-04
3.427741940329489395e-03
2.576127125619623748e-03
9.066786494893548307e-03
2.507290660057349616e-03
1.725400749070527592e-03
1.921196826042903885e-02
2.349282728697171113e-02
6.276193209068406040e-03
2.231790367171254674e-02
1.572217625078243738e-02
-9.695967728221735298e-04
2.502712007569811350e-03
1.270313951105812508e-02
8.052264169455522480e-03
-5.340570757539272193e-05
7.568285766379849455e-03
1.586129524696038365e-02
5.158048173713444817e-03
4.975385882381983156e-03
2.354625623532903209e-03
4.457233866881264803e-04
7.209550401743569301e-03
1.011234518454697320e-02
4.581896015901130471e-03
1.618298021806016413e-03
5.780994604322067451e-03
8.895766259160506687e-03
7.101277789083048925e-05
4.017309092299348877e-03
-5.620505915722033606e-05
7.734061313694816191e-03
-1.702496495800809003e-03
1.182007867970226098e-02
1.366390206086509282e-03
2.032934615855155891e-02
1.249592425757796096e-02
2.757401089479891848e-03
8.757579025380877666e-03
6.861303977252856783e-03
4.199730164961375765e-03
2.423671908547459994e-03
1.528544897650819297e-03
4.668810428154691189e-03
8.755805705258905280e-03
2.899245055551180790e-03
4.176612083149161721e-03
1.568228780499616830e-03
4.183324107161029599e-03
9.089457037329719616e-03
9.064330711166008678e-03
-2.334013037078063509e-03
1.594445926811191919e-03
4.183526001092040432e-03
6.414511721827523445e-03
3.959626637876240704e-04
7.469468013824775467e-03
5.674151275478795699e-03
2.230850531579790103e-03
8.003465886687678764e-04
5.559343869447486673e-03
4.944972541540278502e-03
1.612975804672163102e-03
1.216279716533592674e-03
7.757634160494235971e-04
2.240402600986339966e-03
7.659628980564112469e-03
1.009461595628907866e-03
4.851026082636260284e-03
5.778476566431868695e-03
3.211526100654049035e-03
-1.150125676077421583e-03
1.321240650696157547e-03
1.265388268552046155e-03
4.273786479973029108e-03
9.461496792703622590e-04
5.971038820577749540e-03
2.327936918070513776e-03
3.280755885627195494e-03
1.409367337187926103e-02
8.405971569921327075e-03
1.698764321184091219e-03
-2.659075442407196274e-03
2.218607651101960586e-04
1.217214920576322433e-02
1.113824813387526147e-02
5.401952630765356408e-03
1.813734573756747154e-02
1.122559307258498042e-02
5.877343514591325431e-03
7.906430188681989185e-03
3.044419564646218268e-03
1.867784435889170615e-03
5.801505006247026971e-04
5.375890411838956523e-03
4.648186720965234893e-03
-5.240825197058888475e-03
-1.703536433821052501e-03
5.765043658798578267e-03
7.234414492919026335e-04
5.278469633841043930e-03
5.930618638995607643e-03
3.207407834322120732e-03
-3.190280977136641331e-03
6.259217475511809695e-03
9.553878795365263257e-03
1.244816159356065821e-02
1.234109266666382973e-02
4.140462396705250382e-03
-2.887393248869552387e-03
1.720734438624212277e-03
1.438927809620132309e-02
1.192602551449805596e-03
7.436899826344778482e-03
1.165145248237604760e-03
9.070568980159119873e-03
1.556027472265565821e-02
2.760284125221237894e-03
1.176003988224879476e-02
9.445778860496923876e-03
5.086119807909070430e-03
8.092064989663657823e-03
1.195148639036425556e-02
-5.436843330626458300e-04
2.997303356088980558e-03
5.341809473679045954e-03
7.090337948617244160e-03
1.795044470107773349e-02
8.797644575467222783e-03
2.353064562186419142e-03
6.880559654081001668e-04
1.067559561238800268e-02
6.529424227291403399e-03
1.033640646910594270e-03
3.354376820298717032e-03
5.534294425138377126e-03
1.120309185739012817e-03
1.847451551868381503e-02
4.272094121843734472e-03
3.974707261933665796e-03
6.025182152935594330e-03
-8.640176828363525839e-04
-1.607277849545290724e-03
4.313912319780910561e-03
4.853431091062303596e-03
9.852494493849913923e-03
3.764724586871632129e-03
9.994128555251555798e-04
4.215783126112091980e-03
8.751023197592725303e-03
1.891653080334775158e-03
9.513896940958816491e-04
-1.347065724584847789e-03
1.635155934448652426e-02
1.434463964965956937e-03
6.308142534377456654e-05
9.819924948059373035e-03
4.206544480828614332e-03
-1.899103950070149148e-03
6.470829561429873068e-03
3.731144659911230302e-03
9.585948226313631415e-03
5.269761887561228049e-03
5.310785528493882496e-03
6.704311042973788715e-03
8.935361033053566132e-03
8.524896361813799964e-03
6.461296776870340680e-03
1.744720532158063877e-03
-6.876482996868459908e-04
8.804164126324290612e-04
1.307051260180024273e-02
3.735566209840151175e-04
2.064934583761383023e-03
-1.893274084880474956e-03
-1.169036401264229343e-03
1.538987324136064250e-03
1.523245796248993500e-03
7.895514163433679095e-03
5.142898174091410472e-03
6.795569088558383285e-03
8.602587637962566536e-03
1.059241613725452448e-03
-9.119849741973848865e-04
2.585770767932417998e-03
5.506030163311663103e-03
7.910888842024571196e-03
1.335087286971312374e-03
2.600001591915780501e-03
-1.951304620504322029e-03
6.281418474227737359e-03
-1.176511163489023194e-03
7.448550589689207149e-03
1.791134993669297017e-03
3.100665810992394612e-03
5.515465936555672853e-04
8.488490354743792946e-03
4.169540749364074490e-03
9.241573323529950548e-04
2.930253808586014835e-03
3.437480711667099953e-03
1.012094290326982836e-04
1.138605637883904117e-03
9.382103305545532596e-03
2.487238241319301903e-03
2.021919597858973325e-03
1.261317943958449594e-02
6.215460871223059749e-03
3.936123573640135966e-03
8.549220432275814923e-05
-6.716670603175876539e-04
2.525118158062625729e-03
5.361374530998386234e-03
1.701909482603809927e-03
6.187205294805382672e-03
8.106479171143691001e-03
1.577786132141288005e-04
8.250844665975854558e-03
3.191808612046103527e-02
4.546621199569264582e-03
1.006260578827643248e-02
1.392080925652477118e-02
9.882671003628537565e-03
1.289909468370040169e-02
3.601297774635752510e-03
1.531263284501374654e-03
3.815554855192213133e-03
1.142832379103587287e-02
2.806199596544457168e-03
7.221905800257407033e-03
2.264287830150263879e-03
6.213082259498957892e-03
-3.232376371017488346e-04
7.615325865804004491e-04
4.725215388577204325e-04
9.963183770430886210e-03
3.872430795950120106e-03
3.204050323431465157e-03
-8.812153935365812235e-05
2.410949386097206194e-03
9.681683811934873457e-03
7.808583067902794298e-04
3.396924895238843077e-03
2.789974470752534796e-03
-2.835488572809007415e-03
3.337138151704978350e-03
7.273518030446948649e-04
1.242866001510086263e-02
1.096732792108776793e-03
3.082244020483531147e-03
2.466483745780754643e-03
5.769445843653961577e-03
-8.625997731257315383e-04
4.994655183527305087e-03
-1.856249512968626047e-03
1.177171792375953339e-03
2.828067552027640694e-03
5.791469329689499269e-03
6.318868653724546772e-03
-1.693057806903435001e-04
2.610795495469561169e-03
-3.325735511477587950e-04
1.864994554569883098e-03
6.682212745290770813e-03
2.182368752308205817e-03
-5.605951481393563543e-04
4.000745070585615473e-03
7.592176471109639106e-03
1.307766635296706177e-02
-2.610393965421807516e-03
-2.615151090660718537e-03
1.567323319582257513e-02
4.531064828316714276e-03
3.358187865907800215e-03
2.494951320770020815e-03
7.696845796244687274e-03
-2.383748658464301083e-04
3.436692165774114793e-03
7.311430141587833744e-04
1.474926268978155909e-02
1.750686622107059005e-03
-1.310939357840126352e-03
3.833848537100308616e-03
3.550976476210740938e-03
2.208253903713444655e-03
4.716331236040618297e-03
3.947842877508019391e-03
3.717381672625908601e-03
1.517197792042827842e-02
4.458382506364589465e-03
3.558164144411700858e-03
1.756316519932520168e-03
2.920185567736389206e-03
6.718601710990030132e-03
6.909242308172653529e-04
1.761473248975395367e-03
4.180028455836331917e-03
2.117253212124573045e-04
6.946814233963695580e-03
2.114622382926887711e-03
2.107194027962887815e-03
6.037844747722889791e-04
1.998719243848444838e-03
1.111358677289683329e-03
2.122639602371056197e-03
3.638965874319072952e-03
2.316427720360423031e-03
2.247916261904078588e-04
1.053878345871304750e-03
3.451567132792407932e-04
9.915955488728146663e-04
-6.056426427793942585e-04
1.306422347250761271e-02
3.875352881953151880e-03
1.600052899826901603e-02
8.519538260818009662e-03
2.066602808549368453e-02
4.094834587540716053e-03
6.777106704261342575e-03
3.790913479171681422e-03
4.927762616393325731e-03
1.832064729344954875e-03
7.728661668555391337e-04
3.489026040005869383e-03
1.735010657945730821e-03
8.540578429292911174e-04
4.052587124304736499e-03
1.291941459631503440e-03
4.475158042704979224e-03
-1.175534856870501851e-03
3.843812580627374575e-03
3.213022068114654382e-03
4.934506413188422024e-04
1.331623161154510751e-02
1.537429942665809440e-03
6.528745735320876965e-03
7.932141432370347399e-04
5.605885152930055459e-03
9.473875403744419499e-03
1.365008266683380607e-02
1.344769189118308035e-03
4.118343739961415062e-03
-6.275885263279314293e-05
2.731305625737940473e-03
2.672605577526878523e-04
5.389540863221209096e-04
4.627000047349264303e-03
3.200604916017229205e-03
8.646951843675518279e-03
2.361714645841707372e-03
8.131877121333404290e-03
5.496412136843359560e-03
8.633415730396673884e-03
3.439630159212650820e-03
2.247422536057760902e-03
4.344955718799679671e-03
2.915274635618620488e-03
1.029871723918684458e-03
1.213786763208294208e-05
8.740444028924928416e-03
3.450979749207846222e-03
1.920112232433562709e-03
-6.549483155766488290e-04
4.909349102264288535e-03
4.015722061029722290e-03
9.873379561588456130e-03
5.458360476085916124e-04
5.249139340481196077e-03
-5.823072056677705815e-04
8.260604391730807031e-03
6.038896727612556989e-04
-7.132239706945052698e-04
1.242383886271469090e-03
5.667303165866682639e-03
1.625958438501437465e-03
4.977681754462705277e-03
3.997744468091085114e-03
5.002755868015546815e-03
2.877404204585731675e-03
3.237740001611832431e-03
1.489488262738137853e-03
-6.454626263341525869e-04
9.742037962503968720e-04
-3.158599347923003991e-03
5.208215992459938430e-04
8.188450637025094245e-04
3.890693022697833819e-03
-1.292475981113723645e-04
2.486150660575918089e-03
7.133550511086375265e-03
1.323541375644552050e-02
3.552529984437299056e-03
3.477881735047874505e-03
4.360421127299851825e-03
6.528266017971491066e-03
5.647116598357783228e-04
3.793996616956776466e-03
3.877443233724741332e-03
5.768292527624069820e-05
1.187638723032201707e-02
3.912628336891425915e-04
3.979242014845311200e-04
3.751947337486969195e-03
6.585710876075181845e-04
2.627702241520602118e-03
-4.482666198252671283e-04
3.422730318182435824e-03
4.257838563870942894e-03
3.382336884591327815e-03
3.097919794534733122e-05
-1.734939403459277393e-04
2.419959987594701070e-03
2.846798847749932638e-04
1.277586498338333532e-03
-1.690685807344572853e-03
6.641423393072309108e-04
2.535728487175952471e-03
1.194136685933154182e-03
4.855283320411070240e-03
1.787082393312647375e-03
-1.406448931504142947e-03
4.432295386080480244e-03
3.189485185346671321e-03
1.807052747732948439e-03
3.546189772226361787e-03
-1.873344720626812007e-04
5.576079200764003790e-03
8.136564624823140052e-03
-8.029336277381836232e-04
2.218832516502336136e-03
8.247749903207271310e-04
6.321252989172583547e-03
1.993827128489623988e-03
3.593363336449515843e-03
1.712922901310251662e-03
2.146471646122223055e-03
1.749175044641461483e-03
4.319846944218921382e-03
5.794208269279536080e-04
-8.682874276956981151e-04
-4.740273590276647148e-04
3.137603082844243711e-03
-2.147739012816217885e-04
4.761137830635741100e-03
7.791884178252036185e-03
6.929788725694664177e-03
5.048590104777353829e-03
6.977495933953311398e-04
2.586262222746789092e-03
3.515570173491473771e-03
-3.815478569713880424e-04
7.336418356566655474e-04
6.037357505938852151e-05
2.193789592303371956e-03
1.212515957025017341e-03
-1.077737491453900631e-03
-2.753814860567091374e-03
1.011933665148635406e-03
3.036886698669602133e-03
5.349566878029000244e-03
2.421103688909421667e-03
1.909208992063448230e-03
2.154627646951594398e-03
8.922054576059059404e-04
2.957221054285459920e-04
7.058532880166279444e-03
-2.229742789508417245e-03
1.090129759179169410e-03
-1.361426560814896474e-03
-1.571743730595702654e-04
3.209280373070009032e-03
-7.310851017658882758e-04
2.938971984047811410e-03
4.475999029775055071e-04
1.574980664666130858e-03
9.077654936350388823e-03
1.476382238059567326e-03
-1.489543502490568759e-03
1.213786984005133136e-02
4.611186800049065816e-03
2.340754678824398180e-03
9.343303177958218325e-03
4.429767833945654973e-03
4.159940943898512294e-03
1.855633423144855505e-03
5.052642602700919104e-03
1.727539759995322041e-03
-3.199450382571656379e-04
-2.893849568754608501e-03
1.282672197435142996e-03
1.749480898810044493e-03
5.199513190531945481e-03
-5.010385927034838229e-04
-1.264511672959517819e-03
-2.270679787381754688e-03
2.619843003971578880e-03
1.783867662861889471e-03
-2.631424084003286361e-03
5.216773772980791424e-03
2.884309031282700220e-03
-4.421810623902468727e-05
6.009474224802004161e-03
1.141650248339319291e-03
8.260760932573477230e-04
4.699580846550755787e-03
5.907908682183519652e-03
8.017413010087490882e-03
5.737676809268815736e-03
-1.259572302431281226e-03
-8.807511224307931893e-05
5.357809315706677650e-03
-3.300253871928940028e-03
1.271954141549502641e-03
2.523595835164360417e-03
7.235181973054034300e-03
-2.314811439752190235e-04
2.034979505249586654e-03
4.964193806263519915e-03
2.734704587980954851e-03
6.309849549118186872e-03
2.112518201434510426e-03
4.256401620853224668e-03
-2.464184004777289798e-04
5.497674766946025922e-03
5.644178958698805584e-04
3.442349393528035175e-03
-6.137736776201238240e-04
2.023634861886096630e-03
4.385469172399252338e-03
-1.317004059176880067e-03
2.379322494093717450e-03
2.076194949924729978e-03
9.314608551509494586e-04
1.064800469944292543e-03
5.834788922058325999e-03
6.321563283398906434e-03
-1.355812054859228130e-03
1.777124087608954097e-03
1.292974515588236504e-03
3.628205692327368843e-03
-1.229142642783207211e-03
7.941733639615049375e-04
2.601639093287241421e-03
3.391547365747341882e-04
-2.867477964666770730e-04
1.082964730806103629e-03
-4.027501555978476536e-04
1.610791470601963087e-03
2.187503700502702649e-03
2.424969438808932242e-03
5.710334450174396528e-04
7.207899361639181959e-04
4.190488158581943609e-03
6.262072458479647514e-04
1.469601551327756085e-03
7.142663739051978954e-05
2.103478792419657007e-03
3.215133860900853003e-03
2.601029419108561586e-03
1.693270448855313786e-03
-4.650479403471941627e-04
-9.621931625189075873e-05
3.831200242776535304e-03
3.089132492756283769e-03
1.991524135250593436e-03
6.051418560282904738e-04
2.552894696997172865e-04
4.677640826553251460e-03
-2.709024647615939588e-03
1.926951762050585493e-03
3.099625480317997131e-03
6.522515979929016834e-03
5.713121421024348889e-03
-3.294917011010508115e-04
5.520840942614382331e-03
4.264306772323697009e-03
-1.123902187100060679e-03
2.602534715010311472e-03
2.179904543055419079e-03
8.457481957452377130e-03
-1.691779959953896781e-03
3.315948357567486456e-03
-9.073720253750916075e-04
3.002296936149400405e-03
5.091019999516446619e-03
7.063471082424232356e-04
2.908570189483675791e-03
2.550072244377457956e-03
-1.347449483445446565e-03
6.676639365158822288e-03
1.815707253958237424e-03
5.132116536904918029e-03
2.351055120436938966e-03
-2.113882816522018489e-06
1.752545639307703665e-04
1.290360470443310771e-03
1.725794625916357919e-03
1.763909185448884250e-03
3.401366783171323651e-03
1.771757990795691474e-03
-1.289137686858711929e-03
1.132902223132683552e-02
4.302132882884051636e-03
1.055432694120647490e-03
3.878058662836638207e-03
1.308562537852098672e-03
3.765684024510187328e-03
-1.913152040177859949e-03
3.268584436710759728e-03
4.550254950486599254e-03
-3.714584975358530862e-04
7.378423397676320099e-03
2.608970630082346927e-03
2.633704133584312181e-03
4.528098387017516491e-03
1.277367153296207281e-03
8.244662992910637214e-03
5.251531507531247318e-03
7.318059312800868563e-03
5.422510504782525852e-03
-8.289709612839416073e-04
3.946235781562439093e-03
-1.202037394255295929e-03
1.760835716693945688e-02
1.279088956162617585e-02
1.290653440510913623e-02
5.196519318968422126e-03
7.268467925960296963e-03
7.336846336466053969e-03
1.064971242739941315e-02
3.314343789303812390e-03
1.282450435293787383e-02
9.723564317205734414e-03
1.263115263728622692e-03
2.771255009095395256e-03
-2.512249152520509930e-03
3.478768315632142305e-04
1.145271609944108204e-02
2.896407759247615447e-03
7.457081502006777246e-03
1.855970353013098109e-03
-2.903186305842124070e-03
3.400797468171471750e-03
1.267039634564363481e-03
5.131528750983329126e-03
-2.111582688206796107e-03
2.345781339525083303e-03
7.764702272618670756e-03
1.942101939555911701e-03
-4.885388306181020265e-04
1.314229632768402871e-03
1.031689872248411216e-03
-1.228134719694214897e-03
-4.156945911420095209e-03
3.350868096072777674e-03
-4.912836578567665851e-04
-6.153520293167596316e-04
-1.092891577583199282e-03
1.838570674401911881e-02
3.869267610840910424e-04
-3.205729565664403491e-04
1.020147277104055394e-02
4.073235825735003080e-05
5.140874517369095620e-03
3.488666381296535220e-03
3.592249165167199845e-03
-3.885065266681038843e-03
2.821870478378630306e-03
9.560343704071100693e-03
5.350608370328039255e-04
5.683460148793648831e-03
-1.239852617401672377e-03
1.078885500839309609e-03
3.979853589009289469e-03
2.523823752107265048e-03
1.127585246622576269e-03
4.528935407184805396e-03
8.825236347475656079e-03
-2.689714724041039531e-03
4.172599855966132969e-03
7.853627996338272479e-03
2.629904580993398973e-03
7.793135730239976206e-04
2.679088970392976519e-03
-1.159184695455460967e-03
1.325610106505813624e-04
6.593425045897564375e-03
6.052221243806421656e-04
5.525619651638822172e-04
3.409567148775739624e-03
8.497523570836983467e-03
-1.153483936685505704e-03
-2.064487253106439286e-03
-1.011264398627936215e-03
3.952108783037110162e-03
2.113773043069501305e-03
-6.333704710994818689e-04
2.784037349699978233e-03
7.293708843838623852e-04
7.002165203539855191e-04
5.440506153153326294e-03
-7.206125845730560094e-04
4.701074113594971501e-03
4.137919986272361843e-03
-9.827148422232451219e-04
4.709850457886719660e-03
3.548391025116209591e-03
3.190940148006702563e-04
5.628669976348758125e-03
-2.658535968841619409e-03
4.539743451746759521e-04
2.454969677547471675e-03
-2.089059429201558073e-04
3.010307285858512902e-03
3.017929400619663669e-03
9.926378832624571311e-03
4.595800202635345715e-03
6.945549416027554067e-03
2.696759840399410180e-03
-1.216207856183667549e-03
2.715897248935737578e-03
3.709343451867839082e-03
-4.599528110906269708e-04
4.542761690940318176e-03
3.179346895252613790e-03
4.558976613249155624e-03
1.416617658343594273e-03
5.525414556195555734e-04
1.372086033416651182e-03
3.630464087415364357e-03
5.756710525255147488e-03
-5.575088237662348747e-04
-8.112345636455692158e-04
2.704555278076752577e-03
1.213496509869444731e-03
9.706622327773486774e-04
5.606000356806316136e-03
6.693083988458204889e-04
-3.268490445490500915e-04
5.011607298907057480e-03
6.066938243809827380e-03
4.060154544494634990e-03
6.069418453198300104e-03
6.170847112383548785e-03
-1.861996059812991893e-03
-2.947897610626313940e-03
1.801541846320285157e-03
4.141919830754143411e-03
3.472738058085737996e-03
3.304069524136882957e-03
3.447144914619726819e-03
2.627563041979141378e-03
9.319956887436332219e-04
7.225422064623698327e-04
8.654807670872746283e-04
4.592778744863930569e-03
1.815201305851359224e-03
2.779453965235382726e-02
5.230244668608068428e-03
5.032329684376272982e-03
1.979096512937712337e-03
2.039834922768881623e-03
2.577390110911331050e-03
5.025774938691412140e-03
1.131764310731421183e-02
6.253874794367319731e-03
-3.206930080783175485e-03
3.638385516080482659e-03
5.408004675706130047e-03
8.733240302491416000e-04
8.704756640649756461e-03
-1.354354070762134430e-04
-2.016077537504043678e-03
1.609667421080299490e-03
4.429335571185876006e-04
3.346137453972967621e-03
9.982708009549463510e-04
6.260436738903935733e-03
-2.061740045371636843e-03
-1.276121669085831514e-03
4.847924108352071222e-03
4.319978226060121503e-03
4.025500670620170938e-03
-8.365317133862860835e-04
-2.334049471481384249e-03
2.880775844327926501e-03
2.075560619685382600e-03
2.830549005075376663e-03
3.169740673397854723e-03
1.103381578788042517e-03
-2.221105856730261948e-03
4.322361867650763995e-03
6.295444236152275552e-03
-1.123769439433007717e-03
1.722816974067682802e-04
9.983223832649087970e-04
1.236479892142725717e-02
7.868626123529219932e-03
9.632508959155921049e-03
1.431075939438864559e-03
1.106383762069331443e-02
6.536245929015692055e-05
4.869606265365565741e-03
-1.062884342025752172e-04
2.923070239824815657e-03
-1.952105006082504712e-03
1.007148268717875279e-02
1.040784811847749944e-02
-1.235815385664951064e-03
3.638127208845919405e-03
6.999229663094287852e-03
8.353977465401021818e-03
1.832181945166114559e-02
2.898834814274135405e-03
1.021978119726153463e-03
-2.386963836827832915e-03
6.067050248837325792e-03
6.727274903105476787e-03
1.001022846306196847e-02
5.236692710176524615e-03
1.377627326514644073e-03
3.152252454186359448e-03
1.001253668909807444e-02
3.131449697365645390e-03
7.526854107892236301e-03
6.729256577809935615e-03
6.354347921636507336e-03
4.557491331680267772e-03
9.075320735866788946e-03
3.095785423907964490e-03
1.281442777320652288e-02
2.583905250554785309e-03
3.601407474204220533e-04
1.141190626473143760e-02
1.599842144026665525e-02
1.074618223906652174e-03
1.002403097306005589e-02
3.607431262357387253e-04
8.754573816694307103e-04
5.163874566130730558e-03
-1.274966046341531297e-04
6.258422063930506318e-03
5.502323219784803141e-03
3.274743685430589989e-03
1.070866312411831132e-02
4.916167331199917251e-03
3.613019022469248984e-03
5.730878446248365531e-03
1.970203451017150942e-02
4.225465697296976533e-03
4.612572023046333618e-03
