0.000000000000000000e+00
0.000000000000000000e+00
0.000000000000000000e+00
0.000000000000000000e+00
0.000000000000000000e+00
0.000000000000000000e+00
0.000000000000000000e+00
0.000000000000000000e+00
0.000000000000000000e+00
0.000000000000000000e+00
0.000000000000000000e+00
0.000000000000000000e+00
0.000000000000000000e+00
0.000000000000000000e+00
0.000000000000000000e+00
0.000000000000000000e+00
0.000000000000000000e+00
0.000000000000000000e+00
0.000000000000000000e+00
0.000000000000000000e+00
0.000000000000000000e+00
0.000000000000000000e+00
0.000000000000000000e+00
0.000000000000000000e+00
0.000000000000000000e+00
0.000000000000000000e+00
0.000000000000000000e+00
0.000000000000000000e+00
0.000000000000000000e+00
0.000000000000000000e+00
0.000000000000000000e+00
0.000000000000000000e+00
0.000000000000000000e+00
0.000000000000000000e+00
0.000000000000000000e+00
0.000000000000000000e+00
0.000000000000000000e+00
0.000000000000000000e+00
0.000000000000000000e+00
0.000000000000000000e+00
0.000000000000000000e+00
0.000000000000000000e+00
0.000000000000000000e+00
0.000000000000000000e+00
0.000000000000000000e+00
0.000000000000000000e+00
0.000000000000000000e+00
0.000000000000000000e+00
0.000000000000000000e+00
0.000000000000000000e+00
0.000000000000000000e+00
0.000000000000000000e+00
0.000000000000000000e+00
0.000000000000000000e+00
0.000000000000000000e+00
0.000000000000000000e+00
0.000000000000000000e+00
0.000000000000000000e+00
0.000000000000000000e+00
0.000000000000000000e+00
0.000000000000000000e+00
0.000000000000000000e+00
0.000000000000000000e+00
0.000000000000000000e+00
0.000000000000000000e+00
0.000000000000000000e+00
0.000000000000000000e+00
0.000000000000000000e+00
0.000000000000000000e+00
0.000000000000000000e+00
0.000000000000000000e+00
0.000000000000000000e+00
0.000000000000000000e+00
0.000000000000000000e+00
0.000000000000000000e+00
0.000000000000000000e+00
0.000000000000000000e+00
0.000000000000000000e+00
0.000000000000000000e+00
0.000000000000000000e+00
2.230885545061436250e-03
7.487056195661186651e-03
8.708362542987314273e-04
3.659480237384619972e-02
1.892921037370562734e-02
3.391835978869253698e-02
3.044380266846258287e-02
5.711145066946990423e-02
3.139825138793664316e-02
1.012924421605812184e-02
9.244595143915131097e-03
1.124409375098926224e-02
1.193149912811649303e-02
1.404548225488798895e-02
1.865339350250436873e-02
3.387524025066038919e-02
2.387557205689367495e-02
1.066624910609037871e-02
2.574376448409530175e-03
7.470043409441923937e-03
2.850516553792153615e-02
6.300624171533591479e-03
5.443221383614677174e-03
2.164794513804152096e-02
8.774045691091521965e-03
2.930408177499318687e-02
2.716217477065999489e-02
1.013183093532198792e-02
2.898608822362296750e-03
2.592299076957896992e-02
5.457619675535984281e-03
8.697530165062611123e-04
1.879094546409590047e-02
5.790476934042012051e-04
5.498130902335640613e-03
8.170688018665299077e-03
1.421754896245339475e-02
6.028988932232613902e-03
5.420252143122838637e-03
6.901860801641910952e-03
9.507477494422017505e-03
6.448423495953392939e-03
3.090540505168755045e-02
2.521290983149800536e-03
2.795186656754310855e-02
-2.004674877822926020e-03
1.119057757699748121e-02
2.165553286323691762e-02
3.388358347896669974e-03
6.752246872049430873e-03
2.299709684879842550e-03
7.780190586981627562e-03
3.107264699969317740e-04
2.387489184310711242e-03
2.162474813483306751e-02
9.171103450957094477e-03
1.376355828919414992e-02
2.042881740045441024e-03
2.016942151082384838e-02
5.610420495420867168e-03
3.491867762311224622e-03
1.363710269313314800e-02
4.650201774730795649e-03
3.060954881147432208e-03
1.501854252999905263e-02
1.863763846845165745e-02
7.795248593989948654e-04
2.585363048868145452e-03
5.489697512826417379e-04
4.725069867891397782e-03
-1.267964869488181221e-03
5.771388925004302881e-03
2.269742346467511912e-02
1.265535955204829220e-03
3.534689991095642768e-03
1.169931092371423280e-02
4.384475287392199973e-03
6.652144312381774553e-04
8.461542157874132886e-03
2.841298329496032803e-03
5.098238654357835874e-03
1.270284977465202872e-02
1.733430047547608252e-02
3.849440197631353103e-03
1.459617269313114550e-02
-2.958636965847338905e-03
7.757926107457385929e-03
1.460127403374486890e-02
6.679717119626927234e-03
9.987480250363448692e-03
6.230949839434231710e-03
5.153686121044456780e-03
2.158397212625882879e-03
1.993830966759696424e-03
8.926246204440347123e-03
9.144934632366614330e-03
5.168010499415941553e-03
2.840164467679640297e-03
-3.219110213629935427e-05
6.439852451880291248e-03
6.861005370617402968e-03
2.711875556434062765e-03
-1.204644068471808676e-03
8.724252170215661059e-03
1.642090083405195206e-03
6.470964655302881459e-03
1.628418219289324946e-03
-6.338750196731771482e-04
6.976872529653906085e-03
-3.597199174269196005e-03
2.212118020107256208e-02
4.395438233957333317e-03
1.887553069102445051e-03
1.231875234951227034e-02
1.059689358844237038e-03
2.676547860463476119e-03
1.144708597341621316e-02
2.144136622989194999e-03
-5.939188762472915510e-04
3.854642398352535991e-03
2.270828007452601119e-02
9.828325301809924877e-03
-2.125658224001443584e-03
3.050909761175110441e-03
7.507448082774802536e-03
5.041316891722040505e-03
-4.102915133740240618e-03
9.502141920732525351e-03
1.027638263875784233e-02
5.350539857562235709e-04
7.027550536534832651e-03
3.491673830191671310e-03
3.094900731399471278e-02
5.917187597473325990e-03
1.627854977694083438e-02
-2.858675218803532342e-03
1.004472119142882716e-02
8.292952265122808392e-03
1.093802410528902681e-02
-6.100536571703675005e-03
9.651801952014853886e-03
1.896316769277258969e-03
2.510343805330687503e-02
4.007028753056474969e-03
6.264517789612381385e-03
4.532044652337563137e-03
1.224153680152981899e-02
-5.876275513099699262e-03
8.482797524990117605e-03
1.937905379105891307e-02
1.826740091636618046e-02
8.243107142739672030e-03
9.182301782898690673e-03
1.200714136255161095e-02
2.131420512267841530e-02
1.539946816700705264e-03
3.178828453685397706e-03
1.927670409899884469e-03
1.435731489273895517e-02
4.143256605247873196e-03
8.368229581191646491e-03
3.497813410532724359e-03
6.647487345147992319e-03
1.314015805560821799e-03
4.743327581112625341e-03
1.247502185500160097e-03
1.699719247564095126e-04
3.566414587392006952e-05
1.332959372378958451e-02
1.070496110688324426e-02
-1.027759565450635801e-03
8.115324588412010237e-03
5.327087378199537974e-03
3.540881818710624965e-03
-5.037288138016143661e-03
-2.765731350454755932e-03
-4.351574062037262894e-03
1.330540349646530977e-03
8.897490955027252679e-03
8.817495350072221058e-03
1.119654495967817125e-02
-1.259389564954939682e-03
3.185688102018361962e-03
6.351293471567921473e-04
1.982520757551240256e-02
-3.135865629515678567e-03
-5.651297992343919281e-04
-2.306487853205628838e-03
1.073031719964728445e-02
-7.957668932526907463e-03
2.490333979549504487e-02
4.914852882847361125e-03
1.556805569309527813e-02
-4.218959588185917930e-03
7.861830082331567118e-03
4.008402477102716160e-03
2.956655412787462071e-03
1.205304266462327301e-02
4.224081609037291275e-03
-1.771460919872322719e-03
4.174811128424610850e-03
9.948717614266121625e-03
-5.062940368260785513e-04
2.051368901347313221e-03
1.194026375402823352e-02
7.910398323601561255e-03
1.581684423353517388e-02
5.689830595907855067e-03
-8.734231202379994776e-04
1.702303365828339299e-02
6.670229755434175026e-03
1.017828193987605628e-02
7.023782386595008725e-03
2.059902262308079511e-03
1.193264491445709084e-02
3.966602609010052953e-03
4.240883562261183013e-04
2.591118898748324354e-03
-3.760237428605377793e-03
6.929979659998453632e-03
1.586896821628968170e-03
-1.222327982693557913e-02
5.286689381912552596e-03
4.383172247628081518e-03
8.151044443558142991e-03
1.669047312809593051e-02
2.785921393380690666e-03
1.085406873354007214e-02
1.700871666288785496e-03
1.817211113452010156e-03
-5.271012566562724086e-03
4.305489422097263409e-03
6.074168677528008105e-03
3.789716423004354032e-03
4.052557749580241661e-03
7.506099798412522311e-03
5.794859327522759208e-03
5.650215558982573001e-03
6.569535386116609650e-04
1.040535701176709127e-02
-7.500901686309663537e-03
-6.362061577542160382e-03
7.579152386177146275e-03
1.269801532048681590e-02
9.095836486886584374e-03
4.070636736966497249e-03
8.819095516931383869e-03
1.860642751168948075e-02
1.452906684979996671e-02
-7.668923718661754688e-04
3.526490362266330829e-03
2.389276311377401887e-02
2.446122917807853382e-03
2.858191420667651698e-03
5.188688237519795132e-02
1.830661555964235507e-02
2.233076377277270000e-02
9.098471818855062565e-02
9.788435807365080885e-03
2.991509518711002458e-02
1.056707118760837928e-02
4.829332975569832626e-02
-3.158132946268055793e-03
8.630132547760719156e-03
5.738651289335298770e-03
4.528321490255789172e-03
1.837864988663326718e-02
-1.982876632072291378e-03
-8.108043046154408745e-04
-1.666747059155011508e-03
1.949281766554993370e-02
1.280702823841258810e-02
2.000152238977582781e-03
7.998707314542281843e-03
9.793758320756615343e-03
6.683518084842727733e-03
-4.453556046929691911e-03
1.059792599358995967e-03
-5.698465050628051011e-05
2.627595466669370612e-03
-9.580809246551158097e-05
3.146721827385132522e-03
6.986583863186842519e-03
3.015917529493157556e-03
6.795800466279230782e-03
6.945838357605968461e-03
-1.315752527077561395e-03
2.015212305146239172e-03
9.398313926808034768e-04
1.198104553677458925e-02
-3.267250581547744611e-03
6.153640504040903784e-03
9.800790529159995532e-03
4.607460039746498481e-03
9.109956252190114928e-03
1.127547157158975515e-02
2.005069454914755987e-03
-1.213317583019050570e-03
1.801912150790592818e-02
4.419913896883531125e-03
6.420365757003479792e-03
6.764017832407259213e-03
4.757398262073613167e-03
2.454722592803932572e-03
2.115467396086154542e-02
-3.300112059383236186e-03
9.906959395121055570e-03
4.943074546264704036e-03
-2.163912727249373610e-03
9.931775129401630361e-03
-1.592308336397163558e-03
7.092616968808418410e-03
-4.905226226947713604e-04
5.984019388459367247e-03
-1.211750089366009711e-02
4.695050883115492067e-04
6.559108813245790280e-03
-2.326037748339476741e-03
9.672188877871280843e-03
4.241558263788063748e-03
3.510504497943484070e-02
2.461033716996027278e-03
3.459204691685534294e-02
3.295560031260883621e-02
3.912053184836426778e-02
2.636121907680295459e-02
3.681106722513127847e-03
1.456456694238529061e-02
4.320618919100531821e-03
6.259651051028553535e-03
1.584287946036427863e-02
1.342777570345658408e-02
8.872576229607496284e-03
2.852846905117553331e-02
-6.058230283470827059e-03
2.173491591088830277e-03
1.727732834401068951e-02
2.296058071540502468e-02
1.206336829399926557e-02
5.449816369447386434e-03
1.338781614405467300e-03
1.567618216392650116e-02
-5.169910710330462636e-03
6.161348393585215502e-04
3.110974697737450140e-03
-1.277061230948973135e-02
-8.258425712116566897e-03
5.172642878772578875e-03
1.804802516012968998e-03
1.105852725590684114e-02
7.389868033389014601e-03
-5.532919411741773347e-03
-2.484423636629081410e-04
2.520618942993359691e-03
5.682236068991785433e-02
8.235220521159836160e-02
3.805868623040452141e-03
2.993871861257996550e-02
1.020402436466923135e-02
1.491533156385721308e-02
1.275287310150632035e-02
2.161167374722141807e-02
5.838881796764274108e-03
1.698342504583699730e-02
2.667168324645066355e-02
-1.193292837368750345e-02
2.682675731262237559e-02
2.220622633524177783e-03
1.199261011741161592e-02
-1.656768147628711642e-03
1.455054959596070729e-02
1.175819999704702003e-02
1.347025369663984104e-02
6.171944709031077295e-03
-4.354642905217054674e-03
1.515926619202880889e-02
1.906350110880380977e-02
3.046517421316827581e-02
1.068607176239678644e-02
3.447624625840216978e-02
2.223003594086399304e-02
2.720714518990811556e-02
2.716753265727338620e-02
2.201553538531720450e-02
1.279695799329900324e-02
-3.828871487201211416e-03
8.620772464900422483e-03
7.655402205504098501e-03
4.030594535931746047e-02
1.794568563547164954e-03
1.412797061714175448e-02
1.028250390166145570e-02
4.784511685779866894e-03
1.885034331083408968e-02
3.419834994539242001e-02
1.060751025807621720e-02
1.754394978816789172e-02
1.161398364683584490e-02
1.840222127614783623e-03
-2.411089017977508745e-03
2.903019943657695820e-02
7.860317777389587077e-05
4.013866546460261031e-02
-5.871805373739573701e-04
-8.773525329391169622e-04
5.364534576328908871e-03
5.773488526907062483e-03
-1.577199224561635828e-03
8.104786848925451745e-03
1.622877693588735404e-02
1.837039495994296015e-02
1.046361498567806823e-02
3.235849794376111088e-02
3.113961988879654103e-03
1.080025098984060440e-02
-1.116125695606048213e-02
2.717625880774401578e-02
2.936340515803982382e-03
1.165751815927084007e-04
4.416345408216005609e-03
-4.793946933212061765e-03
3.159862673331381017e-02
1.244808479061103139e-02
-1.167123297981114121e-03
3.367092255681384400e-02
-8.586911980796544264e-04
3.174998724419783765e-03
-8.356683651497999812e-03
3.334547347658082216e-03
1.607790475131631869e-02
1.486201106830982357e-03
3.203255015091045505e-03
-2.451791414638887934e-03
1.211733314528903177e-02
1.494003335881019696e-02
6.358988456704828783e-03
1.372219335299865173e-02
4.377988595612524771e-03
-3.782909411207749806e-03
1.694408457409609173e-02
1.913798782103847155e-03
6.719645579168393584e-03
-5.074235759908130201e-03
5.110050444412055212e-04
1.195167409172440826e-02
6.685018143405610340e-03
8.215326930279761436e-03
-1.193817833594505067e-03
7.860370985652591000e-03
1.389627921136008665e-03
1.766211171307590895e-03
-6.971338124049750173e-03
7.389115147249303815e-03
-2.177540802059437040e-03
-1.455184064337050436e-03
6.435742329814592676e-03
-2.860255107388124784e-03
1.237984027525314799e-02
1.702255832701848404e-03
7.100920229199766953e-03
1.695041308535314480e-03
-1.930122569866834321e-03
1.818855529050856373e-02
1.387573690407791806e-02
1.234524366221381210e-02
-3.646614309358270183e-03
-9.989810851514851694e-03
-7.719113737001589417e-04
6.660970817007685028e-03
1.342042217030555915e-02
4.416417535881797009e-03
-6.763291016930630777e-03
8.699627491043691527e-03
-5.131402796271522862e-03
5.964050367403716212e-03
3.628994167127976467e-04
3.271840435332506406e-03
-1.014759791722028535e-02
3.158895802269688288e-03
-7.423103603339757835e-03
1.244562707790594289e-02
1.459073837427151896e-02
-6.622910890575159706e-03
-9.932305387530397309e-03
1.570150127052352771e-03
3.676609127022876979e-03
1.135936151216445332e-02
2.613645624249998859e-03
-5.727311759173631632e-03
7.148412527908816309e-03
6.321721371922095316e-03
6.402848692541309936e-03
3.235539710158386473e-03
1.498379330331435846e-02
-2.239732211054389164e-03
-6.345887304151050842e-04
7.243456465754534446e-03
-2.693796332554992696e-03
7.101586650553295054e-04
8.721509237818285149e-04
-6.680432798658266294e-03
-1.796191855210549446e-03
5.965480107424181097e-03
6.357156483279885820e-03
2.853489514320183516e-03
-2.370488048355603831e-03
-2.582548967952450229e-04
-3.631422496072516434e-04
-3.800727459239970976e-03
8.801520220106173048e-03
5.618267756179280356e-05
3.510864814802544705e-03
-2.363831037337934225e-03
-5.291229229597204037e-04
1.321773319074356825e-03
9.818364144336127683e-03
8.938202252086598033e-04
6.062226879525783787e-04
1.636687280060507982e-02
5.465390125723633419e-03
9.270107566772840119e-03
-7.554799731137249764e-03
-1.263509392895683769e-03
2.034926438340621882e-03
1.397493765132907205e-03
4.741670518233061411e-03
3.189331084411448861e-03
3.833295783284609935e-03
2.128556038679163542e-02
2.673469895200968841e-03
3.921100097868270191e-03
2.233682899435948666e-02
7.550874482870149201e-03
-1.262938847561994021e-03
-1.956189612951327386e-04
1.229589744354930500e-02
-7.156209844057044491e-04
3.747652007416629998e-03
9.671941978316271615e-03
3.422106266124078349e-03
8.679606067554078083e-03
1.193157286979368466e-03
2.572861083441906407e-02
4.950527185327070236e-03
1.343050825071091803e-02
4.200249533820104957e-03
7.160861318364363003e-04
-1.778226808504057913e-03
3.362022179525028104e-02
1.469944085227101573e-03
1.034155898734308993e-02
-6.980355361433173908e-03
-1.033490163373638592e-03
1.994268811406916479e-03
-5.130154400020198874e-03
2.225374039343560977e-03
-6.223595276084734670e-04
8.485388541155809358e-03
9.960557240853993091e-04
7.514896489570474297e-04
1.306305817652489779e-03
3.549786612968120359e-03
3.994287478199480892e-03
-4.501314775953265367e-03
6.699088561322986100e-04
7.355080300584475664e-03
1.119092522927080807e-02
1.564736882093159184e-02
3.401023542048178892e-03
-2.979100306696370274e-03
-6.156115877451399931e-03
-6.085284324003493138e-03
1.748351229385080099e-02
4.574431397465990139e-03
5.105662072150105729e-03
8.943471226022141687e-04
2.035878161886696836e-03
1.454624972144198973e-03
-5.062197352719996490e-03
1.896587426590856532e-03
2.665992424093241268e-03
7.914886283672997735e-03
-4.978856668291573159e-04
5.621460158733661630e-03
4.055075481811797923e-03
8.345522170202073972e-03
4.741538305327799505e-03
1.535985219124773576e-03
-4.350522271949517706e-04
1.268338388118403015e-03
-2.428454366140192847e-03
-2.521156543995103395e-03
1.534125904303818184e-02
2.181475282384563643e-03
-2.582027195576116260e-03
1.252055594364552375e-02
1.784371906568556557e-02
-2.662081871680881291e-03
5.448787401297700006e-03
6.484249397463345528e-05
1.830618854545924823e-02
9.593823896037790427e-03
-5.316137435309708711e-03
6.722179341673345000e-03
4.488721403583145514e-04
3.180532196937068019e-04
3.039839639933091886e-04
-2.914460335469435878e-03
3.687236163677404949e-03
-5.348935786528448682e-04
1.401284651935438309e-02
-7.721871829894791719e-04
3.704031233208205775e-03
-1.284459381190878940e-03
5.501701533800784942e-04
8.289863237621899333e-03
-2.231560631219041500e-03
1.613595478872408093e-04
-1.731669990079867834e-03
7.052854684578480820e-04
2.782732339772779791e-03
-4.203924859138254838e-03
-5.041526010244871958e-03
6.002381114799619673e-03
3.300544314259822899e-03
-1.000447190493624792e-03
-1.758991313071606513e-03
4.386608227454536282e-03
1.015669499231532059e-03
2.484900484335185087e-04
4.587379440739122217e-03
1.469003505516198755e-03
2.883415410011518510e-03
4.884910609203801241e-03
-1.189378253952004007e-02
4.284314672654073938e-03
7.669846916666852796e-03
6.726819948379930345e-03
1.195890883176780120e-02
1.672849727033386526e-03
-1.499379077282417998e-03
-1.397677214929250993e-03
-2.092963627926799301e-03
-6.426889149080881837e-04
-1.519701836003478287e-03
1.565587131584328731e-02
1.295145242518691694e-03
1.310414286889369879e-03
1.147071475629654613e-02
1.340103391270559613e-03
-2.865553327769279884e-03
-1.755989065366783067e-03
5.339576917730804069e-03
-6.398661991068533596e-03
3.672696662982599843e-04
-4.474513557628454971e-03
4.985714024638729456e-04
3.865142896919928749e-03
3.052944680327340614e-03
1.851165536348346480e-03
2.986785498458549223e-03
7.023333989998216745e-03
-6.603612076213291777e-03
-2.219378747401467688e-03
5.298597129188536113e-03
2.826145360860922700e-03
-3.814647075309766239e-03
-9.945860051983191133e-03
4.680963253774093544e-03
-5.427445542480952879e-04
3.040442853649460552e-03
3.413113575125799586e-03
8.511520854528533287e-04
1.250561490120873087e-02
7.985189250357301038e-03
-3.751808328986652296e-03
5.430349541440930182e-04
-1.855487274848702890e-03
4.545634444540165749e-03
-8.581584643459802108e-04
6.536515836845571692e-03
-3.330937438655122169e-03
6.097254442827085633e-03
4.264815679519754626e-03
1.005856548177842379e-03
4.862167615929677625e-03
2.004809593241316506e-03
2.408909618432101846e-03
-1.524658977502920320e-03
-2.670513145127497052e-03
-8.340126536355748884e-04
-4.609345984179009925e-03
1.421466669427525484e-03
4.517230826280204531e-03
-2.881027571187592864e-03
-3.150233947873978639e-04
7.066250363237245452e-03
-2.866102964375000142e-03
2.850635113602710807e-03
-4.129418531950770042e-03
6.724958736379292026e-04
-5.120873483749148990e-03
7.195267847058522265e-04
-5.054538501737693840e-03
-1.992026520975834995e-03
-8.084707969620666748e-03
-3.872023812951889011e-03
-6.029814348279397603e-04
3.450622346804243720e-03
1.734460431268598259e-03
8.882658470338851073e-03
3.889385381996814800e-03
-5.682267072842329785e-03
-4.167229238318961512e-03
-5.307251363278522307e-04
3.888325547699970648e-04
5.206367049144872139e-03
4.933179785638803355e-03
4.333522730542741451e-04
2.111919249520576806e-03
5.741338884459817687e-05
5.067977524476297013e-03
-2.581018796836490915e-03
4.878267884057151311e-04
-1.560385223339602525e-03
2.491654200703297887e-04
-2.120299328067668920e-03
2.448428455454335594e-03
8.528904981656022224e-04
-1.649222201325011884e-03
-7.131764850674932694e-04
2.408966919106820832e-03
2.671222818828393117e-03
-3.262636979003518626e-03
-1.694946250567555546e-03
-8.223382705783209221e-03
-5.305128696253330264e-03
-1.695205891726921012e-03
7.219806652247836090e-03
1.036179578169165241e-03
1.190242192193585215e-02
4.417504839021034989e-03
5.075390198585470920e-04
-1.108179731653301464e-03
7.845366681186159707e-02
1.559830563649450795e-02
-8.447233168342487691e-03
3.208491795087553469e-03
6.627983884307069896e-03
7.378434228085616053e-03
-1.305730386342592638e-03
4.847634847035360225e-03
1.597201242272731567e-02
-8.204056664888522213e-03
9.475182980723483722e-03
4.456546189368091118e-03
-5.105159175150185760e-03
6.740958213790978863e-03
9.695485244066298636e-03
-3.023963649748488691e-04
-2.396173970512693353e-03
5.588921523875339109e-03
-4.872884423493454784e-03
-7.665611374518588360e-04
-4.947876092874911244e-03
-2.373660378209485090e-03
7.485682938313596539e-04
3.045926489038641195e-03
-5.422315328952938707e-04
1.211837494948006175e-02
8.391046772703259979e-03
3.958094935035303633e-04
9.708473133453444925e-03
-3.752647271483338428e-03
-4.059101522203806961e-03
2.486539126238344281e-03
4.645418963717230267e-03
5.453163443832576181e-03
1.359017959800733026e-02
2.516743389776817698e-03
8.438767275400866838e-03
2.942762648697700399e-03
5.134625040802338371e-03
1.460912192583617647e-03
9.738464525316322187e-03
8.104550554516318575e-03
1.216495313060753786e-02
6.118139818818521970e-05
7.444144671478797673e-03
6.076866153859222450e-03
1.453045353496545955e-02
5.157610475600688665e-02
1.162312116675838849e-02
-3.086007562274190735e-03
6.128158172212877508e-03
2.415242156408539329e-02
9.922219537546766999e-03
2.120388738478635321e-02
6.123738499953157964e-03
-8.913874971894564844e-04
5.800997652433511308e-03
1.751727443092319925e-02
7.208519848184774190e-03
6.788220363796757667e-03
-1.485423529071006011e-03
3.063463049979436512e-02
-4.280322384553291587e-03
3.554123502379967665e-03
2.451668946025950448e-03
1.306045616728935318e-03
-2.495200353022245486e-03
6.483402793863123764e-03
2.569011532969268929e-02
1.306597414493180283e-03
4.793042383581392306e-03
5.846098877185506616e-03
3.232184267119446279e-03
-1.145084404512040823e-03
2.498718373989977258e-04
-1.764839400286639806e-03
1.194457197722138299e-02
-1.489657071832635894e-05
-1.549963508383567570e-03
-1.059621946300435321e-03
1.966256161510495292e-04
2.236590664058076688e-02
1.541774447063956263e-03
1.847225467880667105e-02
4.126865843320238689e-03
8.180719123259171457e-03
1.873085869196938411e-02
-4.772307856028379738e-04
-3.204511919816639253e-03
2.022992839586678759e-03
-8.491626255709013374e-03
7.736608126449199922e-03
1.570367409569355804e-02
4.894857664010606770e-03
2.409594873737155689e-03
-1.571800924010077587e-03
9.806782688616430370e-04
-4.683616141231264351e-03
7.708175485729386670e-03
8.105380483991944315e-03
2.730483956346186833e-03
1.079821410027287550e-02
1.008519292810377242e-02
8.862109556942302999e-03
3.171489146044760045e-03
1.449043720373167921e-02
4.419334389855172907e-03
-3.914306155673422279e-03
2.453975806770025518e-03
2.882257280888719797e-02
-2.664670965237296834e-03
4.245526158084173690e-03
-7.851242594936114942e-04
1.615278533694424097e-03
-6.055296338211346241e-04
4.045154635276478907e-04
-7.406195925489888034e-04
-3.714283538853223841e-03
4.112689711849878624e-03
8.517455733470704476e-03
-2.110789346830301526e-03
4.304726567599305269e-03
5.339170267465249455e-03
-1.209706445609360888e-03
-5.237181966950877482e-03
5.017105301509241187e-03
1.324022459763236166e-03
-1.059702048175317670e-04
-2.152725094721167839e-03
4.674072633724241956e-03
1.342837908207497773e-02
3.103449474069873079e-03
2.276084402958073426e-03
1.403576114205780379e-02
-1.942009940386887467e-03
3.085320123121983431e-03
1.301512943442719459e-03
1.191779280730425033e-05
2.580166019978789188e-04
-1.140726222174487901e-03
-2.510763248117686176e-03
-3.028444813837580588e-03
-1.090320659537437125e-03
-4.528593209345437715e-03
2.005844347860150523e-03
2.150759475064524962e-03
2.058638785993523526e-03
-3.989421459642432562e-03
-7.069034621872118118e-03
1.455683702340815214e-03
1.000136992279061776e-02
3.243273759354630466e-03
-8.909388980816410368e-04
-3.751733585436337146e-03
-7.443048916366258767e-03
1.871273833241773876e-03
2.576401327568703797e-03
3.696022353417204986e-03
-3.163706225156032560e-04
-2.129756754085664094e-04
7.561619819908211096e-03
-1.651334263049549292e-02
6.120102228563948678e-04
1.049740551542628110e-02
-7.101408619990002939e-03
7.601441804289783659e-03
8.176374512637963471e-03
8.222770525351946747e-03
7.782350116302169229e-04
-7.627946571790623562e-03
4.311090176927356507e-03
3.236160274838919496e-03
-2.061303174361545174e-03
-1.142442475429196252e-03
-9.291824489902953885e-03
6.461402797326213504e-03
1.958903175590802868e-03
-1.226295229077493812e-03
3.366630933750401448e-03
4.415098362191928472e-03
-6.416162330275173957e-03
1.674496095498141494e-04
1.340245964293249221e-02
2.230131518448842665e-03
-2.811780040237505545e-04
-2.519235558278674035e-03
-4.766413635247392609e-03
2.419377814153050865e-03
1.679075385897344647e-02
5.409146998022220515e-03
4.698129878428250169e-05
5.947119072794351119e-04
7.033862352310244013e-04
1.734237943198452302e-03
-3.885123965986575761e-03
-3.790019751790514330e-03
1.142829078766254003e-02
5.169945046048299298e-03
-6.813660006179535211e-03
9.857844548196155292e-04
7.008013132895353145e-03
1.696269993712622203e-03
6.439920233868949833e-04
1.045811163662048460e-02
6.499763292376446386e-03
2.807181211392902921e-03
5.403950262814821368e-03
4.070934347668644752e-03
3.082774277051469371e-03
9.617637741697406678e-03
-1.554260304827524350e-03
5.953361794708520241e-03
1.250848833869325043e-02
5.376221911568513853e-03
-1.011220084287942599e-02
5.424541617787125014e-03
2.699724494258065165e-03
2.614451577170425443e-03
6.605181029208235773e-04
2.343108184649894763e-03
3.579040663964603262e-03
-3.302673990792233307e-03
8.806585328959525005e-03
1.123610389813496516e-03
9.977956874290270020e-04
9.210289114364446708e-03
1.534587791948421572e-03
3.195070383310353018e-04
3.784670685677382455e-03
9.705880194006385672e-03
8.977653139480857789e-03
4.781333350224873865e-03
6.551938927640515824e-05
5.186505813355649433e-03
6.330219851681535836e-03
-2.586424880320624484e-03
4.883916823718650879e-03
4.798348525455116073e-03
1.871965589345354810e-03
3.142454066637729443e-03
2.586068604509018324e-03
1.008937489046045312e-03
-9.109829310458467154e-04
5.202713124306443913e-03
1.713595475040048579e-03
-1.589672970548556110e-03
1.129576097571174768e-02
2.418775474054808174e-03
5.431677512046055069e-03
2.337541467412205566e-03
1.029704061716608249e-02
-1.189268632459366181e-03
3.380231114422094230e-05
4.134256583723954805e-03
7.271376507297977465e-03
3.690955960724607611e-03
9.889555294421681873e-04
1.119888630112926336e-03
3.108382780090812071e-03
5.212268627523023064e-03
5.776137587335947871e-03
-5.432225093394095136e-04
-1.272232072968811968e-04
6.228346275090548704e-04
4.761242364723902503e-04
7.661199080132342215e-03
4.469546211552881572e-03
1.964800064264815745e-03
-4.377019446306760868e-03
-1.728698465721198235e-03
9.220755290869085729e-05
1.067465488324061129e-02
6.572368600429712550e-04
7.368906592201447323e-03
-4.070101302485315022e-03
2.195021778835143638e-03
1.803028794922639354e-03
-1.565199164831674759e-03
2.718297800828869742e-04
3.115761555663668493e-04
6.719872825052168944e-04
1.280060089138835384e-03
2.015316549546880727e-03
1.140428910907843483e-03
1.739822149010150166e-03
2.514607752611535676e-04
5.837669152644835331e-03
-2.750708988741449104e-03
6.003323421216512704e-03
3.249478409548462940e-03
-5.856172127171653616e-04
3.745482713277144878e-03
-8.074847089320519745e-04
9.043057592068186323e-03
2.386418633253994340e-03
-1.432058301076003263e-03
1.867646186281314092e-03
5.552283234617062628e-03
2.003302398495635656e-02
1.200536100695395909e-03
-3.165303588159498055e-05
1.514660245198111085e-03
1.242983544484601525e-03
1.602636285295034073e-03
-5.328615611600358987e-04
4.428463198457202599e-03
4.110915960760163843e-03
-2.869272092280445840e-04
-6.651165258494253028e-04
1.377979731795480104e-04
4.180992274387429139e-03
3.821344745357909897e-03
6.183546000410682607e-03
2.969093555273526717e-03
-2.591954796905414533e-03
-3.831628386519357870e-03
2.103917301967612227e-03
6.506234223145931049e-03
1.138210544860860166e-03
2.168119374223124746e-03
3.823447859496881436e-03
1.072368960821033605e-03
3.121221489106343946e-03
8.731166353430686033e-03
-8.525896381796996834e-04
-1.350509059189902283e-03
-5.614606894993936885e-03
2.089168867646247138e-03
2.469151123683076526e-03
2.106374645146507664e-03
-5.236505869034849096e-03
4.102342302067342635e-03
2.183794861083354546e-03
1.835056379316784636e-03
3.020599120962030436e-03
-1.847812640087086742e-03
6.917063227786453316e-04
9.251891401558510987e-04
-5.477780425772010549e-04
-1.398475430306802278e-04
-2.821656770530976341e-03
-1.272638155214546275e-03
-1.279357381411488827e-03
1.091396612774316434e-03
4.820559177623525565e-04
1.751719695204270342e-03
2.425904750983532299e-03
2.959448115305021981e-03
1.749181392022243812e-04
-5.355379074551611801e-03
-1.747110088474165780e-03
-3.628435134333443516e-04
7.572463448151774352e-04
-3.309471376774632788e-03
3.685273870045224429e-03
-1.016926186151987949e-03
-3.189552646967674324e-03
2.533338154022642726e-03
-4.402275993503063220e-04
2.934552811591228244e-03
-3.129646233430667841e-03
1.742501617429590127e-03
-1.345100508163785688e-03
2.060840027249224993e-03
2.966060553704635058e-03
-3.310709449536413523e-03
1.117584857847179342e-02
5.830113746874422383e-04
-6.929664487573758153e-04
-6.245546523065854776e-03
8.318010166109833167e-03
-2.812659013554449135e-03
-2.555159958587014876e-03
8.352293101776335840e-03
2.002836910656300828e-03
8.077832925845821951e-03
4.012160887684351231e-03
1.118200604826828475e-02
5.734333797597333977e-03
1.657139494054558296e-03
-3.616782819521155608e-04
-3.687535518005837475e-03
-2.712297043417795633e-03
5.700464652098879807e-03
1.763338266979807764e-03
2.623440105050629540e-03
1.403103342580449848e-03
5.587997170125414770e-04
-1.489673094509410016e-03
5.936377817797373717e-03
-3.740542489694896090e-03
7.414657855495752209e-03
3.482960713519326311e-03
1.053812509267770207e-03
-1.400441942762149696e-03
3.044115165891660667e-03
5.337465517882673816e-03
1.108705010711851478e-02
-2.177538446347192409e-03
4.363252393152477343e-03
-2.479752887276632373e-03
9.143775840735056696e-04
1.427266147727687326e-02
-4.599407207490954774e-03
4.062215942848611781e-03
-3.164046749098745493e-03
3.641201974159354038e-03
8.362455232286744936e-03
-6.099996291882619961e-04
4.025895755136375126e-03
1.519777801714591783e-03
1.433907606396719360e-02
2.909928328976116307e-02
-2.540572013797858311e-03
1.850138544904959565e-03
7.885156945814498055e-05
-6.465943880570047472e-03
7.385314798880862966e-03
1.426423190376772780e-02
9.442960969639714250e-06
2.478066874397678952e-03
2.642945418078585483e-03
1.846201229040383973e-02
3.450847939373421873e-03
2.970183749703183152e-03
1.201004357696040109e-02
5.548149494851533498e-03
3.137627100454822883e-03
2.895193483204798988e-03
1.699481326943751884e-04
1.009915769564084798e-02
-3.375314578234514008e-03
8.921553122141349587e-03
5.343640571230350543e-03
1.620857421864347128e-03
1.022035341638633313e-02
1.245377198224446001e-02
1.184144851946133253e-03
-1.600481349363459121e-03
8.347193211407179236e-03
5.690318059179085876e-03
6.265164595157903145e-03
-5.147757254396314111e-03
7.834305358543222630e-03
1.820456862692142533e-02
8.336030031239160046e-03
8.598071187115937861e-03
1.022819824905998702e-02
4.187876748450784195e-04
-8.324147703307303511e-03
-4.051063791289915682e-04
3.280044667936013111e-03
4.784872167766907047e-03
1.427143659120094082e-02
2.202479048475110453e-03
4.533855455440960816e-03
-1.534773344199389061e-04
2.502625548931642404e-03
-1.005453087111373399e-02
2.851644951617185626e-03
6.911397001248825592e-04
-2.211541532882681585e-03
5.153743194596944154e-03
1.056190650664664762e-02
-1.321304391481716890e-02
6.510958315726156440e-04
-2.334804466141570008e-03
-2.001865315100227727e-04
4.570500697018555630e-03
2.586397817064462791e-03
3.413076411344179335e-03
3.683548628563953521e-03
1.752427603008090487e-03
-1.437630817427356126e-03
-2.884907665899584528e-03
-2.677249029888489288e-03
2.020936555807385988e-04
8.746994507509001093e-03
2.107773733780380927e-03
1.964495621615933770e-03
-2.193549414071124977e-03
2.704718832776851871e-03
-3.543300183667880479e-03
7.406756824978214665e-03
1.861964016670764836e-03
1.698760235492268247e-02
-1.555433635031238260e-03
1.357423677210433700e-02
7.718332571636379348e-03
1.891922991307740196e-03
7.743478087198295279e-03
6.704311335877840422e-03
-1.204261300097146225e-03
3.536969477643879360e-04
2.853638619502438310e-04
1.192398302246949413e-02
-9.551799907658143447e-04
1.103278923968142519e-02
-1.309852881375336234e-03
6.260268660092764559e-04
-3.614677023721798999e-03
7.349183799533346231e-03
-2.359359790022743514e-03
4.005704629591749517e-04
4.374190055334223337e-03
-1.174901683774326553e-03
4.946645483108878805e-03
-3.383085933942223990e-03
3.540783446054275585e-03
-6.595560686764157356e-04
4.218450512636012957e-03
-5.965779565993655203e-04
1.101293644488212861e-02
-2.407195994930310008e-03
-1.297195362256150760e-03
-1.098751733146075341e-03
5.005631060796107701e-03
3.115155265498808362e-03
3.317876763221676382e-03
4.734505352896031805e-03
-1.054940319351691880e-03
7.203803789544785396e-03
-6.947534026445797810e-04
3.560346950251265519e-03
1.213629175973380409e-02
8.236705064350566957e-03
6.594864570683499350e-03
2.927618024791880241e-03
3.945783419904961729e-04
-8.169018721869170671e-05
3.065892351730394559e-03
-7.419743983874398530e-04
-7.680991182879832666e-03
2.473200040667300741e-03
-3.010939922024885064e-03
-2.693757583087134748e-03
1.978448943474848867e-03
3.864915700391747221e-03
-1.395141518046330575e-03
-5.412152610133772433e-03
-3.431080881749525805e-03
-6.672671205246249277e-04
-2.989388632220358038e-03
6.015770829068112918e-03
3.238470434140759170e-03
-1.007558981200642415e-03
1.049625945266884509e-03
-1.693724245368967950e-03
1.510788622621315287e-03
4.248972501869334450e-03
-3.168201469954526513e-03
5.471562970501580268e-03
2.445038993633503674e-05
2.158869315566141686e-03
3.372573201801898563e-04
-1.063754766804235648e-03
1.110174549799157646e-02
1.727968773419380055e-03
-2.593481437035514460e-03
9.367030317810722331e-04
1.012219633641909221e-02
-5.649521987413678396e-04
8.462983719566778001e-03
1.083429632707247695e-02
5.281382818774551027e-03
3.955915647501797791e-03
3.545106759907650819e-03
2.696048512982300235e-03
5.928184308253364211e-03
4.625140367481716738e-03
-6.025047152995646055e-03
1.059976751575253655e-03
5.056663410493267286e-03
1.467566922606515284e-03
2.648550778654408045e-04
1.389851467872021832e-03
4.954288462540169628e-03
2.448964935434930126e-03
-8.859352322537795976e-04
1.951208276812740981e-03
-3.411409401376502577e-03
-5.710528105234357558e-04
-2.707507551152364255e-03
7.956646686439252172e-03
1.275826754599526181e-03
1.509862557764424761e-02
1.087040562284719881e-02
4.586040313374314774e-03
-3.407685668229275440e-03
-1.676678956144135677e-03
3.641692363545019368e-03
5.624756097995284483e-03
1.051673463371808302e-02
1.168395792661741130e-02
2.621440157365977769e-02
2.502585045279012016e-02
8.499349260121572512e-04
3.333510399526604107e-02
1.687990315575454980e-02
2.526571536922362499e-03
1.915378656840526330e-03
1.278008541395808835e-02
4.506884592088237877e-03
2.585723106659438067e-04
4.739061746209389560e-03
1.660025906881644475e-02
-6.108847439504279907e-03
2.886968935472524270e-03
1.651550921151334140e-03
-1.343565707906174342e-03
1.171802327682896442e-03
1.119431266476962616e-02
8.476651324169710150e-03
9.969474822163230596e-04
-4.333223111093208180e-03
6.495843941806860207e-03
8.287294219560854694e-04
8.468536291449906342e-03
-3.992014850798137997e-03
6.874193305920315786e-03
9.585582547112392760e-04
8.573281720940746642e-03
2.440420607414833711e-03
1.889717580433462538e-02
6.623619595977666384e-03
3.375686342242233389e-03
8.376997221537009833e-03
-4.006693882686596098e-03
1.513755602748277813e-03
3.550914504813765509e-03
4.885966736339362147e-03
1.033203876143968039e-02
5.072014814446553291e-03
-2.683888379120855962e-03
-2.340374627991369944e-03
-1.938581049307521158e-04
-4.252491749864563408e-03
8.373617919835568690e-03
4.546032785952879365e-03
1.541366747900231073e-03
3.171835025101069679e-03
3.247181109374257940e-05
-4.141803965724126860e-03
-8.254771622499220730e-04
3.219285797175768654e-03
-7.063057417314694275e-03
-6.046440913955663903e-03
-2.510397280204608797e-03
1.551340229598214149e-03
7.698670240727186788e-03
1.304769570393717396e-03
-7.834389353005761537e-04
4.793150892115187640e-03
3.154015805277921632e-03
6.269258198075024907e-03
-3.191697864883769054e-03
4.980025045345072218e-03
5.201069824493249720e-03
-3.168625193214718964e-03
2.400928704086669266e-04
2.096901132341357030e-03
-1.027826711581430194e-03
-2.087074258279972890e-03
1.164179423685669009e-03
4.686966887328910744e-03
-1.259466586924398723e-03
2.183534468392639557e-04
1.540321523227049759e-02
-2.366241396786463759e-03
6.320927724322450165e-04
1.980325861531499147e-03
-8.118543694070722971e-04
9.000377453623845461e-03
-5.700423719753580556e-04
4.750150755102930562e-03
1.007295057577346255e-02
5.496030915954893369e-03
9.362460117385850572e-03
5.198617537322539756e-03
-2.696013008369669683e-03
-3.952101404237844985e-03
2.678664323480958471e-03
-2.657469101842179632e-03
-5.543884220632022859e-03
-2.335952849882819149e-03
3.047084261943023946e-03
1.014462508890488258e-02
2.810645018849499722e-03
8.171578880298834349e-03
1.439012771136570674e-02
-7.903551225547381098e-03
-3.443552387836495889e-03
-3.250530111820148474e-04
1.558739233047296349e-02
-1.896078528852300753e-03
1.341030812897778604e-02
2.089395773368086552e-03
1.364241750140167842e-03
-9.210171901710971802e-04
8.009348925648572884e-03
9.669245909964150829e-03
8.014937091009827902e-03
5.276162568236455325e-03
-8.417894280475421084e-03
5.165674420189352370e-03
4.044556462549523355e-03
4.411778671869690839e-03
9.108446615994894927e-03
6.367651218551120124e-03
9.249065391756437077e-03
1.068894337397372808e-02
1.982109570761040988e-03
2.833489006482861356e-03
1.717108909797929878e-02
-7.523794857942083143e-03
-3.427222802355197207e-03
6.312863803976385621e-03
1.005606786559996510e-02
-4.484412864703551937e-03
-1.220979157107400298e-03
1.036013363762518062e-02
1.067642205785349638e-03
9.521692659766728666e-04
4.104411687947132070e-03
2.146006058991325929e-03
6.924750218789480806e-03
7.234628392900019703e-03
8.112925961045000522e-03
5.778444963591139807e-03
1.011414171630383276e-03
-8.881742498940302030e-04
-2.122542645296508334e-03
7.960423165759632907e-03
5.842470678576996892e-04
-1.614691990835801123e-03
1.714602182499610659e-03
1.311019170268270390e-02
6.309817195747017236e-03
-1.516458727604910392e-03
-2.703745811685195639e-03
3.978965372913417483e-05
1.027000888577106301e-02
-5.670476014469571190e-04
6.432003938920675306e-04
9.752620654603276137e-03
1.334590644932221425e-03
4.300507987071585346e-03
-4.398186246739121431e-03
-2.254806565286360080e-03
9.832468338290488094e-03
-6.149244157956602549e-03
-4.276938563654888699e-04
5.084261819230742781e-03
1.021923959415103368e-02
6.729340872117719509e-03
5.951490212938663482e-03
-5.370600280702233706e-03
-6.533276988256258265e-04
-1.250791630035929039e-03
1.145739499710476776e-02
-1.894253000232892087e-03
-2.324090800716065077e-03
-3.874023669280160249e-03
5.021724116566631869e-05
7.235841099470476578e-04
2.532526098631035418e-03
9.475933778738431998e-03
7.523659670825372930e-03
1.654365182736107151e-03
6.665446021721613441e-03
7.719373633236547910e-04
1.108011938375462946e-03
3.073803854744491283e-03
-1.045878607268509522e-02
9.844826544917554753e-03
4.056607460722329479e-03
-7.312519658879779692e-03
-2.823532145479644624e-04
2.309190309172674468e-03
2.178262935590793026e-03
-3.081661706510598151e-04
2.063906562989864264e-03
3.501704125426227578e-03
-1.225292187402454236e-03
2.554870583546259809e-03
4.510073320772778858e-03
1.289075875947189118e-03
-3.139018235339597132e-03
7.191905176615342749e-04
1.579218267771794826e-04
3.372650865447718738e-03
1.674551593207650180e-02
5.332898951769810946e-04
2.988260065494748041e-04
1.177350871353550869e-02
7.016998955693464456e-03
3.183822396119683168e-04
2.282323116807981854e-03
-4.851044056089531451e-04
2.107767306396121122e-03
-7.242375293535057920e-03
2.643815164600543145e-03
-7.522371212649838412e-04
-6.438266036071256873e-03
8.717184776185380943e-05
3.168782565091887108e-03
3.766735191435172103e-02
7.783933267165091090e-03
1.048162380656282068e-02
1.397680644037256441e-02
1.142441419971528677e-02
1.449034051626269318e-02
7.518623537963196012e-03
2.275588310833434342e-03
-4.525405407590175726e-03
1.461800430680107281e-02
1.744056702634646117e-03
1.507577412487446505e-03
5.587775625021267067e-03
9.968663921449904229e-04
-3.612930411868940303e-03
3.706892307450370544e-03
-1.357734403420560610e-03
-6.818411015460315236e-03
5.799964050058102963e-03
-5.694575557726876298e-04
-4.580654657455027895e-03
2.867549179087126691e-03
1.295302850962893292e-02
-1.942164530458112895e-03
6.163502383212280007e-03
-5.985226412758359133e-04
4.469462521704737788e-04
-2.516877590231687140e-03
1.683573772567806661e-03
-2.183176331294889305e-03
1.491195627122160038e-03
5.003027645161048018e-03
3.574263107011834990e-03
-3.895692945031221759e-03
-7.547232352951337500e-04
3.672028084095440605e-03
-2.905847127231294541e-03
-1.747405193282374966e-03
2.476915262788106920e-03
4.198698622043221459e-03
4.247192474893366279e-03
-1.842323637294123601e-05
7.856280180322578908e-04
-1.178092863498249624e-03
-3.001430809478225037e-04
7.847562864932421459e-03
-4.816983153473878079e-03
1.194952554350155616e-03
3.869363725052462743e-03
8.424494328204327684e-03
1.302971992155098867e-02
-4.795629503703166020e-03
2.362806426933704816e-03
1.860449722424251454e-02
-4.524405618266167869e-03
2.254232559050897700e-03
3.121989478043640407e-04
7.758024209652057517e-04
3.469843712938516615e-03
4.982195473282180834e-03
1.545926686769334745e-03
1.474437127868883854e-02
3.632530520180345113e-03
2.791308581514840778e-03
6.792598040682133395e-03
3.709424955627147955e-03
-8.949663980585391160e-04
6.015826985536829388e-03
-3.833369874169487330e-03
2.072726092032407298e-03
2.204597457224853618e-02
7.649953270709537387e-04
3.194176386110167236e-03
-1.413989137675393266e-03
2.149020261114650051e-03
2.911196128204189028e-03
9.715657630354102188e-04
3.953317615627272822e-04
-4.822160625062762648e-03
7.205919990056656533e-04
7.411185175906886101e-03
2.527034756054905365e-03
-3.457501437395568526e-03
3.037242661054284990e-04
4.698037563061213825e-04
3.207032724342327289e-03
8.031035345524696698e-04
-1.177079028945781844e-04
2.074859372726859004e-03
2.361757771635076067e-03
6.577268419393864085e-03
3.834320806232374701e-03
6.434359090939571584e-04
1.287509538539449196e-03
1.450214012135143775e-02
1.253817634915166835e-03
2.117020617560720977e-02
1.416223418365729868e-02
3.296843301115450625e-02
9.998321551321749656e-03
9.835157007061471821e-03
-6.833124353851243761e-04
1.601984902630173820e-03
-1.041924073395790809e-03
3.886381283890068088e-03
3.094227722507923457e-03
-3.822241889339425547e-03
5.828129246782682432e-04
5.830481430624874506e-03
1.048606367427107723e-04
-1.025551613696715908e-02
4.879726171904611234e-03
2.469191641713477416e-03
1.463094970948344582e-03
3.171732054586576493e-04
1.122697116789603440e-02
7.242938596831974447e-05
7.384623154275627745e-03
3.687778801916050120e-03
4.378167490345170366e-03
9.625534023502704817e-03
1.667868035332498514e-02
-2.199783888359608391e-03
5.731688537988626278e-03
-1.532459774491685533e-03
2.315325846214466143e-03
3.582838932893937095e-03
1.159686851814442816e-04
3.415322167558567431e-03
3.585879181879591832e-03
6.581710304544380330e-03
-6.381860547039849667e-03
8.698786342169742211e-03
3.039356701013300795e-03
5.641485560923510667e-03
-1.792960615336827192e-03
3.988913251326553500e-03
2.618767468974951464e-03
2.872762866912362267e-03
1.250300819655624711e-04
-7.271209280729012351e-05
4.778428909360612348e-03
-3.028479871112623595e-03
-2.744003781068797814e-03
3.450301010161279389e-04
4.961435701962428439e-03
1.938837290574168138e-03
2.481900535112115634e-03
-1.102980648172663045e-03
3.053822125347816635e-03
-1.531896458062226209e-03
9.619990940150396908e-03
-5.530423050690812248e-04
5.411606978221273961e-04
1.827035121352048493e-03
5.224521929088345520e-03
-1.987766437673668977e-05
5.166941403006872213e-03
-2.619259245856060854e-03
4.783744549650618787e-03
-1.476011681563754166e-03
-7.012350304613437649e-05
2.369723331001392756e-03
6.270114028578229652e-04
9.379557334045118995e-04
5.439797771002782140e-04
1.022893027449941171e-03
7.946744688127468578e-04
2.865636533993501725e-03
-2.705170326581510763e-03
1.255956410797249862e-03
2.994241022339688609e-03
5.511991881888255070e-03
4.678315140485343575e-03
-9.221072910266296880e-05
3.060341309410574261e-03
3.651458806724692478e-03
5.982006867710274291e-04
2.958085172532275847e-03
1.856907857825863383e-03
-2.254524547360751280e-03
1.011828910097458539e-02
1.762174322318841354e-03
-1.824123032347915339e-03
2.822905846782216514e-03
-1.099505959315338725e-04
3.024449788445481881e-03
5.051029552469291951e-04
3.251140659753153171e-03
4.355159150588707243e-03
3.511959726414387996e-04
2.644248250524148820e-03
-3.653629123518846444e-03
7.246150142136132104e-04
2.419360678030727657e-03
-6.452851061037050313e-05
-1.416907500282244469e-03
-1.501847162507472487e-03
3.528793232835169885e-04
-2.863888796973124411e-04
7.050818635153761546e-03
3.964735694971104583e-03
-1.469244768542982051e-03
6.092960256191879255e-04
2.001525572069116129e-03
-3.440811698954888108e-03
3.715380286887189250e-03
-3.127533048497232971e-04
1.967098120561058556e-03
2.523470399860942848e-03
1.362357601873828575e-03
1.097894815867562178e-03
7.105668909154161340e-04
-2.304823075965031255e-03
1.679181154189367730e-03
-8.351959770524270202e-03
-6.045593521321947564e-03
2.939738278038912106e-03
-1.959688726991855832e-03
1.422651289418386321e-04
1.451488246955387256e-03
1.901614792824998616e-03
4.538945342563898214e-03
4.566109568496976544e-03
3.998528987574472178e-03
-1.244491941180538366e-03
-5.268081321120241488e-03
6.390309822453629773e-03
4.787720398645983928e-03
-3.253249751464426000e-03
4.424988030397597125e-03
1.160428015677374136e-03
4.049028899912703906e-03
1.729770978001905204e-04
-7.388916831530036597e-04
2.240732741240582856e-04
5.450763418439494822e-03
-1.078747184333593220e-03
3.311202400865252519e-03
-2.502791450697075450e-03
-1.375252965164297644e-03
-9.103307564112532446e-03
-4.388921940610735623e-03
-2.780914422242209295e-03
5.374878286081558433e-04
-3.368651820184550335e-03
-1.006016057115712101e-03
-2.119129375291006149e-03
-5.190857129925371570e-04
-2.274032325701240767e-03
2.806794050074531369e-03
1.201331589484399805e-03
1.454544068959448501e-03
-4.623665773549752792e-03
7.493249572956675380e-04
-3.060008883137757714e-03
-4.198072800993645068e-04
-9.817504430178494723e-03
-2.803645859043294841e-03
-1.119077584282743504e-03
-6.497708794664464049e-03
4.999711164919543732e-03
4.479154926360752811e-03
3.899478518194007728e-03
-2.179804072859834515e-03
6.487030008433867720e-03
1.658917262315138348e-03
5.449795218078094111e-03
1.892286101459775879e-03
1.163206815505993209e-03
3.683012242029143086e-03
9.454381537054817701e-04
2.547615802462657448e-04
5.052973310707418661e-03
-3.480828172231857295e-03
4.333693626220023326e-03
9.958045437123182056e-05
-6.236690093223537425e-04
-1.849227467515868195e-03
1.189108256026739007e-03
-3.855469999198621236e-03
-4.055488699759630012e-04
2.921933707942942805e-03
9.262596756002668130e-03
-1.012779539611479958e-03
1.981117483459967493e-03
3.138542447289311300e-03
-7.606449830192178393e-03
9.365484850682120541e-03
5.355191617469815327e-03
7.225150391842534610e-04
2.047396005340135011e-04
5.797728929655097084e-03
5.618425290968118331e-04
-5.000941163435078038e-03
1.113619914944759433e-03
9.321429982696282854e-03
6.245720930104955689e-04
2.492448138085069827e-03
7.660791533960403799e-03
4.822322649601393598e-04
8.287538938268839903e-03
-2.254933875660432817e-03
6.773137853723498400e-03
-9.475609306463971459e-04
-3.871133487861910284e-04
-4.672387098441924602e-04
3.787180676422799083e-04
-1.367886500389298588e-03
6.423174337579929533e-04
6.283869047554976103e-04
1.032933854124053153e-03
-2.022918397495930554e-03
-4.341992788104871541e-03
1.646521579520314948e-03
1.900462427873762577e-03
-5.273434870335711941e-03
-3.364847563800220289e-03
4.349432739961068628e-04
-3.632020808219715889e-04
-1.333754077291819141e-03
1.605616694876175511e-03
7.051156027413391265e-04
-2.507319150808727960e-03
1.406716480679502407e-03
4.068838692449346962e-03
2.940671084557998794e-03
3.286542561810374633e-03
4.054646840169226041e-04
5.153429061439675565e-03
-2.983383256051763601e-03
-5.359410357907230110e-03
-1.580110650123985917e-03
1.112120795101980211e-03
-5.322256808042282426e-03
9.685733705046739497e-04
-3.955181982665405098e-03
-2.793307148999612209e-03
-2.350127886650139842e-04
1.316850705440746928e-02
1.994734131400545136e-03
2.223527453710011283e-03
4.407296837611004645e-03
9.669561932272835014e-04
7.848602410610150794e-04
5.785512877598417147e-03
2.528759154553689940e-03
3.620864806270539596e-04
-1.889064075239213708e-03
-2.434236263041572243e-03
2.211109451360511197e-03
9.206056375407028602e-04
8.069760619238141057e-05
5.719747804468704178e-03
2.449434873752372871e-03
-3.036112475994788605e-06
4.328435439813379561e-03
3.207770483064687622e-03
-3.825342114061112248e-04
3.505745767084798240e-03
1.449291579933112721e-03
6.870818845501803010e-03
3.481382002804159562e-03
4.035910924525405209e-03
9.979103289316413293e-04
3.809991585113718313e-03
2.526195782888829896e-03
-1.927423678006245922e-03
-3.451285712529844705e-03
4.583221128484056897e-03
-2.124108579674413490e-04
4.162753502604122323e-03
2.116660139405693503e-04
-1.900923897921716257e-03
5.685069620160733590e-03
-4.117317827216278661e-03
-1.924339581366089772e-03
-7.522971323592633850e-04
2.231983011802697592e-03
4.399381274661964998e-03
6.032353289964676249e-03
1.601040195604016897e-03
2.672357702854712136e-03
1.023851141777105435e-02
4.632949412051164811e-03
-2.882401979327064035e-05
-6.484694394606233155e-04
-3.510670550885234696e-04
-5.504521648878392057e-03
6.530347773478325157e-04
-2.629336040390687235e-03
5.738864338867450364e-03
-2.753751510202353918e-06
-2.114963057500723886e-03
-3.110169634420702038e-03
5.739747089533919679e-04
5.020780352761547048e-04
3.613863029197271481e-03
7.597771088949597379e-03
-2.923013559964066782e-03
1.637246563471609836e-03
-3.644698365888881944e-04
-4.066359653677062425e-03
4.569788342307591969e-03
-3.951057828790478094e-03
1.544847448120352041e-03
1.305295463268658050e-02
2.866912700981824776e-03
-1.327880804122108125e-03
1.147569342047608659e-02
3.120714307327855999e-03
9.797695009124056040e-03
3.260924225149826848e-03
1.574280623049489208e-02
5.033961516070328823e-03
-5.266482804758962008e-03
-3.310751438701469481e-03
-3.956266730798485044e-03
2.230029451072214862e-03
7.127900175874981627e-03
4.367324947287472975e-03
1.092677876145507505e-03
3.882201140726263921e-04
-1.806823147048192569e-03
3.747626432055116939e-03
1.057210656720014574e-03
6.772326236588483567e-03
-5.650328189573379165e-03
1.754040574080556209e-03
2.334031978875814907e-03
-2.355230553837623969e-04
2.050359304653308519e-03
1.295144277585702063e-03
-3.057915647940802166e-03
-1.867714171381713861e-03
-6.279674529892130888e-04
-5.715937071203955853e-03
8.049653787061083338e-03
6.233954346358977841e-03
9.037943305658149504e-03
1.248008919079230186e-02
9.588619228569938632e-03
-3.200866857661653197e-03
6.253968770027948897e-03
8.100574550451638406e-03
-6.701240249216734723e-03
1.809697073712448990e-03
-4.336478730466940246e-04
6.498604816548582061e-03
4.039298477581493643e-03
9.933458196285526939e-03
3.457046016752756377e-03
-3.453414738972937232e-03
3.404015728670253295e-03
2.490384768917145233e-03
5.777225320916312169e-03
8.667602049793568953e-04
-3.897468598065701850e-03
-4.447057623097635908e-04
2.874464995177758095e-03
1.462153066703619948e-03
-3.574600646111999666e-03
-3.472326669393867131e-03
2.563540324831886652e-03
-1.402083674868717916e-03
-2.729156293492568733e-03
8.645616594713336801e-05
1.776179662440182045e-03
4.768901968651622324e-03
-2.319516674485675844e-03
-5.898605195522061556e-04
1.025719480047300762e-03
9.096090449296928906e-03
1.295433622364660590e-04
-2.820706767699896356e-03
-3.102943723630135781e-03
-6.326500645369191773e-03
1.208338275538317630e-03
2.339630432515855691e-03
-1.807518531263594460e-03
-3.194811785389012598e-04
1.234245763732260456e-04
5.244783511871076165e-03
-6.867805718871302159e-04
6.667249384926974935e-03
1.457678106919295911e-03
-4.036024025752943107e-04
4.135009256323633579e-03
4.192115072996043836e-03
7.342677940024087795e-04
5.006831933079238656e-03
5.576193874430427928e-05
-4.351968764854526831e-04
2.196837073791810865e-03
-1.992059987770397611e-03
4.058070159078930143e-03
2.022406755389690933e-03
-7.534137833499916217e-05
-7.840988422027900381e-04
3.886181239626475617e-03
-5.157848265466776633e-03
4.297064917696372631e-03
-6.385896424707238192e-04
6.096519088995909497e-03
-1.464952022550571487e-03
5.054225931306034758e-03
1.477329231451655900e-03
3.837856213356307181e-03
-5.116711647770291749e-03
2.181726774021893606e-03
4.450120813287263173e-03
4.764090960931856127e-03
4.429760414105511634e-03
-1.337026984735213350e-03
-1.091157512406095570e-05
7.363435054012695997e-03
3.258061212999380208e-04
-8.487954793939280450e-04
-2.399627399824679104e-03
-2.047462655136908592e-03
-4.551188761586209310e-03
3.553205301117578607e-03
-3.074601936756132022e-03
3.646235768464592582e-03
4.613169004681057922e-03
-2.284183566580413622e-03
2.743238196224600210e-03
-3.061632515171116599e-03
3.450481889127787489e-03
-2.137610337635382726e-04
3.619918220641090215e-03
3.818872086976400106e-03
-2.249273303107116213e-03
4.595564134451694469e-03
1.277029962552437767e-03
1.148791704515580991e-03
1.708935335944445407e-03
-1.040955073211237295e-03
1.799951328878291075e-03
2.095052901408375919e-03
3.004830104781815170e-03
6.190189168007227509e-03
1.167274973417086999e-03
1.324809998170072348e-03
2.781105891456613251e-03
2.663627645582792528e-03
1.019334274712040307e-02
4.751890481489797619e-03
-3.388868091158158454e-03
4.453629246294335368e-03
-8.422590164876427379e-03
3.879870272182593411e-04
9.580580804027512103e-06
2.158553754697543296e-03
-2.965731676648639126e-03
8.680537179912004887e-05
-9.367832889461045164e-04
-8.082174384873727852e-04
1.975265887970802277e-03
-4.025194551794430628e-03
-1.370360532184332347e-03
4.837965613474241519e-03
-1.736806093440642403e-03
3.649089663462113265e-03
5.349814653286467069e-03
-2.510121640393961958e-03
3.887865935123268647e-04
3.321506189266486275e-03
-1.519871963878939233e-03
-2.381777770092027543e-04
3.751305638218100681e-03
-2.417849845929979404e-03
4.716462584283521130e-03
3.388158978824998974e-03
-3.675092417934130475e-03
-2.039334274936362157e-03
-3.602002087849317212e-03
2.445477798678539257e-03
1.010818611434890872e-02
7.399476918433205673e-03
7.608466325248598380e-03
3.644361712272785499e-03
8.848633462355284113e-03
1.466798139657770868e-04
3.728889727240774317e-04
1.172587444604472270e-03
-1.927201177319953773e-03
8.692427551353737155e-04
5.481429533543403371e-03
1.004960345437923806e-02
2.435998791718244766e-03
-1.009118480940182465e-02
7.103941088048860639e-03
5.037178137451735552e-04
1.694443243591778336e-02
-1.033562905364474819e-03
-1.554910552164943602e-03
-4.158862440530471083e-04
5.695972359210632260e-03
-8.128367202135129005e-04
8.341843925429891834e-04
7.536361917611950068e-03
1.289542610500365831e-03
3.084342128578415176e-03
7.236974929034839694e-03
4.651010755424892472e-03
5.118975813988368463e-03
-2.675850372992331916e-03
6.848035671360766172e-03
-5.679525097202699387e-03
5.820765080966181122e-03
-1.469785493617690487e-05
8.418737313703071254e-03
6.487130463004563965e-04
-1.990817154236005672e-03
9.972357059648415817e-03
9.093998037822823705e-03
-9.360714246636557111e-04
1.305558980439800766e-02
-2.601597140087611847e-03
1.815800012689984056e-03
5.338028462020417454e-03
-1.025857972190894439e-03
4.489757940822535691e-04
-3.744069558540492546e-03
1.640738309728425942e-03
3.195554216790369700e-03
3.487922170423706902e-03
3.092394222273106216e-03
-9.304699739404714148e-04
1.506715414529034500e-02
4.503995726536124886e-03
4.715272041510807331e-03
