0.000000000000000000e+00
0.000000000000000000e+00
0.000000000000000000e+00
0.000000000000000000e+00
0.000000000000000000e+00
0.000000000000000000e+00
0.000000000000000000e+00
0.000000000000000000e+00
0.000000000000000000e+00
0.000000000000000000e+00
0.000000000000000000e+00
0.000000000000000000e+00
0.000000000000000000e+00
0.000000000000000000e+00
0.000000000000000000e+00
0.000000000000000000e+00
0.000000000000000000e+00
0.000000000000000000e+00
0.000000000000000000e+00
0.000000000000000000e+00
0.000000000000000000e+00
0.000000000000000000e+00
0.000000000000000000e+00
0.000000000000000000e+00
0.000000000000000000e+00
0.000000000000000000e+00
0.000000000000000000e+00
0.000000000000000000e+00
0.000000000000000000e+00
0.000000000000000000e+00
0.000000000000000000e+00
0.000000000000000000e+00
0.000000000000000000e+00
0.000000000000000000e+00
0.000000000000000000e+00
0.000000000000000000e+00
0.000000000000000000e+00
0.000000000000000000e+00
0.000000000000000000e+00
0.000000000000000000e+00
0.000000000000000000e+00
0.000000000000000000e+00
0.000000000000000000e+00
0.000000000000000000e+00
0.000000000000000000e+00
0.000000000000000000e+00
0.000000000000000000e+00
0.000000000000000000e+00
0.000000000000000000e+00
0.000000000000000000e+00
0.000000000000000000e+00
0.000000000000000000e+00
0.000000000000000000e+00
0.000000000000000000e+00
0.000000000000000000e+00
0.000000000000000000e+00
0.000000000000000000e+00
0.000000000000000000e+00
0.000000000000000000e+00
0.000000000000000000e+00
0.000000000000000000e+00
0.000000000000000000e+00
0.000000000000000000e+00
0.000000000000000000e+00
0.000000000000000000e+00
0.000000000000000000e+00
0.000000000000000000e+00
0.000000000000000000e+00
0.000000000000000000e+00
0.000000000000000000e+00
0.000000000000000000e+00
0.000000000000000000e+00
0.000000000000000000e+00
0.000000000000000000e+00
0.000000000000000000e+00
0.000000000000000000e+00
0.000000000000000000e+00
0.000000000000000000e+00
0.000000000000000000e+00
0.000000000000000000e+00
0.000000000000000000e+00
0.000000000000000000e+00
0.000000000000000000e+00
0.000000000000000000e+00
0.000000000000000000e+00
0.000000000000000000e+00
0.000000000000000000e+00
0.000000000000000000e+00
0.000000000000000000e+00
0.000000000000000000e+00
0.000000000000000000e+00
0.000000000000000000e+00
0.000000000000000000e+00
0.000000000000000000e+00
0.000000000000000000e+00
0.000000000000000000e+00
0.000000000000000000e+00
0.000000000000000000e+00
0.000000000000000000e+00
0.000000000000000000e+00
0.000000000000000000e+00
0.000000000000000000e+00
0.000000000000000000e+00
0.000000000000000000e+00
0.000000000000000000e+00
0.000000000000000000e+00
0.000000000000000000e+00
0.000000000000000000e+00
0.000000000000000000e+00
0.000000000000000000e+00
0.000000000000000000e+00
0.000000000000000000e+00
0.000000000000000000e+00
0.000000000000000000e+00
0.000000000000000000e+00
0.000000000000000000e+00
0.000000000000000000e+00
0.000000000000000000e+00
0.000000000000000000e+00
0.000000000000000000e+00
0.000000000000000000e+00
0.000000000000000000e+00
0.000000000000000000e+00
0.000000000000000000e+00
0.000000000000000000e+00
0.000000000000000000e+00
0.000000000000000000e+00
0.000000000000000000e+00
0.000000000000000000e+00
0.000000000000000000e+00
5.246656208704758052e-03
9.180552207627167005e-03
3.569739714913801494e-03
2.829102036397537767e-03
2.431460453261090338e-02
9.824099002042719492e-03
1.174911049194066887e-02
1.039933373464982207e-02
2.001290344600640397e-02
6.266712817151293483e-03
2.980308648047358486e-03
1.780492023721506889e-02
5.759137221574740437e-03
3.171372563528049738e-03
7.457442909557067574e-03
1.842671029858469409e-02
-1.590034498750510228e-03
5.300425943749404248e-03
1.745479187057191002e-03
4.351211548015768843e-03
3.273782221842090959e-03
5.197467479166442521e-03
2.283971781699042566e-02
1.234870286042688992e-03
3.543828700009364011e-03
1.339047750217886405e-02
6.414794650559756811e-03
1.073248437050800235e-03
6.968405887198258000e-03
4.795611364623670637e-03
2.300722917802608923e-03
1.187259565577194857e-02
7.549446497462650521e-03
-4.331908421510313831e-04
1.857597464336455811e-02
9.825145260213500459e-04
2.249635949729203964e-03
2.534767801370996221e-02
1.051815730426388512e-02
1.098912055391099499e-02
9.371098007061968646e-03
7.513658518028976802e-03
9.016086194814471391e-03
3.366178102025437630e-03
8.859584439103175904e-03
1.534260420024507153e-02
7.058765412452575397e-03
6.210176978996503200e-03
-1.456919344203768231e-03
7.478652143038072402e-03
5.814395862619795019e-03
1.526717173959868563e-03
1.124959492060789278e-03
1.250494119486729970e-02
-5.617027983612270323e-04
3.179245947647400469e-03
1.294467878947936018e-03
3.430692867189948916e-04
8.609543695613001979e-03
2.522133789580832328e-03
2.380476037464223163e-02
5.589466922123249686e-03
9.387109631323737463e-03
1.036606880186949527e-02
1.116645989053166067e-03
2.860426053877183211e-03
1.472791627751653815e-02
1.182771252435429327e-02
7.677295958526952901e-03
2.752092056788684685e-04
3.409458066543635812e-02
1.207403361387989794e-02
1.530212595537200175e-02
4.456648208962901356e-03
7.410972375064357222e-03
6.529711638199279557e-03
8.734790584555706880e-03
6.954241503712880329e-03
1.550465585482613262e-02
3.385915998201169917e-03
8.271454345090962015e-03
7.711716409637671410e-03
2.187068964516234587e-02
1.062114652336195245e-02
9.230010867236869421e-03
1.985853555959572053e-02
5.676680082012237200e-03
5.154351140923791458e-03
3.766881627613929973e-02
1.636417202961620854e-02
1.736269300244008135e-02
-1.041342508767058002e-03
2.113598366363255224e-02
7.747638916902827369e-04
6.012681787007143237e-03
1.391551689294595780e-02
9.789965305893719508e-03
1.543904071672903312e-02
5.415406532851387358e-03
1.454678074083230396e-02
2.009358809607912980e-02
6.746990547533814747e-03
1.451662439784248519e-02
8.755438190759277234e-03
2.724236131976982486e-02
1.092510466347749315e-02
-2.059916821049505905e-03
2.757301835483865014e-03
7.048862372769959354e-03
5.743512097989973654e-04
1.585726336627345939e-02
5.367303746791076378e-04
3.843537388662080986e-03
3.666052441299508377e-04
5.631853010687887240e-03
1.969412764684617522e-03
-1.501517493088060356e-05
-1.411030384528357256e-03
1.764946476896070426e-02
6.716025844848720963e-03
-5.622756202003190455e-04
-2.538319107692754706e-03
6.511704644372270923e-03
9.210580899177931227e-03
1.118702007893470490e-02
3.911296561004952432e-03
5.124498677598432993e-03
2.268087222925777892e-03
4.594486335152904617e-03
7.591889783920423469e-03
5.810622798505968474e-03
3.944882805934132181e-03
-8.427942766859315531e-04
4.569376646210387277e-03
1.616251018726805322e-02
4.471498509522162275e-03
6.654496196571565644e-03
2.103145305765029022e-03
8.927246455233395911e-03
1.066552799085213402e-02
1.211399988214296140e-02
2.843799349333328043e-03
5.998528580770820691e-03
1.597795093919218484e-03
-3.550946572444036754e-04
1.477360445982652763e-03
-3.812439570911162028e-03
5.347011120231254244e-03
5.210571939359202182e-03
4.177745841030748586e-03
6.296532881485735617e-04
-2.094887690370886464e-03
7.395543511522717712e-04
6.187443133972689215e-04
1.337312203719779984e-02
2.706820913500970153e-03
2.138844137493881373e-02
2.157041611849196475e-03
1.670683343550803321e-02
1.195690175581627657e-02
2.344254947518055812e-03
7.345080585874194136e-03
5.398863918209722938e-03
1.208368492611212354e-02
5.912873105078599381e-03
6.119722240269539690e-03
3.120310301799527047e-03
-1.598839348167328204e-03
2.164376456203786006e-02
6.389734180144339762e-03
1.261301804750624474e-03
2.365708648991849197e-02
1.000523690058258836e-02
4.377440400611457873e-03
5.585971665356811652e-03
1.727308823071815533e-02
-1.474480830642029786e-03
9.133992224299872578e-04
9.401099658123404298e-03
1.499335368981380792e-04
5.435277082298797195e-04
2.457569722455676606e-03
3.877068680716101549e-03
4.841405816844574633e-03
1.894797646735183350e-03
2.985748671078126103e-03
8.284278440962283135e-03
4.663234291022361200e-03
-7.264095604148243729e-04
1.011884297824212041e-02
6.565181784036689533e-03
7.526567119297034557e-03
2.876291092139994857e-03
9.662373545614959605e-03
6.309417343144067304e-03
6.842213075189882733e-03
-1.847875993142217895e-03
1.267530659942747891e-02
7.061713692784932564e-03
-9.218213739226330597e-04
1.124939784999719541e-02
1.079740422178357244e-02
1.071737319081198436e-03
3.893768814742197028e-03
3.034200107471681646e-02
1.939760054005112630e-02
2.635814176726184940e-02
7.184753791150035040e-02
9.532889477642518539e-03
2.866811191325591146e-02
3.436785510392255296e-03
5.159048516477400537e-02
1.110614692708652637e-02
8.295983437357677681e-03
1.928963213586244035e-02
-2.150887746664427100e-03
1.202489450635104394e-02
-5.007002980735575631e-04
2.267422806509899504e-03
5.735114210206350947e-03
8.029659591299375537e-03
7.242096591020907512e-03
5.964990783277589366e-03
1.000048236518768889e-03
2.858366197076338527e-03
2.467938027553234076e-02
1.209051458672022634e-02
4.968027886762821019e-03
5.997008483206311621e-03
1.217944515944613089e-03
4.880626980856977992e-04
5.124280357367991257e-03
1.707319584151207811e-02
1.009702599532403752e-02
4.723375725561551088e-03
9.708788731204839179e-03
4.491721404133997703e-03
1.433840822713229601e-03
1.223706219923611192e-03
1.025220127632486128e-02
1.776081255792399732e-03
1.901501790222732274e-02
1.639957515660101298e-02
1.246431352885327137e-02
3.617089160757350989e-03
5.903772762342540496e-03
3.532506596394860508e-03
9.228732372175288759e-03
1.985276958984494647e-02
1.955654161811970753e-03
3.782325930972550362e-03
4.793061243370686821e-03
1.984162599699463084e-02
1.898158636371796888e-03
3.063919903138524400e-02
1.625958325742814497e-03
5.554949768450175886e-03
4.535496812769254649e-03
1.004503063552631033e-02
2.464641303268105994e-03
9.613000407619431281e-03
7.837222027320643603e-03
1.780967673484768225e-03
3.265621238221915953e-03
1.263797521129583767e-02
1.482794619125553295e-03
3.274452032563948244e-03
1.603152425515250038e-03
1.998420175309927743e-02
1.935644468413535697e-04
5.024489557843034304e-02
6.929132902579912892e-03
4.796952162805087627e-02
3.090035110804712978e-02
3.900283282890593811e-02
4.063097671778927167e-02
4.104074258389564175e-03
6.875043672736200033e-03
7.891564812574542592e-03
4.548856073660117495e-03
2.623881423340440611e-02
1.955634809228216572e-02
1.167326989465653116e-02
2.913884598607051346e-02
2.270862355532692056e-02
3.816222611189109496e-03
2.864185111661649540e-03
1.993496824570007570e-02
1.825962924345887750e-02
2.830031410746999126e-03
6.562087409448063430e-03
2.206845464492473291e-02
9.668334329498666849e-03
1.729429497520702450e-02
9.178003536138583732e-03
1.481960567262644718e-02
1.203974454864454452e-02
4.482954140218661267e-03
4.760363394926661780e-03
1.310446102269244122e-02
-4.126514392605126758e-03
1.291811372667660100e-02
2.742763084584613244e-03
1.643233709140408047e-02
4.425976874019796337e-02
5.003871902536748822e-02
1.037549693591015634e-02
1.130674340322853320e-02
2.571055531585345055e-02
1.097328026816387150e-02
2.139220679092779936e-02
5.829612632176647477e-03
1.455475692193780417e-02
1.518498406703436276e-02
1.602974083419327067e-02
9.346889387307398545e-03
2.812433786081926929e-02
2.041283938886941790e-03
9.924373471475404079e-03
7.209073809486699763e-03
1.014793603478545726e-02
1.140469166682322663e-02
6.112280029631128597e-03
1.434424262868879731e-02
6.833081238222652939e-03
1.178519770808941075e-02
1.210592899098070392e-02
1.896253080764612187e-02
5.961532421719512032e-03
2.826687013932607101e-02
1.191190978356006062e-02
2.301829440594003323e-02
2.541989630591884319e-02
1.001359617288055844e-02
8.436064865750138309e-03
3.003271857315914072e-03
1.304068468956627938e-02
7.009702449008829717e-03
2.214570348552065068e-02
4.104154158672660997e-04
1.274161554145266002e-02
7.895630808979951440e-03
2.162391383097345566e-03
1.559304155656278043e-02
4.009220107043245940e-02
2.814970033182278945e-03
2.145044123268052480e-02
1.562180519390827561e-02
2.082316906929947489e-02
1.361139378575895557e-02
2.547624378634051612e-02
3.267312740977134332e-03
2.841288638230459601e-02
2.756836504960448377e-03
4.806208036576137266e-04
1.027453851311385495e-02
8.720954501261538733e-03
2.822169616520465128e-03
2.061849642985714992e-02
8.434408462850812374e-03
1.931427056533619943e-02
1.179553322558099526e-02
2.711738700633615010e-02
-1.086158659654987146e-03
6.761303002329369961e-03
1.287556672553867576e-02
2.514447213053756444e-02
4.606939444923281377e-03
2.831915205374893260e-03
2.023718464950263491e-03
6.384076472296325994e-03
1.723715115123224464e-02
-5.939618178418684148e-03
2.730370248452031710e-03
2.639728596904622124e-02
5.587881436066266701e-03
8.490057339481961170e-05
7.302772944617946273e-03
-1.027684735329778901e-03
8.839506118882603861e-03
1.349102851361975953e-03
-2.077454448517068817e-03
6.103290622158730715e-03
2.812675558584214414e-04
6.544118277804361790e-03
3.932052514230311227e-03
8.088181235479214096e-03
9.697507064713182037e-04
2.557849847905916980e-03
9.817891816513343514e-03
1.269457521431387095e-03
1.389577145922148409e-03
4.353406729889796808e-03
4.440095777241670136e-03
4.321293163908264921e-03
-1.200863613306417518e-03
1.357802494397591583e-02
1.145499692239081721e-03
4.205729938018300251e-03
3.353944303406131144e-03
1.544050106368052106e-03
8.117728391968391174e-03
2.224360229464708398e-03
2.792852221351583512e-03
7.585292358963514718e-04
4.089998018657003097e-03
4.901939873130518313e-04
1.159462234030004223e-02
-3.918444467419155558e-03
2.044145150837961295e-03
-8.310974254329800111e-04
2.268134888990866373e-03
5.875604825342026043e-03
3.410719743533358050e-02
9.771813935994421579e-03
4.842911737599701026e-03
1.055846659765568608e-02
1.387178508506947162e-02
5.084808277361122474e-03
1.020178289262714359e-02
1.158748863784074025e-03
7.421865864693500542e-03
1.395128676467579515e-02
1.504628452140744505e-02
-2.157419807299111071e-03
-4.304370735212719010e-04
-8.849915768376548017e-05
8.670930640346670090e-03
3.544077598853742931e-04
9.247560770910746852e-03
3.127715299936599525e-03
1.214732209322101977e-02
3.896365274247269583e-03
7.004603986102845084e-03
9.771884194791885091e-04
-1.146972799809768771e-03
6.290014848884906834e-03
7.290282902259213882e-03
1.776665407232755692e-02
2.464808373054376209e-03
7.594464016314853537e-03
9.198995941549313951e-03
3.496135398336815830e-03
1.093068009059237032e-02
1.274521936912897252e-02
3.554035770759247752e-03
5.669168707530111359e-03
2.345691709746865021e-03
2.983038886441459654e-03
-1.157992437232681967e-03
1.124314606182816832e-02
1.296982029422622559e-04
8.969036018326943804e-03
3.740606951086658267e-03
-7.048501622136551896e-05
3.325857407675191445e-04
-1.509855497285486061e-03
1.396698429986522770e-03
6.412266285542851316e-03
8.159389149219502604e-03
6.495456996436920101e-04
1.145851707643521025e-02
6.226769584221033584e-03
3.583349512677253728e-04
3.364584344187340412e-03
1.305100027863247310e-02
7.276584562266827719e-03
4.173071020922346740e-03
1.508164601473366978e-02
7.640118136991739563e-03
8.726492764141174571e-03
7.050372452774654637e-03
3.318250964157097929e-03
-4.901006740762469012e-04
9.585439595074291995e-04
8.793094353341020936e-03
5.144694863664193117e-03
2.240291081569349523e-03
2.160292079579212085e-02
1.275545851303331972e-03
9.037812535566438739e-04
1.341378807505081046e-02
1.056528632589859296e-02
3.024108184638835649e-03
1.137949873213211453e-03
7.674903509389902068e-03
1.934545120473789986e-03
3.726451660487279001e-03
4.303853556800608937e-03
1.940776222978019688e-03
7.714614714508942310e-03
4.052631215403568361e-03
2.448057541393319422e-02
3.496906027333311975e-03
1.182967559118145405e-02
6.273974408110657118e-03
2.778651275497828147e-03
7.644089464879980610e-03
2.357378160043397883e-02
-6.089005771556673351e-04
1.031025918932990115e-02
7.241237146165338708e-03
9.753943856372094059e-03
-2.451778413976929936e-03
8.421512499414361350e-03
-1.925424064496697712e-03
3.573002179119623032e-04
1.742988647057311814e-03
-3.879067576027538967e-04
2.843469524538681098e-03
1.449541369222012276e-03
5.497045935463290914e-04
3.222540539617767437e-03
8.713990358716148382e-03
-1.060096751752077210e-03
2.634471155942641821e-03
7.844885623484091838e-03
1.098564784125592719e-02
1.496995877659080708e-03
2.864258553552582413e-03
4.416651930342196247e-03
4.174749990950268191e-03
1.352710019939197539e-02
-1.544814101739154250e-03
1.072550961632045717e-04
-5.671601221505037259e-05
4.791710487507068374e-04
1.089507001635515050e-03
3.048556841716976076e-03
-2.349330920763418803e-03
-7.692697847805234947e-04
7.155988561290453631e-03
1.562898961985872319e-03
6.693158521452307816e-03
4.534086353022962097e-03
7.044395862413695315e-03
9.119257252696686897e-03
-2.521841208892868641e-03
8.740409532460569324e-04
3.399916028978699654e-04
2.328298964453223360e-03
5.572143566169425466e-03
1.298627822566357851e-02
4.634723788502283746e-03
-1.220446374383523129e-03
8.050659137644435720e-03
1.443311731913489611e-02
4.632081361517702625e-03
6.671521786778669477e-04
7.665066499958545811e-04
1.847083023797946311e-02
4.825637274027876587e-03
4.810229439466378286e-03
4.228877679043479242e-03
1.449868548988076126e-04
4.681035466655134080e-04
-8.261450094325915611e-05
4.672018121937885141e-03
7.485876530719107365e-03
3.993777407107830524e-03
1.147577505610040786e-02
3.029764451988930553e-03
2.441749367391784099e-03
-1.520764448954802341e-03
1.024880550544332710e-03
2.746338855146085098e-03
5.189863092001750257e-03
5.950918829719878227e-03
6.545013786455658976e-03
1.686769864950153890e-03
6.836205011643311895e-04
3.845234492137208915e-03
6.060747053370871967e-03
7.203638480313405423e-03
-5.334692624890222286e-04
2.961283553578555276e-03
1.243435552096633541e-02
2.407277565829453805e-03
1.127454685443186194e-02
2.028863645210315404e-03
4.359448663816571298e-03
1.088563874752579473e-03
1.184694143558686881e-03
6.106814789225297434e-03
1.338927467492496970e-02
1.594387866562879891e-04
4.637630335469542127e-03
8.460881349063024970e-03
9.072923272339699502e-03
-9.488415057656261753e-04
2.841427402496100678e-04
1.895134610085959757e-03
4.346309428635219789e-03
2.490071823146923838e-03
2.066156100562076443e-03
1.266434944184134138e-02
9.131656813330115644e-04
-5.505177181352413109e-04
8.203340964865213705e-03
-2.744805745590071029e-04
-6.351604523785955858e-04
4.457950813057431731e-03
3.285751221287137435e-03
6.398958450490389513e-03
3.380868571367616612e-04
2.000506222067743086e-03
4.008831819942834142e-03
1.280056894399365236e-03
-8.020991535429378236e-04
-1.258772301631816762e-03
4.286537486959038183e-03
3.992182727801045061e-04
6.482008690415287482e-03
1.345054766461771479e-03
4.323184879370726291e-03
9.152522288202817255e-03
3.653481980705189456e-03
8.730824454407797724e-03
-6.536029098217551771e-03
-3.593300116724597012e-05
1.348221481694573693e-03
2.163423377960949523e-04
3.283092043607782791e-03
9.480021035092926762e-03
1.158068725029968125e-02
2.993549064959693737e-03
-5.490196009819863811e-04
-4.000086399717293472e-04
-2.216944535277087618e-03
3.443876549714189328e-04
4.790731192137061799e-03
-1.105278337344150780e-03
3.587276294861281578e-03
9.332232088031333726e-04
2.540925805070182479e-04
3.297877269979245397e-03
-1.967396367793614303e-03
-1.133311028025690403e-03
-1.459809582217778392e-03
7.453893512005983248e-03
4.058441816589227098e-03
2.918429892802574654e-03
3.195513294949792974e-03
-4.858509346614902150e-03
5.078646573689801422e-03
-3.924442790054840117e-05
2.408145165917747847e-03
1.935880564193301085e-03
-1.686831915907041580e-03
1.140683827411759091e-03
2.578534991579187630e-03
4.333138485294592973e-03
-1.957632186216048172e-03
4.364663043045873686e-03
3.357105276115979892e-03
7.395106744650826493e-03
5.282713618773421035e-03
1.102171670316184210e-02
2.344935457537359377e-03
1.494165375133897026e-03
-6.226489654472089352e-03
-1.139932648638377136e-03
7.041224352632902486e-03
3.713505469642307873e-03
-1.847131553346367545e-03
2.176572288697339896e-04
3.801281550971537162e-03
2.527516117541993984e-03
2.259734457032020957e-03
5.078640799053075377e-04
-1.229577831122701404e-03
4.109865766509333959e-04
1.502784248995238121e-03
1.539174442560058945e-04
-1.701406266109153844e-04
4.087608642046223865e-03
-1.168681567004009906e-03
-1.355129301996624812e-04
5.180506265707619622e-03
4.284995752189392146e-03
-2.254204256507534067e-04
2.707099179676574537e-03
-2.191577089723909400e-03
2.798448767494576828e-03
5.034767402928215854e-03
9.041687077002308684e-03
1.781965219915066564e-03
1.984581407262683232e-03
6.396583444273458256e-03
-1.136219934926548884e-03
2.417909503514627332e-03
7.595638915583067738e-03
-6.899641129340990803e-04
2.564624438669134074e-02
5.952681850176309852e-02
1.100611186769337620e-02
-9.003015636943883116e-04
2.709918005270981964e-03
6.427163984986775797e-03
7.100350588378849179e-03
4.907051765050121292e-03
2.316271034282235859e-03
1.203820033321827999e-02
4.875874350678858875e-03
-2.477495895709492819e-03
3.670616626830025195e-03
7.159577000720505555e-03
2.797462108029027256e-03
7.486946701950849409e-03
1.281946587760736953e-03
-1.213807160805215188e-04
3.127274139907304257e-03
4.620324639158158997e-03
2.939182602055335526e-03
4.448480998459872389e-03
5.248579556398431413e-03
8.907454723657847601e-03
8.903985144027449367e-04
1.252110772555730007e-02
1.015338354540513618e-02
5.228009867982530944e-03
6.037733488627985284e-03
6.169575784085508385e-03
3.540052771770830532e-03
5.116936211429342664e-03
3.665364991373690987e-03
4.671868055457437281e-03
1.310626788345984478e-02
7.832713102768194824e-03
5.222625547597608154e-04
5.384632417267808287e-03
-9.584713604596365507e-04
1.767871019780458200e-02
3.384663402070553495e-03
8.556117249086652582e-03
6.107563459046173350e-03
8.854525640443989751e-03
7.862048405087383729e-03
5.322443344779013118e-03
4.732726421540938040e-03
1.233095549657368777e-02
4.204439611844498770e-02
5.790945875858132148e-03
8.963244534521764076e-03
4.910760989808009985e-03
2.644481765223789804e-02
5.848118239960554271e-03
2.494083657752770022e-02
3.957749769908940410e-03
8.933500056943785225e-03
5.083528390910088506e-03
2.187554496444277241e-02
1.839471607317154974e-03
4.156950503930316280e-03
2.611626382594006961e-03
2.769845867572048870e-02
3.476759368343263282e-03
-2.648817048799182935e-03
7.193821411156974335e-05
1.680202730311059975e-02
3.682769741892073941e-04
4.658089837332820941e-03
2.133763785372774779e-02
-2.937473095706263134e-03
1.176459895900821423e-02
-1.207511482147318252e-04
3.115632359585788786e-03
3.627275026113705499e-03
1.998599665633287847e-03
7.890431253964414002e-04
-1.169828374775500925e-03
2.034716325011663631e-03
2.422791396905618275e-03
6.515913403625531349e-03
3.554056875524937587e-03
1.157329488707443260e-02
1.060117717667756346e-03
1.739461655648154650e-02
1.500310309136702273e-03
2.725047611291769346e-03
1.912788564142384531e-02
3.388606699110373495e-03
2.633860667294276280e-03
3.016551434084968186e-03
7.891376308827751859e-03
2.132996913784865767e-03
1.595631230024531846e-02
6.403971083986619364e-03
1.060544188899218213e-02
-4.914021890176319997e-04
5.842919647978074213e-03
-1.166972699197657299e-03
4.331628532957449459e-04
1.292509950973044427e-02
9.995004593133446913e-03
1.182584840640207163e-02
7.508221000135348148e-03
1.039151854225016033e-02
3.863176807251137747e-03
1.695406248349621767e-02
1.458780201452855065e-03
-4.098603586000574596e-03
1.527244773746395815e-03
3.093087796947337209e-02
-1.271161669524473441e-04
1.952865226313528837e-02
2.216261177465561529e-03
4.443459120469717832e-03
1.228724083670552306e-03
3.673340991296828242e-03
1.651478500606970217e-03
1.974824075010876874e-03
1.529117506171178038e-02
7.761618642391843355e-03
-2.163626405463391252e-03
2.380425285582428614e-03
8.256559027243232096e-03
4.361743207270557011e-03
4.243108415900873412e-03
1.354544177084871480e-02
6.578475213683900730e-03
3.174372805471692123e-05
-4.246054911000411367e-03
3.911810560292216209e-03
3.797447061242157848e-03
6.436064207606873554e-03
1.272324583200741847e-04
5.725954337607818551e-03
5.144071009345697887e-03
2.363794381899900383e-03
4.293199640653179959e-03
9.371965954169333719e-04
4.672490905332660899e-04
-3.887353400873995966e-03
9.650812540709124976e-03
8.001208543133777207e-04
3.764955880780092475e-03
-3.685280712379428647e-04
-1.470746493361354797e-03
4.321655201607627929e-03
8.891943356784986346e-03
2.236096378970753567e-03
1.050182045886426975e-02
5.203336513903564046e-03
-1.038761970849650805e-04
4.764508540293749608e-03
6.300987066229626898e-03
-5.936685252245703197e-04
1.319992347843760259e-02
-2.100595688084778631e-03
2.725384225896981642e-03
3.454102978449099214e-03
2.666241617365881691e-03
3.690121969789942995e-03
-3.673299792900814979e-03
1.664327478464434906e-02
6.395611216368632043e-04
8.925973859694251791e-03
4.592451822032739620e-03
6.282081364083880355e-03
7.410335267069646445e-03
1.141139270291126329e-02
8.808674343607001203e-03
1.964301067958849900e-02
1.286907493579649269e-03
2.572169930878650656e-03
-1.172988009233207106e-03
4.661203623520192123e-03
1.321923491770302626e-02
4.166470973781984978e-03
3.515419227274101978e-03
2.530094510485358938e-03
2.182319342648961560e-03
1.239347075274077354e-03
6.186728653363372799e-03
4.250488783605881754e-03
2.013829168523950663e-02
-3.030043207273298411e-04
-2.223340675640305721e-04
3.937040283154460106e-03
4.989629880170892533e-03
-3.022698227834373858e-04
1.183771039480015740e-02
5.154349562032728427e-03
7.670108933535760114e-03
1.299122359905952907e-03
1.022409027515314628e-03
3.859721376045513290e-03
6.887267499808441898e-03
3.482313846806341963e-03
1.028770006680047346e-02
6.521813176373868204e-03
6.990209137526668705e-03
-6.252566593169782156e-06
2.199147613895787758e-03
1.298746282522043709e-02
3.264542264448161337e-04
1.498604975816207954e-02
4.465675775772104221e-03
-5.114619195552201972e-03
7.064648870256348516e-03
2.061162923913218564e-03
3.036464158235504997e-03
7.774942510122607314e-03
-9.257791970055427935e-04
4.710434435296948982e-03
1.521082356929237024e-02
5.025706868037191181e-03
7.357215302573131763e-03
-2.496260884643844002e-03
5.143216159825725504e-04
-7.249306256663268395e-04
3.297946236617502018e-03
5.700362145092518346e-03
2.387742359447538563e-03
8.009012678451127559e-06
4.782479219270554258e-04
4.336135217003312531e-03
3.969438990280796538e-04
-8.402834327200740111e-04
9.606016340421392671e-03
7.339514409242869301e-04
1.848127072676499557e-03
1.044551256816144639e-03
5.596169527824140962e-03
3.451067382507155227e-04
7.449980758961435509e-03
7.453881901961769904e-03
1.126108174192114175e-02
3.091198090011187602e-03
2.360305414441516737e-03
7.190049813738321090e-03
2.282228591526807866e-03
5.709851255065535695e-03
5.059166115524939798e-03
1.247847553624423494e-03
1.549004302197349268e-03
7.914874478256961289e-04
-9.555144147335622442e-04
1.119833088586610903e-03
4.731912781755455953e-03
2.130350566559796512e-03
-1.236303929807155326e-03
5.202871852459393411e-03
6.127219751793257577e-03
9.849676300285117869e-04
2.149712021127641540e-03
1.314286461627706647e-02
2.682408961327863509e-03
2.444111934802671148e-03
3.842733287358891109e-03
2.536930793740923532e-05
2.014053854584579341e-03
3.256747029230467271e-04
3.773545569111369253e-03
1.994046212810621308e-03
9.063812255497637020e-04
5.365072579383596031e-03
4.396179405767664319e-04
-1.084568009390398562e-03
-7.892027248770217126e-04
1.698486707833427208e-03
3.893138642214321633e-03
1.851305214575438285e-03
7.257187874953324866e-04
6.384674000477056667e-03
-3.275103824759161594e-04
-3.172898510689983742e-03
4.408104815650106846e-03
1.865139451600553210e-03
5.884568243147685757e-04
-2.086870497226981974e-04
1.802258134813775536e-03
-2.080761364575693401e-03
1.854008977210452836e-03
1.158777777297363178e-02
2.671123100024004344e-03
1.121147299986494268e-03
3.445014525275496859e-03
1.058926397034701521e-03
1.524914402108093394e-03
2.150051169802492858e-03
1.036249972856942946e-03
-1.962939812589341217e-03
-1.685372357421647377e-04
8.689356604214772042e-04
2.315222902659451335e-04
4.154151180796114215e-03
-9.847672569936701589e-04
1.831220409403997622e-03
-6.219418428480400461e-05
1.490505613775128853e-03
1.030619579544808997e-02
5.507207791055064409e-04
-3.486263465879530996e-04
-3.377818742514215791e-04
5.777472734611001012e-04
9.164563513194037532e-04
5.135433652421140995e-04
1.247782756178303799e-03
6.224451737255776163e-03
1.516957139347593995e-03
1.874867355020744687e-03
2.306278354690773427e-03
8.429518009658357441e-04
1.937746043821639199e-03
-5.671840753195656927e-03
-1.793498009194219311e-03
1.235191543096153012e-02
3.802725816622471756e-03
-6.375637390670357146e-04
-6.346104947602434002e-03
7.557135564875299728e-03
-9.598150937770069235e-04
6.489430631388702414e-04
1.384407560812668915e-03
4.815171536151865994e-03
2.470919740906685202e-03
1.973559715017696690e-03
1.064868127217463191e-03
2.147058203534625651e-03
9.107908072621708623e-03
-1.955118662350973160e-04
1.712635843770717904e-03
6.874878743720704011e-03
2.077672922251336957e-03
2.248228684106386675e-03
-1.227540889259564044e-03
2.298179687182653249e-03
1.593350759900625819e-03
2.176299183157892527e-03
-2.973015241676011527e-03
3.808328524809447783e-03
3.450991430230808919e-03
2.466488780889490411e-03
-1.561241693095497332e-03
-3.594688838460097756e-04
-3.866608781588103593e-04
1.363489718801317793e-03
-1.786452158706348524e-04
-6.522546625202880945e-04
5.207786761451117276e-03
-3.587342699471443748e-04
4.680057262036434705e-03
-2.150538252557422040e-03
3.511710157966103658e-03
-1.244664738592297492e-03
5.458672831585223775e-03
6.578898729796610421e-04
2.668302983917873392e-03
4.357746559476053175e-03
6.244874523493430113e-03
3.562543648554486204e-03
2.594859955818927186e-03
7.213927463204673589e-03
1.997062111299549515e-04
7.819022159529401966e-03
4.407453711622712558e-03
-1.870794774458059157e-05
3.891519118491641380e-03
1.271660424087700525e-02
5.256684842315301675e-04
6.128153008667519726e-03
5.053916331467515205e-03
1.673673320245879295e-02
2.004241167075955423e-03
6.010480892603674470e-03
9.409524232312982059e-03
1.340417363249009645e-03
6.977147919271592391e-03
7.299609447948190999e-03
9.361571805221943765e-03
1.228496262425190881e-03
-2.066812750945218238e-03
4.650043597978969698e-03
3.438563504643188298e-03
2.923493397969677277e-03
4.313540590181887124e-03
8.205086234313261825e-03
6.081030503000089786e-03
3.370459846802112067e-03
-6.275333024549523998e-03
9.952686909107087438e-05
2.233869827199764287e-03
4.525946320039131790e-03
1.359583124209126290e-02
7.661093040643190966e-03
3.123059700603100352e-03
4.193211782877701325e-04
1.520742773999307802e-02
1.491137780328463756e-03
6.669260003038452508e-04
7.893848093339532468e-03
1.468081902186007528e-03
-1.226294590395526690e-03
-3.279510203528495510e-04
5.473025802954372548e-03
2.890168675082110256e-03
-7.944988444484899024e-04
3.798747394773543170e-03
-1.191604766036973842e-03
1.434859160640010759e-03
7.667488366237177168e-04
1.839584435413938205e-03
-2.149026249920352270e-03
2.304457547059486286e-02
1.059086006227388105e-02
8.352296198884266634e-04
-2.244522173702974410e-03
3.807683310486781325e-05
5.066058930170231657e-03
5.911118104459332605e-03
1.163936944236010004e-02
9.242139179131827337e-03
2.556446364120110778e-03
5.234966998136565339e-03
2.119326479509046901e-02
1.079645039467190017e-02
-9.304953422406391905e-04
7.219521960770723841e-03
-2.386787005300531738e-03
8.295709821667314118e-03
3.592988037594261556e-03
-2.186380814064576954e-03
3.412130107567691063e-03
4.758010573224253671e-03
7.557740580697394975e-03
1.000654171508801038e-02
3.073476803312683199e-03
4.251150712815495412e-03
6.424937256198948697e-03
-1.711850022669182073e-03
1.847778339267263162e-03
1.408418144034247459e-03
5.958167513258948687e-03
4.017691571324127214e-03
1.944437701606497107e-03
6.966441431796566684e-03
1.527649349515498162e-02
2.716481625349712308e-03
6.834431720045558954e-03
9.650956027409575075e-03
-1.903693507659593104e-03
6.915366339281889957e-03
7.588973032613115059e-03
5.049236289757362550e-03
2.410781764364070684e-02
1.809326850383748478e-02
1.719839010265456587e-03
9.997317662684935061e-03
-1.135490480887312893e-03
2.490359757245447052e-03
2.191634061271512460e-02
-5.633848492123171101e-04
6.558862295514142175e-03
3.847359160094617099e-03
5.768913835575165995e-03
-5.651009182589831949e-04
1.617816701157422099e-02
1.401728621578286218e-04
1.131554599793514878e-03
4.456489400052925792e-03
2.234108443434276985e-04
1.968043628617979334e-03
3.048372900435325408e-03
1.791643703735865036e-03
-4.805681325705500888e-04
6.154880185171183668e-03
1.283276166984841397e-03
2.772458794098376245e-03
5.814307689513075438e-05
1.193396081700250425e-02
3.387764830282411540e-04
1.165910961076513201e-02
3.205633764995390652e-03
2.642409152162193946e-03
-1.736879713768548156e-03
4.834489429693208939e-03
3.513994888104429726e-03
1.346885959729605953e-02
5.044343892555743468e-03
1.273339660161993368e-02
8.732253889133438467e-04
2.293798861575211886e-03
8.284617925614110728e-03
-7.104709318842543798e-04
7.301738205812442067e-04
9.385272878355648690e-03
4.354384293793436183e-04
7.421175964509639164e-03
7.266457329889733190e-03
6.580393277801568561e-03
1.585765686612283353e-03
7.361728026075366367e-03
9.343049344369172907e-03
-9.376388059662732911e-04
2.801594275833361493e-03
3.834630565982098758e-03
3.468037857046683391e-04
2.018312689527981992e-03
6.675323435991087351e-03
4.539525691762479748e-03
-9.245241119746751106e-04
7.644864343548904081e-03
1.819233253517534617e-03
3.875242175977483550e-03
5.133692522058619020e-03
-4.308346244716277848e-03
5.538817673933942205e-03
1.281864957154986266e-02
3.225125143648155564e-03
-2.532997807092564595e-03
2.460747110912009719e-03
3.405274814864954827e-03
2.042969821323554688e-03
1.725675289948922810e-03
4.243297709161012940e-03
3.261595231729880022e-03
8.720171967276174607e-03
5.530392936335545850e-03
-5.662355275396940054e-04
-1.475682408673389262e-03
7.668033936345337517e-03
-6.247558186419210208e-04
-1.195158206546319203e-05
2.000695645896628750e-04
7.685476611372109301e-03
4.399359162469459582e-04
2.617390802027083456e-03
2.175218882458480017e-04
-6.118930663503820751e-04
7.452626847725034656e-04
6.471818909813633128e-03
7.777913911735231597e-03
4.438755006869197876e-03
1.696642056018706976e-03
1.881778703709049115e-03
3.114925505617453880e-03
9.721161824526666643e-04
4.973967581689979532e-04
3.686537172748026317e-04
1.585457381808262492e-03
-1.392542347264882734e-03
4.251026149940864175e-03
1.422998287067719827e-03
6.953512275000902493e-03
7.529005436005949299e-03
-1.294265176576815625e-03
1.178288840431097537e-03
3.977075592234667611e-03
1.239247695278756015e-02
1.927891573309073979e-03
4.877414245095967882e-03
-2.469478155366558805e-03
7.194367202039144218e-03
1.184031602108858751e-02
1.489005764966924023e-02
6.571556072461533400e-03
7.533291320672569347e-03
5.644346844695013327e-03
3.204687449505694286e-03
7.676184095409647155e-03
4.429767588725760236e-03
6.289622328118122004e-03
9.243096500657804401e-03
-5.412883047313740443e-04
6.189668133458501795e-03
3.586873064007863217e-03
7.133508126073852956e-03
6.659330794551423550e-03
-8.747962807172492009e-04
-5.464890889935289549e-03
4.992596246456093567e-03
-3.753373392377988126e-03
6.928668947058614497e-03
-1.238237987074943154e-03
3.747178113669269841e-04
4.622540179591329290e-03
-2.253533105198025910e-03
1.266489951485766721e-02
6.275248147718143037e-03
-2.306077323460638609e-03
3.770533525709128097e-03
1.936349789670967474e-03
5.895322901338866757e-04
8.593824069373130412e-03
2.135599967182594608e-03
6.988461521047878953e-03
2.189898705734952961e-02
2.686859667691421372e-02
7.343491590246686331e-03
2.597000999455145384e-02
1.786508900357358307e-02
5.720546001024800001e-03
-1.044492161067601477e-04
1.331425243888576145e-02
7.275562419856614928e-03
-1.279023231781204915e-03
7.205117004629046744e-03
8.945758706242674420e-04
7.566116943500724931e-03
-2.643453329377920590e-04
1.270979502448906255e-03
2.707678139789414674e-03
5.445390766607293744e-03
9.597203619241132661e-03
6.692825034784424159e-04
6.920372522064175032e-03
3.590845824713861066e-03
1.325716887637809482e-02
5.296499175556895062e-03
5.137729111477229958e-03
2.323968113814391546e-03
1.495580567778836099e-02
-6.506108601412970887e-04
1.293231698059460477e-02
-2.071109115930302915e-03
1.750389315385169481e-02
8.203677534316115155e-03
-8.323897584669871352e-04
-1.070017578706921072e-03
7.773054603110453667e-03
-7.139440515579264547e-03
1.042536623131978249e-03
4.279932645432558275e-03
7.225331106469860473e-03
1.052056325581861122e-02
1.674462547949705183e-03
4.064297092738406066e-03
1.036333692466648001e-03
4.558583763708701914e-03
4.267246892604751977e-03
4.531003856749960500e-03
1.254270104518552054e-04
1.141561830187121660e-03
1.934359980415882238e-03
8.024903664849451432e-03
1.697905251008564181e-03
6.326025304783514276e-03
3.111750133526787650e-03
5.399696516220894860e-03
1.968628007934843365e-03
9.721482420766558788e-03
9.759926470128394912e-03
2.263782056008065147e-03
2.605259759965691466e-03
2.593904669896885968e-03
5.245048636614597394e-03
5.274260196503502938e-03
-2.195372465997829856e-03
2.625083485812360236e-03
-2.893785658846898760e-03
9.990630531043962186e-04
3.723499386549556592e-03
-2.369562736520221518e-03
1.967939731129736490e-04
-2.728283324749284939e-03
8.429984734840477272e-04
-2.874865363847152813e-03
6.626682582118079493e-03
7.749010562174096957e-03
1.125202361224477560e-02
3.732061935463019172e-03
3.437773386572345186e-03
4.386968133115433377e-03
3.366353146131767157e-04
1.019148362935827848e-02
1.174070107261813642e-02
5.025279171469979392e-03
1.067757689126930601e-02
1.328274455887305285e-02
4.444681816355518580e-03
-6.081235097271876690e-04
-8.910302530404202266e-04
1.064635016277038502e-03
7.276082065798223980e-04
7.406032920772301180e-03
-2.083337138156180282e-03
2.376314088342840452e-03
2.891363036400073153e-03
1.361477911785487216e-02
-2.070938601046411025e-03
4.616101934768106728e-03
1.446220872316851189e-02
7.760556496530033287e-03
1.169346801418156591e-03
9.812821185239055215e-04
9.768717082432865767e-03
1.147752436565773262e-02
1.366119905935585244e-02
4.034832905783571760e-03
-1.173335298334728409e-03
1.937632217495140283e-03
1.237872440524970599e-02
5.257905129647765831e-03
8.058360186426838032e-03
4.657799415848703356e-03
1.029946340248201822e-02
9.717403394319640633e-03
4.206750693548300807e-03
1.447864455124394344e-02
1.014853995560953751e-02
3.700207941219463975e-03
1.576079333479398631e-02
2.088790062117942825e-03
1.160272806640277096e-03
1.103797215063497070e-03
8.251490901668215999e-03
8.046467452141338114e-03
1.720328417653310682e-02
7.682265377825506746e-03
9.232450739311670162e-04
2.500604996124875749e-03
1.318588423215532289e-02
1.245547735252871885e-03
1.766173177775879309e-03
1.970430599081306709e-03
7.422512847025414251e-03
-2.081381658972220310e-03
1.490112840256900377e-02
-2.745770391531742165e-03
-9.247006505363616295e-04
1.285818720471383061e-03
3.146639113233900891e-04
8.788817036312311648e-03
2.499798854221050356e-03
2.192049637366043791e-03
9.149599680546863234e-03
4.807609530434902613e-03
-5.283204748069963291e-04
-3.090881768607399698e-03
-9.638273088849913690e-04
2.463668046446420082e-03
-2.976545088974525593e-04
-1.827702510705328780e-03
1.327426887527396494e-02
1.492251133120557757e-03
-5.984746080620055760e-04
1.716958069502233161e-03
6.410617718725851802e-03
-4.233069277657265130e-03
5.763351053848004071e-03
3.926752739390507521e-03
6.089877300964172471e-03
4.157031890351013670e-03
3.418105578384459092e-03
1.192766547394796643e-03
-2.792811449955268435e-03
-1.226231058546301206e-03
5.493292799488226803e-03
-4.152903735277493295e-04
-3.950126913614665676e-03
1.851074647999348269e-03
9.938293121384748560e-03
1.282396028555463866e-03
1.899676935104150245e-03
5.521205623219021044e-03
1.063277024919652772e-03
-4.626632497998143904e-04
-2.463898277230753067e-03
6.080082800532099485e-03
-4.486370646500680622e-04
5.559094477100302509e-03
5.280168908221090363e-03
5.593518063688701462e-03
-8.959941880367604250e-04
-6.473932867253122348e-04
4.793554635733698541e-03
2.661175808096966945e-03
1.400421359350852678e-03
6.541983885766860379e-03
-3.046172965400369657e-03
6.013866980287440505e-04
1.635065737160149111e-03
7.695689858784368620e-03
1.954878651154836385e-03
8.247778734116854860e-04
1.550293144032759357e-03
9.666109558409623215e-03
2.367074236977135225e-03
2.042360527814048444e-04
2.413339806493675684e-03
3.017197461113213693e-03
-1.266990012831795370e-04
-3.573323545645277436e-03
8.220444908393327935e-03
-2.056401341220754578e-03
-1.448388600208374427e-03
1.063878465934594078e-02
5.885608253497661736e-03
5.690945691354244024e-03
2.971917004676668909e-03
4.772468209419592324e-04
-1.083988416361622836e-03
6.238632883184819580e-03
-1.131639438843833707e-03
3.044794094633021444e-03
7.105449822448201350e-03
-1.500382101908743354e-03
4.630272817636322744e-03
3.351540002746929842e-02
6.424901412546854540e-03
1.473673933817513243e-02
3.198393031009967493e-03
1.875403871590462009e-03
1.244258577323929804e-02
9.874270050722012623e-03
-2.036406812781858464e-03
5.706454533738812389e-03
7.206268647978682912e-03
2.088477596138783778e-03
9.866063243285034048e-03
-2.358153376629960711e-03
6.282622323268858590e-03
4.059812099124953354e-03
2.123796764579049656e-03
3.125768301679651435e-03
9.473824295187702887e-03
4.386512061332638150e-03
6.763101936093470629e-03
1.008951987835678826e-03
1.899835633297247868e-03
8.921563236979596079e-03
4.337478729314706580e-04
-3.824762064771175616e-03
3.894821118722131218e-04
-8.221552189843415971e-04
3.004611637539300779e-03
-3.986002910805767278e-04
1.255961911850647650e-02
1.210828096090946562e-03
-2.517415338269249261e-04
-3.673450936288439553e-03
2.929791433627413656e-03
2.367440430465728336e-03
5.407909415225967348e-05
1.215707779282113130e-03
2.606927854604851932e-03
-2.534132136672848958e-03
6.616936923963476387e-03
6.544051944378686744e-03
1.218453237672160907e-04
4.377611311044613679e-03
-2.129094646308269268e-05
1.846285959946994968e-04
-2.969922274919909594e-03
1.198093303220617136e-03
2.552568257894239669e-03
-3.595117523971346884e-03
6.289915595683302253e-03
-9.230360474251724217e-04
3.496423709511579068e-03
5.428733226523732754e-03
1.969827506336012737e-02
-7.001097694677527704e-03
8.133894193426680075e-03
-1.672919998968113234e-03
6.314692180209627824e-04
2.172930286667717342e-03
-4.383689277594058492e-03
-1.779382663586199370e-03
1.483727255553123243e-02
-3.845928497478401549e-03
6.684723839711268455e-03
6.727235654986580410e-03
3.445035567536669941e-03
-2.052574353652960367e-03
2.707494503201120489e-03
-1.454984603960929540e-03
6.219457257113781938e-03
1.992742680865985938e-02
3.705877966021963160e-03
7.639691154944582008e-03
-1.104477756101526200e-03
1.230744876582455256e-03
9.960188895111226487e-03
-3.711527193403392749e-04
2.321537347934596318e-03
1.203749809914066854e-03
-5.460997565016166436e-04
-1.104469963885778986e-03
6.490991637474023430e-04
6.379194384518253316e-04
-1.200349562583097156e-03
-1.034406638809213077e-03
2.642310913863030099e-04
6.593099704792928714e-03
2.895133511430445991e-03
3.171557771927151301e-03
-1.697204181306598975e-03
7.819362469722770936e-03
5.459871761109292600e-03
2.759585061555345185e-03
2.401293060814272545e-03
6.136764395883228390e-03
-8.754171976773863660e-05
1.828582353018299439e-02
1.099461732552488302e-02
2.765383327825268051e-02
1.440185735500891344e-02
1.075484255777062886e-02
1.829918003430381669e-03
6.562975546343333827e-03
4.118336111076578709e-03
-2.607252144348478056e-03
-1.904008237279316857e-03
8.964822458685425474e-03
-2.984456396567407299e-03
3.013219894343481357e-03
-1.872421670541267675e-03
8.485133400430350942e-03
4.868889871513811148e-03
-1.963131823468898442e-03
2.729900390432483167e-05
6.519771049223817456e-04
4.775450601058707674e-03
-4.886436849982634702e-03
8.343349486641392018e-03
8.453547705478277850e-04
-2.434011186949077560e-03
1.069496562030394435e-02
1.501188695095487247e-02
-1.473418857647049943e-03
1.714727043464353735e-03
7.180180759773383079e-06
2.224551246090644349e-03
3.084736009253442445e-03
1.735034001664035978e-03
1.260810195874938460e-03
8.557367139156698069e-04
4.074073771502515623e-03
1.238970580734640435e-04
8.561165103782353292e-03
3.789315225750719031e-03
5.231935417914442693e-03
5.532038448203766175e-03
-6.457326518139204280e-04
2.194301434715375740e-03
2.132917412811352175e-03
-9.338090523465642206e-04
1.051466995640813751e-03
5.558995599920717873e-03
1.979372683563716123e-03
-1.689209425420047064e-04
1.877914250841721043e-04
2.834694376372246319e-03
4.291771558819082802e-03
6.987958679860526226e-03
3.831673209302373893e-03
1.662185273239992316e-04
1.545359827332797378e-03
8.353932275137629371e-03
-3.550325240823242866e-03
1.786478413830972509e-03
6.259821399811826489e-04
-7.214819223544694394e-04
1.210411106810803687e-03
-1.332598007868585066e-03
5.170449260843213053e-03
4.630275828221393913e-03
2.828662846070048240e-03
-1.473063870184528751e-03
-2.144927765647158986e-05
-1.801038062963301488e-03
3.517789683812755884e-03
1.698841508653058672e-03
-2.537171521863726452e-04
1.389853535733659830e-03
2.039758722489871771e-03
2.303266875126204569e-03
4.852310565160221443e-04
3.820511845330081500e-03
1.084892478866531125e-02
6.740481987415648801e-04
1.032602772285126994e-03
6.856038755104404414e-03
7.677070985492785715e-03
8.015771221701380872e-03
-3.402254760392724002e-03
2.907889942845499898e-03
-2.975066478585322149e-03
2.143704927025960952e-03
8.842611394023632519e-06
4.904326838030433327e-04
2.189301505319277141e-03
4.492139633679295696e-03
8.924199634822100116e-04
-1.318262336261634589e-03
-1.103181588726473341e-03
-7.838996115091970227e-04
2.479366171577248603e-05
9.340504243205374367e-04
7.732169286140912938e-04
1.628846546836681172e-03
9.145249211318229451e-04
-8.233454073474162811e-04
4.728467593912983984e-06
6.810743087120766726e-04
2.676657468477916437e-03
1.007599906251642171e-03
2.871163628882940876e-04
2.236773580192590212e-03
-2.833950395398625202e-04
-1.208355739119308658e-03
3.597030056060756056e-03
5.323039054566265464e-03
4.960036089526809709e-03
4.145955312416990386e-04
3.902594625864538695e-03
3.710090068629312392e-03
2.335471455686836777e-03
2.991128088794472659e-03
-2.771391038514850057e-04
8.172096776650202704e-03
2.491873104597135125e-03
5.081352880930440491e-03
4.206506981902240552e-03
-1.542996966200360209e-03
1.260006226180803834e-03
-5.514868978925065602e-04
-1.278321014042398986e-03
-5.448840778851415153e-04
-1.802993401689001853e-04
1.513337401246540349e-03
6.655240888188828242e-04
2.990899302518535818e-03
1.970954563552309875e-03
5.304044593414942999e-03
3.875554759158449016e-03
5.571384805444340969e-04
-9.696355971952409000e-04
8.077071943992482827e-04
-1.777123437089386630e-03
8.088832413108952438e-04
2.929852649181438357e-03
-1.191175835205885835e-03
-7.892469169774246141e-04
-1.096169657513671901e-03
-5.408913817213594323e-04
-6.799476503532592836e-05
1.463560146411162742e-03
1.029239271322252881e-02
5.336503560813512202e-03
-8.961487358359076540e-04
3.465859897302653141e-03
3.397503650107770203e-03
5.191272698213331149e-04
4.581189405609979899e-03
1.703499723029139410e-03
1.815001613440348762e-03
-3.274641760273844758e-03
-3.402742200982138750e-03
2.846526589953973525e-03
3.020033571927217483e-03
-7.945281667377586572e-04
7.612591981283473030e-03
1.540187193506973402e-03
1.451191660526009002e-02
2.462753527073081178e-03
4.715740997989213354e-03
1.310043786951961206e-02
-8.361260642313814682e-04
-1.044155388279271752e-03
5.925790039707638443e-03
3.354775922030315757e-03
-1.605776640336191788e-03
-1.283432593465630520e-03
-1.842812734993889414e-03
-1.011646632934306688e-03
-9.982770494193393858e-04
2.290267915501031232e-03
-9.968517019105418292e-04
7.214164026544558992e-04
2.095834644378237813e-03
2.169053594129896970e-03
2.251274082649296418e-03
-3.774136209622733001e-04
-7.712138441583817365e-05
3.102637378366301935e-04
-8.895563979149758230e-04
7.402005076707582690e-03
-3.195998382394330851e-03
1.503150082881385971e-03
6.872549263351401816e-03
7.007582321664988963e-03
-3.195690826165979541e-03
3.312895061951170485e-03
3.704479506101384430e-03
1.026237315916304123e-03
8.713350093824429043e-03
9.467250940417249686e-04
1.343992610659243241e-03
2.030302930047475553e-03
-2.281364220218902276e-03
2.464535002238493581e-03
-1.834388762774920648e-03
2.961508676122723196e-03
6.720905868361185150e-04
-1.407575237483334532e-03
-1.324834306632854735e-03
-3.582884761900310792e-03
3.988532578830542019e-03
-8.760765055299461843e-04
-4.158425219382863754e-03
3.843309244717071742e-03
7.214934920929810813e-03
-1.103053023063478751e-03
4.448000381046516953e-03
-9.749033513926946186e-04
2.437996627698523367e-03
9.193726362344925920e-03
-2.817490265449160668e-03
4.931843790815943103e-03
5.774278844293262783e-03
1.794289313323953498e-03
5.324928224179316209e-03
6.278798916764792917e-03
7.461191325763456839e-04
-2.254610392390448900e-03
6.100804084831173806e-03
3.133551454693183323e-03
-3.721129111817171511e-03
-5.372548257372197333e-04
1.107632679966266123e-03
-2.557141739988956150e-03
-1.172785198840308775e-03
-2.904671645951438334e-03
1.418924880926896543e-03
4.356446335023529031e-04
3.164527090574702130e-03
9.003791196844240265e-04
5.058289479391428131e-05
-1.032242749265558073e-03
-4.035676586674047102e-04
2.085488832700758098e-03
1.373701633648401936e-03
5.747286068178624960e-04
8.284255085693589728e-04
3.749265576202637576e-03
-1.730238768383471045e-03
8.257107033698489170e-04
-8.121466870064119638e-04
9.333200901190331824e-04
2.390155548181792204e-04
-7.408299534611387412e-04
-4.024962021663651759e-03
3.148332762124292708e-03
-1.650818320353870461e-03
1.203264087087166584e-03
3.214536842976137287e-03
-1.876689826622893794e-03
1.267539710317275086e-03
2.249277012097867894e-03
-3.577648547134550019e-03
3.419822588418009184e-04
6.484901175715819879e-03
-6.763432484986778379e-04
3.232615888972699154e-03
-7.866323108372980663e-04
5.284660828529404424e-05
2.583905191246941950e-03
1.111998862476879651e-02
6.812532911631303265e-04
-3.318720107710317058e-03
4.341573815183128945e-03
3.719667113039353771e-03
3.717251848113797483e-03
4.674560647808425305e-03
1.549973648361673007e-03
2.120711268744079458e-03
4.605141533375341602e-04
1.204915397744775029e-03
2.739712020148039537e-03
-2.234712362047622594e-03
4.981186336194767632e-03
3.643131395113879630e-04
5.732011654112838077e-04
-1.768823895787178255e-03
-2.151232633587953254e-03
1.146611126672897069e-03
-1.744308251969833856e-03
4.537136289439667319e-03
6.583246108471853958e-04
1.191289950999220928e-02
-3.902220099475018798e-04
2.006152830867534258e-03
4.274013575154423338e-03
8.016450113323617252e-04
3.353868927339194450e-03
1.627042253645996552e-03
8.434081337322185765e-04
4.635427871556759179e-03
2.848148614986911655e-04
7.696801849395916092e-03
2.223931423218736703e-03
-1.710386856807826665e-03
2.247891413989916258e-03
2.124787023959680970e-03
6.485411966854174801e-03
2.541430685213303536e-03
2.074103146682518446e-03
5.045012766546981900e-03
4.876008181061166312e-03
-3.695062550690256676e-03
5.474417418705232463e-03
1.557430276349680044e-02
1.874588278764127008e-02
1.349388889662852739e-02
1.032765616282203987e-02
2.587632902588530431e-02
6.994448661928449017e-03
7.678405441186182331e-03
5.829064860830287598e-05
1.588452459536369640e-02
1.537473053781391371e-03
3.392875098953482618e-03
5.229278724704713305e-03
3.278027032527336057e-03
-1.486005860165328599e-03
8.150442621423231379e-03
1.386457332048225731e-03
1.177233513340800869e-02
5.427004326227522022e-04
3.776539626698729567e-03
2.306377154718072635e-03
2.451353192538482852e-03
1.287217719550900422e-03
5.679686026061518157e-03
8.336233184788263435e-04
8.365102802151924005e-03
-5.315492839005860667e-04
-2.325067320360500386e-03
-6.631758218284195591e-04
1.437616034398074951e-03
5.158611524335007716e-05
5.679508541436809228e-03
-2.478360335693627174e-03
1.055741936414973789e-03
8.471399266207437287e-03
1.526896835711975559e-03
1.816251931453729054e-02
1.096103586273593396e-02
9.026228279924322292e-03
1.660645277120079795e-03
4.650216570142267150e-03
7.598749774350340054e-03
-3.842558615160422859e-03
-3.270163531341594831e-03
1.283063875419087306e-02
-2.820669596828654247e-03
8.941871521206892423e-03
-1.961408468166077942e-03
6.617970925050794574e-03
2.040371270740185070e-03
-5.129572999859350474e-04
4.148499229698367034e-03
5.119031795796599206e-03
2.639955569565572042e-03
1.011218398808497870e-02
8.621746156364564970e-03
5.322559029019802330e-03
6.258516685125914761e-03
3.460632906392219904e-03
-7.430291886877116994e-04
2.874263634288675134e-03
-4.161127749767755727e-04
6.401740383333263951e-07
4.117329763816175324e-04
-3.085817220632364188e-03
-2.087391056254501672e-04
-4.806399164085736362e-05
-1.233936895069782762e-03
2.791777396948038736e-03
1.489352948093622484e-04
1.310966696084012477e-03
9.582022286571704670e-03
-4.283047288647368056e-03
3.889005707907610635e-03
2.325727525795289775e-03
-7.833868202352696356e-04
-2.033712854158693448e-03
-1.190592994617272740e-03
1.211578891892982693e-03
8.240559309061379518e-04
9.821213033334190087e-03
-2.049731495755384176e-03
6.869532029545751504e-04
3.480803258157707213e-03
3.592336908245541936e-03
-1.341308299374268254e-03
-9.820570087072002640e-04
6.927078820431318076e-03
-8.076846025889760326e-04
-3.704996439571100336e-03
2.051456744686174058e-04
1.701566171681271689e-03
-1.985421983926133295e-04
1.360956783563350113e-02
3.518693941359324513e-03
4.784557948925043623e-03
2.420641398482149473e-03
4.481292788052283586e-03
-2.158360650687217875e-03
1.082216850044354257e-02
2.958629022273698457e-03
1.076565003384990019e-02
3.199825949423242607e-04
-1.129469048462505192e-03
3.275237314466104485e-03
-4.930607288983630473e-03
1.791740090734933563e-04
2.513364252527195471e-03
3.536631764099191187e-03
6.086330941193940532e-05
4.562679816504964375e-03
-5.663286117537471090e-03
2.350693350947221424e-03
1.612766816480305527e-03
1.453040448807018086e-03
6.440905997863095346e-04
7.226595098976661656e-03
3.984636872416839025e-03
4.382888993421646742e-03
1.968252551481320008e-03
9.151165078184054016e-03
5.332520581149688584e-03
4.969795630251920907e-03
2.863906796104350675e-03
7.964255225028884144e-04
5.772507656133173473e-03
6.248016716748499427e-03
-6.795011139726810090e-04
2.222181927419325954e-03
-3.888667421981645105e-03
-1.444827892743242052e-03
9.932818755889003676e-04
7.450254291964583490e-03
1.171534636383930912e-02
-4.412516237266699351e-03
2.273298872481870764e-02
7.959715090010779665e-04
1.799915570322843661e-03
1.393718133564153180e-03
-3.115898145870280023e-03
-2.182822211309080537e-03
7.885684092971733186e-03
6.339216623769084943e-03
-4.189798724221188014e-03
3.411506780672557762e-03
-2.831490528156291146e-03
9.265814061736557528e-03
-6.264454672353220437e-04
1.116358537942356566e-02
5.795232506392643083e-03
2.280402684776481129e-03
1.259990631579451393e-03
2.109191760004167516e-03
-2.401945623799466023e-03
4.902705138159570847e-03
4.165204029483011126e-03
2.447404461409819886e-03
6.190460951857084532e-03
-1.138346672243175772e-03
2.999062384507054924e-03
1.704871647665194426e-03
-2.057573493382318548e-03
1.371562146351726959e-03
1.771886740134143070e-03
1.012540350389798914e-03
-1.610079365845354816e-03
8.262714351744160704e-03
-1.193914703880782566e-03
4.504356714532826295e-03
4.096697412187594659e-03
1.442501839685539355e-02
4.506675762975552446e-03
3.089109222868659764e-03
5.362207657049012982e-04
2.118965894099670774e-02
2.505430566526144036e-03
-2.518378579518503867e-04
6.185828943978057166e-03
9.220292484296135904e-03
3.803914207479614255e-04
1.205369600461920869e-02
-2.511436974957171123e-03
-2.913917750321005657e-04
2.474632442158623997e-03
2.528946644071125571e-02
1.124655548282484444e-02
8.839618751276879724e-03
9.145898660159270527e-03
2.398011685564332973e-03
1.114536726230481480e-02
4.162730357574131665e-03
7.075684631430916721e-03
9.144624022398308537e-05
-3.093549688991091735e-03
1.314750505773783391e-02
6.121320620336316576e-03
1.117932998509819399e-02
1.124832191821615972e-02
-1.094044537324110299e-03
4.259953776082980349e-03
-7.062620240141316477e-04
3.233581099961526165e-03
1.163311914263369731e-02
1.411193729207755286e-02
1.570395221163561677e-03
3.147636153767886542e-03
7.097367210607073706e-03
-8.114807140103155562e-04
-3.406841535194727374e-03
-2.352876883422035451e-03
-3.523120624418708173e-04
-5.881269139488363301e-04
1.437501879572153536e-02
-6.396186322239426868e-04
6.116141812912654144e-03
-8.824064223798781109e-04
-3.674574742048059180e-04
-1.847385352789863077e-03
-1.677613200890505293e-03
8.441267490005885388e-03
3.448296274313665966e-03
-4.053584632343150765e-03
1.168164923838596256e-02
6.236720879667805029e-03
7.814692111811141761e-03
8.826586496113713459e-03
2.072390748629591647e-02
2.369640201160324623e-03
3.659843935595103641e-04
