0.000000000000000000e+00
0.000000000000000000e+00
0.000000000000000000e+00
0.000000000000000000e+00
0.000000000000000000e+00
0.000000000000000000e+00
0.000000000000000000e+00
0.000000000000000000e+00
0.000000000000000000e+00
0.000000000000000000e+00
0.000000000000000000e+00
0.000000000000000000e+00
0.000000000000000000e+00
0.000000000000000000e+00
0.000000000000000000e+00
0.000000000000000000e+00
0.000000000000000000e+00
0.000000000000000000e+00
0.000000000000000000e+00
0.000000000000000000e+00
0.000000000000000000e+00
0.000000000000000000e+00
0.000000000000000000e+00
0.000000000000000000e+00
0.000000000000000000e+00
0.000000000000000000e+00
0.000000000000000000e+00
0.000000000000000000e+00
0.000000000000000000e+00
0.000000000000000000e+00
0.000000000000000000e+00
0.000000000000000000e+00
0.000000000000000000e+00
0.000000000000000000e+00
0.000000000000000000e+00
0.000000000000000000e+00
0.000000000000000000e+00
0.000000000000000000e+00
0.000000000000000000e+00
0.000000000000000000e+00
0.000000000000000000e+00
0.000000000000000000e+00
0.000000000000000000e+00
0.000000000000000000e+00
0.000000000000000000e+00
0.000000000000000000e+00
0.000000000000000000e+00
0.000000000000000000e+00
0.000000000000000000e+00
0.000000000000000000e+00
0.000000000000000000e+00
0.000000000000000000e+00
0.000000000000000000e+00
0.000000000000000000e+00
0.000000000000000000e+00
0.000000000000000000e+00
0.000000000000000000e+00
0.000000000000000000e+00
0.000000000000000000e+00
0.000000000000000000e+00
0.000000000000000000e+00
0.000000000000000000e+00
0.000000000000000000e+00
0.000000000000000000e+00
0.000000000000000000e+00
0.000000000000000000e+00
0.000000000000000000e+00
0.000000000000000000e+00
0.000000000000000000e+00
0.000000000000000000e+00
0.000000000000000000e+00
0.000000000000000000e+00
0.000000000000000000e+00
0.000000000000000000e+00
0.000000000000000000e+00
0.000000000000000000e+00
0.000000000000000000e+00
0.000000000000000000e+00
0.000000000000000000e+00
0.000000000000000000e+00
0.000000000000000000e+00
0.000000000000000000e+00
0.000000000000000000e+00
0.000000000000000000e+00
0.000000000000000000e+00
0.000000000000000000e+00
0.000000000000000000e+00
0.000000000000000000e+00
0.000000000000000000e+00
0.000000000000000000e+00
0.000000000000000000e+00
0.000000000000000000e+00
0.000000000000000000e+00
0.000000000000000000e+00
0.000000000000000000e+00
0.000000000000000000e+00
0.000000000000000000e+00
0.000000000000000000e+00
0.000000000000000000e+00
0.000000000000000000e+00
0.000000000000000000e+00
0.000000000000000000e+00
0.000000000000000000e+00
0.000000000000000000e+00
0.000000000000000000e+00
0.000000000000000000e+00
0.000000000000000000e+00
0.000000000000000000e+00
0.000000000000000000e+00
0.000000000000000000e+00
0.000000000000000000e+00
0.000000000000000000e+00
0.000000000000000000e+00
0.000000000000000000e+00
0.000000000000000000e+00
0.000000000000000000e+00
0.000000000000000000e+00
0.000000000000000000e+00
0.000000000000000000e+00
0.000000000000000000e+00
0.000000000000000000e+00
0.000000000000000000e+00
0.000000000000000000e+00
0.000000000000000000e+00
0.000000000000000000e+00
0.000000000000000000e+00
0.000000000000000000e+00
0.000000000000000000e+00
0.000000000000000000e+00
0.000000000000000000e+00
0.000000000000000000e+00
0.000000000000000000e+00
0.000000000000000000e+00
0.000000000000000000e+00
0.000000000000000000e+00
0.000000000000000000e+00
0.000000000000000000e+00
0.000000000000000000e+00
0.000000000000000000e+00
0.000000000000000000e+00
0.000000000000000000e+00
0.000000000000000000e+00
0.000000000000000000e+00
0.000000000000000000e+00
0.000000000000000000e+00
0.000000000000000000e+00
0.000000000000000000e+00
0.000000000000000000e+00
0.000000000000000000e+00
0.000000000000000000e+00
0.000000000000000000e+00
0.000000000000000000e+00
0.000000000000000000e+00
0.000000000000000000e+00
0.000000000000000000e+00
0.000000000000000000e+00
0.000000000000000000e+00
0.000000000000000000e+00
0.000000000000000000e+00
0.000000000000000000e+00
0.000000000000000000e+00
0.000000000000000000e+00
0.000000000000000000e+00
0.000000000000000000e+00
0.000000000000000000e+00
0.000000000000000000e+00
0.000000000000000000e+00
0.000000000000000000e+00
0.000000000000000000e+00
0.000000000000000000e+00
0.000000000000000000e+00
0.000000000000000000e+00
0.000000000000000000e+00
0.000000000000000000e+00
0.000000000000000000e+00
0.000000000000000000e+00
0.000000000000000000e+00
0.000000000000000000e+00
0.000000000000000000e+00
0.000000000000000000e+00
0.000000000000000000e+00
0.000000000000000000e+00
0.000000000000000000e+00
0.000000000000000000e+00
0.000000000000000000e+00
0.000000000000000000e+00
0.000000000000000000e+00
0.000000000000000000e+00
0.000000000000000000e+00
0.000000000000000000e+00
2.228513611968607755e-02
6.454596761246684557e-03
1.768207594911352237e-02
1.499759233865598750e-02
1.469565011766920054e-03
3.060535164655852399e-03
1.667129628040272052e-02
1.240529654881296524e-02
7.954746389483804969e-03
1.049108794308296205e-03
3.514129167545297638e-02
8.272455726207784618e-03
2.018656443055670893e-02
2.673901967806339205e-03
8.874499431490047788e-03
5.977877416603367619e-03
3.398968315071995011e-03
5.710176696565925566e-03
9.754135147097164893e-03
2.875607429011194701e-03
8.307297606441391841e-03
5.462577439721133347e-03
3.836390325257984374e-02
1.337262645284817072e-02
9.966369334188620449e-03
1.938846540268528151e-02
1.083032255771559579e-02
6.973181846299425675e-03
2.919807200230074493e-02
1.644685923716654105e-02
1.182318179478336617e-02
8.398536851774306318e-04
3.898888241258979814e-02
4.557661094280053560e-03
7.301179077506533832e-03
1.608470376518983738e-02
1.684730370167343907e-02
1.918819120639667086e-02
1.009037160348915350e-02
2.334904947883982562e-02
1.832268235780437279e-02
9.429918588213490743e-03
1.643692693492967982e-02
1.693425704389807385e-02
1.903527242590215968e-02
8.451053675943344737e-03
3.133179073466713441e-03
1.637922351888204979e-03
1.092256196351316412e-02
2.668133095719258090e-03
1.110007989609068310e-02
9.588362719994946706e-04
5.573756348632211664e-03
1.759989123948021766e-03
4.554873527867360147e-03
-2.890565456308193809e-04
4.464280547601724323e-04
1.596144343211820804e-03
1.966314473437031848e-02
1.084642870199783657e-02
3.124683815502668494e-06
8.779164262366002947e-03
8.139657587958181936e-03
1.935866928181450772e-02
1.067257492197875961e-02
2.953231020732621087e-03
3.219492779876853648e-03
1.929650654388271420e-03
8.688761122158140948e-03
8.967730436087463161e-03
2.238532140108395393e-02
4.864497727772426269e-03
4.762452571496784276e-03
3.711003255641198359e-03
1.845477780499321999e-02
3.565993887984468882e-03
6.913156654431222917e-03
-3.169520761874781035e-04
8.483887864160028977e-03
1.285020891187511199e-02
2.811366709082249032e-02
4.496583328511669433e-03
1.313098616241558519e-02
1.776629864663526815e-03
8.499423485100559422e-03
3.854105279740204990e-03
3.029565378438204074e-03
1.675587314545889592e-02
1.197167845756722665e-02
4.374883525571037629e-03
6.391174787077614355e-03
6.972250993006446317e-03
4.906817854133307000e-05
-5.307442094948367200e-04
1.023429820572949699e-02
5.088851680303376271e-03
2.206896060052684211e-02
6.453809448495211910e-03
3.245384655054653344e-02
2.000227289468931718e-02
5.459043454532134382e-03
1.056896298409346763e-02
5.210253692145437945e-03
1.259849089265576046e-02
2.012632387645184665e-02
7.303584115961759410e-03
-1.550608782506206294e-03
-1.051059667472436501e-03
1.593497396928429330e-02
-2.884479554725120562e-03
-3.201851644678602952e-05
1.833077156032819621e-02
1.006978471742436300e-02
-4.384574471150919951e-03
7.396090190553015337e-03
1.468277252474031909e-02
6.409151290295361184e-04
9.296109532069806933e-03
3.654034769126206748e-03
8.581335345921619522e-04
-2.893413364810691699e-03
4.153432660139150245e-03
4.157764339122119700e-03
3.303108822837575332e-03
4.234786642558865423e-03
5.196626406433512042e-03
6.914786803557219051e-03
5.316941800867340702e-03
4.486021561017147644e-04
6.651677346931367252e-03
4.562703524324307480e-03
6.907533953179013572e-03
5.530433090500314237e-03
1.124897606137439249e-02
9.449609496397694958e-03
1.059798446347250296e-02
6.570908436320901588e-03
1.582854666099293289e-02
1.298622200289042961e-02
2.624457881271069319e-03
4.151847961229535380e-03
1.540334579088012239e-02
-1.479560868249450408e-03
4.833452686382819739e-03
2.566534499815222026e-02
2.312937820721899795e-02
2.530235432731033768e-02
6.950301191989757821e-02
6.133386639213410721e-03
2.400871978517173447e-02
5.106934650612392559e-03
3.151801615575038767e-02
6.037435758581533377e-03
1.682339777339506015e-02
1.069766581668767265e-02
2.284207162730122684e-03
1.165487800920178042e-02
4.401133041578661085e-04
3.838490343896942998e-03
4.131595497427885399e-03
1.154664243334407349e-02
7.824672392737539936e-03
4.423652200432854481e-03
5.115611447510102702e-03
1.060580702142781100e-02
2.018808798582586231e-02
5.022477491495496230e-03
6.110461937741764639e-03
4.922194362827242604e-03
-5.267559260477182141e-03
3.126778313709955345e-03
3.618635361623156912e-04
1.509965764945162339e-02
1.180124172703988193e-02
1.222462699014525804e-02
5.820628806781091152e-03
1.873194850281710393e-03
2.643042209709821951e-03
-2.505511047131878891e-05
5.306529407212149350e-03
3.311751866251986523e-04
1.102998062254115577e-02
1.445700653966499119e-02
1.106798171015585183e-02
5.140357835072079107e-03
5.475488906029414397e-03
1.259909236190434427e-03
8.979881533211612338e-03
1.805209759371945860e-02
-2.693607290351576321e-03
2.151460149170897427e-03
4.675578839974639869e-03
1.012364565082361952e-02
2.616613673075831887e-03
8.464479169091002064e-03
7.394080202671900019e-03
6.808069536786928201e-03
1.089229920119600889e-02
2.043557284198916843e-02
8.125833317486213375e-03
4.742110064964807740e-03
6.476118239285547432e-03
4.322366712520476877e-03
-4.408341602955333748e-03
9.358059133307118985e-03
4.993413389382123915e-04
1.926436497159636930e-03
1.280193478353898158e-03
2.312613200437921290e-02
5.164757783097832962e-03
3.851645084118466428e-02
7.649592370441106806e-03
5.854338641901406931e-02
2.361228463252172671e-02
3.776014778770339642e-02
3.575171635015107763e-02
4.626564649263861643e-04
9.940922698120710152e-03
8.613383499824125294e-03
5.237266478118551664e-03
2.604930893981520154e-02
2.184828390879108365e-02
1.082706538883675129e-02
2.695367696511002595e-02
2.688794238527065020e-02
8.843575097393986326e-03
1.866934070599731918e-02
1.944278632202382784e-02
8.625616970786403534e-03
-5.455835192240390298e-03
6.153162748509090861e-03
2.610213389551303137e-02
5.716019013311849153e-03
7.526915747898997415e-03
1.664733724760472655e-02
1.719843321766634583e-02
1.565868217062223178e-02
7.150114873963617571e-03
3.420429388032821157e-03
1.069323696373509353e-02
1.792094330773114780e-03
1.400739169035220173e-02
-1.117973455276072021e-03
2.156269946205501345e-02
5.553719077531910076e-02
9.136881965457616106e-02
1.028095711875764290e-02
3.405275881370824903e-02
3.155694595184471013e-02
8.680411606744585853e-03
3.005552935912217394e-02
1.769517012798389743e-02
1.337238904598467108e-02
1.761866945847937599e-02
2.670663502646011822e-02
1.204149842063597514e-02
2.632875616269719776e-02
8.973924813268770130e-04
5.526101368675676202e-03
7.615560078293795443e-03
7.526719943773053922e-03
1.308633275266000463e-02
3.361016316549465550e-04
1.763319676419814949e-02
1.304474337105414501e-02
1.496652032266273039e-02
1.367964550754052419e-02
2.674866105925756063e-02
1.142469515471775804e-02
2.649188364240979976e-02
1.511533507596759564e-02
2.803029184502534715e-02
2.635064437746821933e-02
1.441035059271358366e-02
4.996908582747738511e-03
4.859950196285618002e-03
1.690233834589809775e-02
2.030414404378662850e-03
2.973530851997393046e-02
2.501867265905672114e-03
3.629516896991038036e-03
6.196725248187083882e-03
-2.234182179085821181e-03
1.433444937817954061e-02
2.955809333622502408e-02
3.663990334242919582e-03
1.957648644956500386e-02
6.937779825924752890e-03
1.460111786204100134e-02
9.015066780275245856e-03
1.625842502478096890e-02
3.402068757899643064e-03
2.184681372888900089e-02
2.919672560292189707e-03
1.471491036971501283e-03
4.176693755090754231e-03
6.513880578442778589e-03
-9.943719552840829274e-04
2.230144443873917359e-02
3.295760843658119502e-03
2.285733388299420951e-02
9.797608682573497041e-03
3.157850912625030648e-02
1.605018301464412401e-04
6.800651981742677175e-03
1.160853672332714907e-02
2.486100044413122601e-02
4.570597411559740308e-03
-1.602908038084737080e-03
1.407133868696758489e-03
7.976088764754009353e-03
2.942058230322550441e-02
8.894498327218202651e-04
1.351510013784077606e-03
2.334920742140718028e-02
4.967627043684563412e-03
1.234643303156106450e-03
2.304915933489919307e-03
-5.678041693876008291e-04
2.860819973352533678e-03
-4.432526221002066474e-03
-3.327604163754076770e-03
8.129683445793310648e-03
-3.029749316056781425e-03
7.424838507589151711e-03
-4.202945601248825498e-05
1.382713496254235098e-02
-1.095388055622386779e-03
3.104099427595326689e-03
1.465565907966492540e-02
5.302181115619273265e-03
2.457894860072919532e-03
8.407414468195749738e-03
-1.178269545297227962e-03
-3.076252513666826761e-03
5.648681350227711213e-04
1.346738575838760978e-02
1.615534658691833783e-03
6.631496670448200174e-03
6.686301715656546140e-04
1.259412391453990435e-03
1.004751349507168080e-02
-5.016875186771407868e-03
1.144704955838490900e-03
1.271053828286561153e-04
-1.243841661580458906e-03
2.273036496577571577e-03
1.237967906557739181e-02
1.339751920994961204e-03
6.267754160350868381e-03
-3.271116664055116145e-03
3.121161878519605054e-03
1.471937318614972845e-02
3.553300227552024654e-02
3.358119154854820928e-03
1.908383789864245231e-03
1.118814456326211980e-02
1.709251053842422360e-02
-5.960681589083340927e-03
5.032728822292508591e-03
-4.406410298608759608e-03
8.482836395626528608e-03
1.401134197670141773e-02
1.909061404632707640e-02
-5.477031141570903698e-03
-8.419506911448435601e-04
-1.015743287535908436e-03
8.736989290596564733e-03
-2.876047836077030590e-03
8.841215797421135558e-03
5.320721184515031336e-03
-1.141066487691605024e-03
4.833717504028871986e-04
7.611934771969788328e-03
-4.012795179492729264e-04
1.061251693690142038e-03
-7.879829463980710276e-04
9.170587948821952440e-03
1.965761668027036016e-02
-6.297640113584566414e-03
5.543187250217472377e-03
7.746868397989513377e-03
4.675158063460207146e-03
1.082190282262771768e-03
1.519522316097144873e-02
4.051841231810245081e-03
6.800113818551324803e-04
2.898590558060954153e-03
3.360742878252619831e-03
-1.992215511003370999e-03
1.267453087540028160e-02
8.518315066348065324e-04
3.786914185695887652e-03
-3.731671706491214262e-03
-1.736651404124309834e-03
2.715008924262460495e-03
2.221826728017916772e-04
2.767583298879071341e-03
9.758888018065146885e-03
1.068360976586317686e-02
-1.236546586346982078e-03
1.216753717877950072e-02
7.571475776115742240e-03
-9.827021193515656427e-05
4.969506681571238954e-03
1.654283343686111310e-02
9.567131493702111730e-03
9.873097705914780572e-03
2.015584759246577193e-02
7.979042524559269711e-03
8.481900081984761544e-03
8.678938130243811153e-03
2.256773753096346681e-03
-5.955323591561061851e-05
1.679889220261865986e-03
6.453701283982886741e-03
8.805202878467892000e-03
6.013119610180331538e-04
2.166208399878488330e-02
6.972074012142507682e-04
1.876479818052530571e-03
1.905327420675479236e-02
6.851622231152455604e-03
1.518094644527744107e-03
4.775611921405313078e-03
-6.529069428780356031e-03
2.478949919912975045e-04
-2.263010543949743950e-03
1.158310742527303818e-03
-1.584320528110868360e-03
1.252100770960919368e-03
3.231451154092452541e-03
2.374198965487697710e-02
2.244107563651609287e-03
1.662861198613206984e-02
1.208665655670446148e-03
-1.529186852254873531e-03
7.636782136989532510e-03
2.514268523932081806e-02
-5.234319488703002409e-04
6.029618632987135407e-03
8.002170706874549636e-03
1.250122582768622460e-02
6.901274467040451879e-04
8.129045319907528960e-03
-1.326480029679758541e-03
6.000883485896632216e-03
-7.562029890335191483e-03
7.332638165883395391e-04
-1.029933701337386624e-03
-2.065956771777312500e-03
-2.797305420628336346e-03
2.250351391877930107e-03
1.082178132824234210e-02
1.472450066698826731e-03
3.836721650147347385e-03
-2.191623021939820910e-04
1.246584587908273860e-02
9.490078968673031643e-04
3.529484558072910200e-03
6.712456088360413062e-03
6.172371063034988968e-03
4.075559807761606167e-03
-5.748982527036528706e-03
-7.399929299990277379e-04
6.668330358170980162e-04
-2.645383435138536597e-03
-2.145240693963109714e-03
5.413924278980561389e-03
2.840087309544135370e-03
1.512609402473090274e-03
-5.882539618343899518e-03
-2.111446862949319591e-04
3.788887449578228275e-03
4.215833664292561490e-03
6.223657467484970717e-04
9.362930960216600887e-03
-1.593377119404144546e-03
1.631865669999689331e-03
-4.457796433311455599e-04
3.431240665244386819e-03
4.723949301262010854e-03
6.671082193315220656e-03
1.058283787004055598e-03
2.610066347758687160e-03
3.669431820006707409e-03
1.161428620659941437e-02
6.755657312510899952e-03
-1.555513234611655311e-03
2.666027535004048942e-03
9.245683638848397126e-03
6.889591413874378810e-03
6.257495978775110511e-03
-6.124255452628909286e-04
-4.402257297155043650e-04
9.411170229361043998e-04
-4.571942178665695800e-04
5.979884821629614586e-03
7.106018329719456135e-03
2.885796618454720963e-03
5.842011589946172027e-03
2.927978510805803389e-03
-3.545820222301854317e-03
1.454069114116893343e-04
9.040704391856576585e-04
4.597850040281854789e-03
9.183909235632035234e-03
5.291405164968353975e-03
6.842166162455350607e-03
8.666199769386234274e-04
-7.880079816633093082e-04
3.488350456113740398e-03
4.819928213269914115e-03
1.909797714546715387e-03
-1.030329531892597208e-03
7.215842352716552235e-03
1.597899457073774163e-02
-1.200737181004712852e-03
1.432574932902176169e-02
2.465986266436321229e-03
3.086737794997544346e-03
2.188619244779800533e-04
-2.014920471119072479e-03
6.286916323599796297e-03
1.508995110277316226e-02
1.848387253988552359e-05
6.092895533495252397e-03
1.187841707111641013e-02
1.231198737949400213e-02
-1.803068215252747169e-03
5.783672442735709757e-05
4.466134745107054257e-03
8.439693115907200352e-03
-8.403475728896688327e-04
-2.016222525216111402e-04
7.830900253746332987e-03
1.743201549738783353e-03
-2.367260482056491450e-04
1.002603185784928068e-02
-2.210634717575691958e-03
3.474136288018860996e-03
2.679707878980776975e-03
1.138533633307783986e-03
7.074681684813336445e-03
5.683226962144312779e-04
5.861560941020119500e-03
4.167865127254479288e-03
-3.868426928210245974e-03
1.624034969695392237e-03
-3.244795710186545827e-03
-6.465460541658580099e-04
3.394628065541309588e-03
9.130181877324984596e-03
4.026523453223216503e-03
-4.545980530610604421e-04
3.055717907592350562e-03
4.397557457916170982e-03
9.851906482029212236e-03
4.746703182473920209e-03
2.896123252099242753e-04
1.016756957467309383e-03
1.099026679274155930e-03
2.525852741399415907e-04
-7.638516233668573348e-04
-1.585790709508495258e-05
1.044817119591639164e-02
4.908115748918544588e-04
3.057217330521255858e-03
2.995819281698583990e-03
-2.023876617345573507e-03
-2.291229828429535570e-03
2.346753597743680975e-03
4.586065841919802384e-03
5.718624176218252940e-03
-1.525517800210247779e-04
2.395505443747867800e-04
-5.874902200307503212e-04
7.489707930637735673e-04
6.557129423503592304e-04
6.498952852500657421e-03
4.472402004536800077e-03
2.853514576421080709e-03
1.862593870691595923e-03
5.736163439012251751e-03
-4.509034270993736112e-04
1.501126941265297455e-03
2.379840814428496685e-03
8.344522807988341215e-04
-2.121327981030061548e-03
4.136170873153510209e-03
-2.570002876581399965e-03
3.643834954038149571e-03
-3.524703860658356231e-04
4.079600090743282746e-03
1.298368271355885509e-03
9.878573247438701341e-03
3.455038439677449950e-03
1.510954641298255935e-02
5.403647826646955019e-03
-2.485715096895762134e-03
1.039376971778248684e-02
-1.876284513445279764e-03
5.751882061089061589e-03
4.534509788703606700e-03
-1.749493035129275975e-03
2.659996896996763300e-03
-1.188367496389697861e-03
-5.879358932374349062e-04
1.984528269517037754e-03
1.003792503545531106e-03
3.050458590191925745e-04
3.988238540487524381e-03
3.795226328886814986e-03
6.010685074516703232e-05
2.254075468393329246e-03
1.586288701357115982e-03
-1.272056892216752444e-03
5.008853913449577006e-04
3.508303094052224718e-03
3.338721985753179394e-03
6.306694418427999122e-04
-2.534616680305960823e-03
-1.693954099363957069e-03
3.537610995408145727e-03
6.568257420772444753e-03
6.400486728212775173e-03
5.195935496676048863e-03
-1.289831544014029751e-03
1.048554202361547463e-02
1.779310813378427204e-03
3.630170904363386967e-03
7.774224451888476009e-03
-1.134511045714052709e-03
3.084668401372232457e-02
5.864817833063221131e-02
4.204697193728098095e-03
1.040616517978458846e-02
2.830276739786717188e-03
4.230248377447149962e-04
2.970324917329885978e-03
4.956729796438444705e-03
8.297700722379899689e-04
9.617915210302146675e-03
3.923294733829114575e-03
1.650468782429438501e-03
-5.610216408874544800e-03
1.324604747620076670e-02
2.324632655917275876e-03
6.617869637421580978e-03
8.132950489096656089e-04
-1.122366960033301521e-04
-2.188932727831335336e-03
5.542678102444539498e-03
4.615449893642761120e-03
5.267573818279065387e-03
4.107120834222094743e-03
9.596642438460374624e-03
-1.999676403322956340e-03
1.024441819291940087e-02
1.327982710421439679e-02
6.184497697738130031e-03
8.787107099050884412e-03
8.806629815666299974e-03
-2.811221838381940943e-04
4.723156466328377878e-03
5.721015025448862069e-03
4.325607524804179690e-03
1.185813524431627956e-02
3.576907119284402064e-03
6.959321337562410399e-03
6.981669832291037547e-03
-2.950946709802897312e-03
1.745999922076808125e-02
6.394258954146278366e-03
7.019879235613234354e-03
4.959365813006721274e-03
1.753614702055690186e-03
2.918684193719568547e-03
8.450125871260358518e-04
3.864130668113078225e-03
1.485254948734233277e-02
4.203574969093086533e-02
-3.229448118976597885e-03
1.267475920646722078e-02
-3.042196198943585613e-03
2.601740319074542437e-02
4.297039336028507647e-04
1.434867475471002067e-02
2.051085178217076747e-04
5.786351535551284217e-03
1.464050047126913643e-03
1.362083750863595476e-02
-2.192186423812573191e-03
-7.170807431811043915e-03
3.545880032010105456e-03
2.433268017818692244e-02
4.717933735605133773e-03
-3.932736287758614724e-03
-2.657936105976914810e-03
6.670055088198874674e-03
3.891673134582630204e-03
-4.634664872802716313e-04
8.046708046039028131e-03
1.274494849311853199e-03
5.584525970407273540e-03
-4.201342327644674683e-03
6.772330236199269361e-04
5.952327458678905933e-03
1.601868186485850849e-03
-1.028250248206482361e-03
1.124718010531818718e-02
-2.104426287442714982e-03
5.035142283414749398e-03
9.542951291127815469e-03
2.977153353969691843e-03
3.842045002912920434e-03
7.329196340305335405e-04
1.248077762605716984e-02
5.784571154414794823e-03
4.206921783180859326e-03
1.979877393970859781e-02
2.659809043152936044e-03
5.214890178197520779e-03
-7.258373351555122942e-05
6.947222977000688110e-03
-1.665304990755542974e-03
1.029307632775661174e-02
2.704217342913210927e-03
4.015397308338524394e-03
1.556093709770626317e-03
3.896123116149085609e-03
5.614272251600251062e-03
1.673846548124756708e-02
1.713871930807310540e-02
1.388155736222269378e-02
1.447608411724765794e-02
9.620713825018533880e-03
1.457720294276297103e-02
-3.092727260375658185e-04
2.683991422266015364e-02
-5.992236495541819127e-03
6.412986919470193420e-03
1.743273291503565688e-03
3.915724987483782532e-02
3.009286707071991140e-03
3.356676491419000041e-02
3.305776539109904141e-03
-1.626092981917749139e-03
-9.389326992435780396e-04
4.121792407995607775e-04
-7.184265373573939153e-04
5.554970885940171271e-03
1.378735691518054307e-02
9.434426845090762223e-03
9.542635251735277204e-04
3.464072660572901398e-03
9.855322323231418755e-03
5.791524619408850751e-03
6.498142598495062691e-03
6.994133095051984113e-03
1.057256065705849783e-02
-2.456567643398638832e-04
3.815792109645891141e-04
-1.658369117575303692e-03
1.041547475446989550e-02
2.584062390429014023e-03
3.245124878523776134e-03
5.312168143922208277e-03
6.680082750982517872e-03
-2.617048985439318978e-03
-1.494570464700661818e-03
-3.701592583356321875e-04
-5.203404341632061414e-04
8.982935898031827338e-04
1.068467261868836886e-02
2.810473622257622563e-03
7.372430057047646250e-04
5.656462537170807089e-03
-2.079339247590916880e-03
1.217739817672159469e-02
7.262420265856796980e-03
2.952515218923911292e-03
8.807521703108769570e-03
1.668808837325177650e-03
-2.888764708483222438e-03
-1.801847322164603239e-03
5.780007239466276002e-03
2.824614406268389187e-03
1.289377690266597064e-02
-7.070088850005737651e-04
-1.842836798388561683e-03
5.739514357807475953e-04
1.341407150100238851e-03
-2.636038971346801331e-04
-6.490747033321846854e-03
1.701342236013952264e-02
-2.789017940558648082e-04
8.009439488049949554e-03
5.767252795422619753e-03
5.417623236653253301e-04
1.376238723710004365e-03
7.567868255958305930e-03
1.013996609924344879e-02
1.223543498172052074e-02
-5.859563450135594955e-04
1.790287030103565472e-04
4.337514825435311895e-03
-1.330274452147896811e-03
1.500681157672296463e-02
9.513361057502597862e-04
-4.674270798920272287e-03
-1.165608861085983168e-03
-4.751182739477751772e-04
3.907799292588770047e-03
4.803410017472346631e-03
-2.662104904460219166e-04
1.818435099324634818e-02
4.309109101614481789e-03
3.204247320465696859e-03
1.672312726515554331e-03
4.721297027012167843e-03
2.802640320040813635e-03
5.989477862305127472e-03
1.018919854230681057e-02
2.237686700695472580e-03
-1.246014607470344576e-03
1.816429359998030348e-03
9.960361971806338567e-04
5.927525265204904373e-03
1.135392974754586767e-03
1.657107390116715692e-02
8.664299372327504203e-03
7.000108085685662236e-03
-9.836442887019138191e-04
7.840674139296791717e-03
1.497784345710520375e-02
-7.145371541068686570e-04
1.615022938276351044e-02
5.646851018278292549e-03
5.654715450683665129e-03
-1.824077354849824124e-03
4.200792294403933591e-03
6.452686804295399174e-04
4.062077275340223587e-03
5.503075840093182153e-04
3.565059659009557624e-03
1.520159944113644648e-02
6.114972325078170748e-03
9.238619252078470942e-03
2.324394847315535903e-03
-2.498530333373581887e-03
2.607946739181466779e-03
5.588944887211204013e-03
8.296721907490742232e-03
2.363873652556094940e-03
2.483885844694736812e-03
1.075145919889673382e-02
3.015645095428401250e-03
-1.286292564189152722e-03
3.273689622711929096e-03
1.144984777649771766e-02
1.996839804513511618e-03
2.700791862727450372e-03
5.813715577306761972e-03
9.783860670848187890e-03
3.857864472649482832e-03
2.902770122782752545e-03
3.315907536553671601e-03
1.362436531781960856e-02
1.654599414679706892e-03
5.756221676516857459e-04
5.902082800473555831e-03
-2.554023377965200254e-03
5.709017038724362517e-03
-1.131617231306693110e-03
2.539291305582938238e-03
4.357122397951390322e-04
5.702100832946349791e-03
-2.710356468713163904e-03
4.198003570140627916e-03
9.745585185374267337e-03
1.608817798822303460e-03
-6.994431300241315055e-03
2.421724303858771576e-03
5.913542380310559017e-03
1.732462283357524011e-03
-7.773739749582699726e-04
1.145309257428730153e-02
3.128497071278817099e-03
1.637397561460325569e-03
3.225731931368457095e-03
-2.052864616203898076e-04
4.235073026289950908e-03
4.539384678384888669e-03
3.981964275902908322e-03
1.129528487382716953e-03
-2.711435411886356289e-04
5.253322179839045071e-03
1.289383939176910352e-03
1.141650605640947029e-03
2.284217477855239598e-03
9.586264430156145018e-04
4.841353209324371701e-03
2.200793114986028878e-03
-1.146165672347749674e-04
1.142739370665764136e-02
-2.156447878327113436e-03
1.165302426080504000e-03
5.960998741316767859e-03
-4.748481219701328779e-04
2.098431785141679530e-03
1.156519861640592159e-03
6.824016415151177347e-04
-2.854521701686194013e-03
-1.656303928513799513e-03
1.083342299806112387e-02
1.446969411688469546e-03
1.203463449712675404e-03
5.697078116300939750e-03
1.454824083069670678e-03
1.530110084137863667e-03
1.894606506053060201e-03
-1.152459911922495625e-03
-2.722238845555168506e-03
-1.318468550034376709e-03
-1.800103243711998879e-03
2.310812820415246351e-06
7.071766184616214840e-03
1.242201117912793530e-03
1.873435471198141820e-03
2.130415007942350423e-03
-4.695394110535306906e-03
1.828954190721997566e-02
1.929035009990599445e-03
1.773744422491452906e-04
1.335168455550497357e-03
-1.721561617544638181e-03
-1.623898594150489580e-03
-1.050819990677769348e-03
2.459432169744657243e-04
3.387557820096774152e-03
-4.459958505359648746e-04
-8.349790509302671814e-04
9.934282240880152638e-06
2.179327352087230465e-03
-1.751324968370842781e-03
2.120031153092057563e-04
-2.325032839971751322e-03
9.873922639482170596e-03
4.532215704887756699e-03
-4.360018259368557891e-04
1.389387793008426200e-02
4.478623936560616539e-03
-2.227819194626533446e-03
-1.838678231033252916e-03
-1.177661980077074821e-03
6.328069266835514156e-03
6.738810191794767160e-03
-1.422242258158558544e-03
1.702604928912415660e-03
3.171388106257569395e-03
9.981895048778579443e-03
-3.003561825331314654e-03
-4.648981399506921415e-04
5.564751839773731182e-03
2.281044506833035911e-03
-1.861676151486786482e-03
-3.515089628411807721e-03
1.105741237319667102e-03
2.767260019461782782e-04
-3.006721556914405610e-03
-7.160004014539362313e-04
3.386050828991457335e-03
1.278368977216123338e-03
5.007676823240184106e-04
1.077613782263495135e-03
2.932751995613489156e-03
1.527817457770176690e-03
-2.146948413122447795e-03
-1.780322274467457423e-03
-3.342553146653267498e-03
7.474489138089707163e-04
-3.092615128591935550e-04
8.510003676266680167e-03
-3.027768409628840088e-03
4.720510353969195778e-03
-4.348495848948996136e-03
5.685275590616121165e-03
5.031344339911701311e-03
2.428661499707598253e-04
4.205369986163579217e-03
6.354997547973745622e-03
2.221195253874464880e-03
-2.459532232096207222e-03
5.865882984670572724e-03
-2.224995151587334276e-03
9.640385558934389670e-03
5.580113332182523068e-03
2.235141739758808414e-03
-4.026165465776462490e-03
1.392475874068927442e-02
-2.082906707777804935e-03
6.758240843388158350e-03
3.530859529336452182e-03
1.209476710454158305e-02
4.373524694190672121e-04
3.520097909326445982e-03
7.358041333678965595e-03
5.103052732843726090e-03
-2.907394231289490809e-03
9.071094712574676380e-03
9.309626094471484120e-03
3.153526019996985216e-03
-7.549848882179298641e-04
5.051567513445867283e-03
3.446785183331044309e-03
-3.651351856798617894e-03
2.183541344413497069e-03
2.520684505513433229e-03
7.005161564310600185e-03
3.690512900196716174e-03
-1.663529950324818367e-03
1.990289964456831793e-03
1.298983844826958039e-03
4.169747251023636463e-03
9.624597358971942809e-03
8.698523072449599811e-03
1.776840762310350928e-03
-1.207769989707087582e-03
1.424930126356155520e-02
5.182492214132097819e-03
7.311250939006894850e-03
6.895866095927162542e-03
1.237293111571916948e-04
-1.667090584864198283e-03
-5.056164923179361659e-04
1.888459036034657867e-02
4.090169372727932989e-03
-1.479127746292755244e-03
4.925962572490316313e-03
-1.067395451649597558e-03
1.294817867598343358e-02
1.595204431723633211e-03
3.014702559727781665e-03
-3.093766471494232510e-03
1.825979827353457069e-02
2.482618144322723888e-02
4.640350674645538770e-03
-2.553650257490703429e-03
7.258523948872817573e-04
5.649134314581517186e-03
5.862461350334576687e-03
9.413754011762882207e-03
5.213579565494055532e-03
1.435371511286623455e-03
5.655931060238522830e-03
2.189128269438091190e-02
4.709530398078670688e-03
6.876346130887507624e-03
4.299573575750155127e-03
-4.653788577143616600e-03
4.682939150111526186e-03
7.035576111662287906e-03
-2.430298981556979366e-03
2.759541164642474904e-03
6.445666907351797932e-03
1.111769141545050979e-02
9.976711257857569584e-03
-8.187009411846839051e-06
8.111873325703008314e-03
6.868021706939380494e-03
2.868502991952132184e-03
4.885108111153012994e-03
5.752463385466964965e-03
-3.199693288320544504e-03
5.778194494514368208e-03
1.660819029964339180e-03
9.168006956684092434e-03
1.521624312586731566e-02
7.169253695672634513e-03
7.769166957160991184e-03
7.045763877533107837e-03
5.650880024798185693e-03
7.266934374675772246e-03
-8.823645339847349667e-04
8.259025899116369598e-03
1.912285026712475314e-02
1.239351046642051500e-02
4.548872668709801753e-03
6.650424154583348124e-03
-1.399998381384831223e-03
1.351486172534094917e-03
2.065031006888466691e-02
5.758272370309071644e-03
6.533760389641585058e-03
4.543291816233941197e-03
-2.971313866113102411e-03
3.635755495773601489e-03
1.450807842694092596e-02
-8.076610875262779914e-04
3.658827294213874096e-03
1.382326970056595508e-03
3.767976142473472827e-03
-3.123254333691333900e-03
1.611556104343515915e-03
1.825895946991805841e-03
-1.298153947418262139e-03
6.558882350613471669e-03
3.202416529417309501e-03
3.771098301065707592e-03
-9.760437507877665442e-05
1.745039502965471320e-02
-5.604794817038872938e-04
9.781103890110831589e-03
1.002359972836126085e-03
-4.566760903010875605e-04
3.021834999660917565e-03
-3.708329835836903822e-03
-3.617115397450902225e-04
1.743310131270600291e-02
5.368016452690240956e-03
4.215290284613545414e-03
2.208035791561836596e-03
-2.091042499149343807e-03
8.951176496004235872e-03
5.348978855316298582e-03
6.292591291028508740e-04
9.105314665418591524e-03
8.903376752431759866e-04
-2.806454554177684863e-04
2.669368854173896632e-03
7.074664346042474662e-03
-1.335546031033313461e-03
6.551823734451276728e-03
5.651443176445517837e-03
2.372494059598915812e-03
5.035400733601726013e-03
1.461110369001517766e-03
-5.023248061851615532e-04
3.186308559366816864e-03
6.583670607970663197e-03
4.337157145071384931e-03
-1.002595583063769797e-03
6.157225824096209353e-03
-2.964964946435703300e-03
9.217192648108032656e-04
8.992752892241483512e-03
-2.021585144031315309e-03
6.802944146208600787e-03
1.181047182258744901e-02
4.728611996515664226e-04
3.374628629691851355e-03
7.106041097896675582e-03
6.353076949414749978e-03
8.015472251302513569e-04
-1.441674799821537119e-03
7.637827961216075295e-03
5.926884175488602267e-03
1.108441963678996438e-02
2.100271310775543663e-03
-5.684125739752022601e-03
7.295540174490677647e-03
7.522950765507588344e-03
-7.845050229770477931e-04
2.600809639773977219e-03
-4.762290419259432913e-04
1.374169945880117892e-02
-3.158818211179467879e-03
3.380638389559951183e-03
3.218241228091286901e-03
2.780156379944965020e-03
3.433268295968878482e-03
8.279482886297359623e-03
1.202632186028530954e-02
2.841948071344572134e-03
1.193592099205603198e-03
1.601506185272088406e-03
1.904717163586393345e-03
5.123236299426112139e-03
8.436126585723422626e-04
5.806850395485764482e-03
-3.957167152645236878e-03
1.425876919339198051e-03
2.159927407699075742e-03
5.389736984137786027e-03
3.429567170711742170e-03
2.813469078043970024e-03
4.210895569076000822e-03
1.334349389388225955e-03
5.887370418014119255e-03
1.085635962577291384e-02
-2.592453410406452951e-03
4.379522671958001670e-03
-1.286912158102735196e-03
1.007498459314754014e-02
1.497355672257489299e-02
1.278265588043335337e-02
9.085908639564680908e-03
1.096670513100134713e-02
-6.056268485565210070e-04
3.470018892450649466e-04
5.064022667237877418e-03
-2.145026754185731625e-03
3.688396789816710333e-03
8.345446605658800310e-03
-1.791467115246382462e-03
7.441078482280517881e-03
6.637415038979003860e-03
5.934802002526538313e-03
6.920868510824246776e-03
-9.186830985500849759e-04
-4.702817596773408229e-03
1.863376582704758281e-03
-4.912170278810212322e-03
9.555316585514461031e-03
2.760421589761387828e-04
1.627959533453832760e-03
7.207254690303197160e-03
1.782635688733576543e-03
2.552686578165339146e-03
3.109364441171382724e-03
7.113130938846739561e-03
3.368990360535058064e-03
9.115159231153465358e-04
-6.610607693962242386e-04
9.453014920095524978e-03
6.185657601465339127e-03
1.295037249993781329e-02
1.514498456982940437e-02
2.012126255398652419e-02
5.212449514496989358e-03
2.321286360039455376e-02
7.680424663333256310e-03
2.392642976190306921e-03
9.821964109062446442e-05
9.241079647741632166e-03
2.916727177392262806e-03
1.129474730060796859e-03
7.322350958308792603e-03
1.244550317402784261e-02
8.927915392200195741e-03
-2.447915461842111590e-03
-1.860656833075033682e-03
2.117823859734345362e-03
2.774990786157096635e-03
8.277457416404326168e-04
2.604378844389671974e-03
8.237123954493748637e-03
3.596216445771072568e-03
1.432006704992417646e-02
3.374843904118802595e-03
1.716943226327465738e-03
4.133325372888711421e-03
2.032627474114968857e-02
-7.417020092602762561e-04
5.964735457294903856e-03
-1.067526264092544122e-03
1.686490726146818928e-02
1.220271934187371760e-02
2.237198546519519014e-03
-4.640516400936927667e-03
3.289503918004201780e-03
-3.641648837891455805e-03
2.042006165505400039e-03
4.339519465440554169e-03
5.915651750841101168e-03
3.557555705370052737e-03
-7.403671545091615631e-05
3.918024618844675143e-03
5.819820945988224675e-04
7.915564343748205181e-03
6.937320101240632489e-03
-3.799528493176158265e-03
3.401262910144713667e-04
9.144951023025091070e-04
2.070108233053673773e-03
9.867225738071390764e-03
5.916153786316016372e-04
2.448058780801645263e-04
3.964185591039958573e-03
4.953114622045995223e-03
2.055574483855560335e-03
1.124882054856353106e-02
8.845169528265100015e-03
1.493535792267384121e-03
-1.105725406745842630e-03
2.897368226505277200e-03
1.061776350250812941e-02
5.612222174896003323e-04
4.970939156338040343e-03
-2.135762676599009709e-03
7.028479236090893166e-04
-8.855558555595858519e-04
4.399415540946907330e-03
-1.621134205622914298e-03
2.754293274006240112e-03
1.262149812996234306e-02
-2.600561080406034627e-03
-3.754435186812024160e-03
8.782964855684218669e-03
1.230817878571175902e-02
1.739055145539725178e-02
7.318448283901216739e-03
2.417670059057884686e-03
5.942160207192372784e-03
4.106383593101801954e-04
8.062987019995098217e-03
4.701213857628199454e-03
-2.256531295350807601e-03
6.307449226983632973e-03
9.881081593910321856e-03
1.370364323686834411e-02
3.359791215178411974e-03
-3.124426142911330799e-03
-3.893698564139934652e-04
-1.098326435712514842e-03
8.300313929478719821e-03
1.358703103600196081e-03
3.368209212206367108e-03
3.122577170411123659e-03
1.664293771336841296e-02
6.452183989870082827e-04
1.035089972517548931e-02
1.828151810063884108e-02
6.931811774109959690e-03
2.895141725945614333e-03
-5.718772399594354572e-03
1.748055831241080924e-02
-8.624937304634707272e-04
1.964658565550296901e-02
-2.227420944711331219e-03
1.265435945093540404e-02
-2.239812061120009432e-04
1.045038198266224141e-02
6.200628092415026715e-03
5.094050429362498821e-03
5.229403200668175308e-03
-2.607485705687499419e-03
2.058125508610379566e-03
3.792814954307912462e-03
1.548332232718170436e-02
2.697351015388120641e-03
2.326925282582999188e-03
1.537521214871278435e-02
1.124484719141742063e-02
4.447016469656143653e-03
-1.327732049580172087e-03
1.812978075701937933e-02
-1.755295307925026221e-03
8.270925958610848838e-03
3.137960574649423934e-03
1.022684949715274225e-02
1.462227514526365495e-03
-2.018640587569402352e-03
1.139033173936876940e-02
1.377383243711779309e-03
-3.912693293192180677e-03
3.353543529215470987e-03
5.369821085663777603e-03
1.137630497715344524e-02
-3.319068151487232585e-03
-2.476292095186450465e-03
2.644776851514692249e-03
1.809664001880952749e-03
7.249653478875198176e-03
-8.919007330503740325e-04
6.307029332340997191e-03
1.443321307078774228e-02
2.573230369933008840e-03
2.030849911555475569e-03
5.020080838305943441e-03
-1.122149671213217622e-03
-2.880626194716002283e-03
1.910657147634923451e-03
5.260906484192260811e-04
9.985873044824851441e-03
-3.178970791846523610e-04
-2.471982477614704252e-05
-4.047729870810983129e-03
2.835408272352577756e-03
2.020685792216988879e-04
7.276452164148136583e-04
3.294094748169855078e-03
1.247447929654704399e-02
9.760613016746135309e-04
6.790729119873423376e-03
4.067831351964418599e-03
8.707972026992177178e-03
1.261041674799860159e-03
-2.792914951526121966e-04
6.095930619449884888e-03
5.132532009748904354e-03
-2.083721509214847448e-04
9.243654665241223672e-03
9.157644433073363786e-04
4.600642156081038124e-03
4.028259570767258289e-03
2.271137878776131186e-03
1.207163451460695029e-03
-9.475622917398233720e-04
1.016168918041133844e-02
6.689225474520648501e-03
3.941421014914268245e-03
5.214042729613618983e-03
4.959511062715869605e-03
-9.773396743969287384e-04
3.408612948483158434e-03
1.555433105289985053e-02
1.579710118580918751e-03
4.747285828507229362e-03
6.606735191371105459e-03
4.810117669008070335e-03
-1.365617793764468176e-03
4.031703674409326324e-03
1.192388487172641939e-02
5.792709028442728260e-03
-1.002632458597275001e-03
-4.352393202335149151e-04
8.543231626999150605e-03
-3.120751639712108973e-03
-1.735238791911636368e-03
1.572989192327887455e-03
1.054826686222717566e-03
-1.204893723190913471e-03
-4.258954754130723705e-03
7.540306772472192207e-03
-5.489663339071956371e-04
-2.884426790949056515e-03
4.588095423862377856e-03
7.366031531153070626e-03
7.038954606893447000e-03
6.396700553710567803e-03
-2.064688121048548425e-04
-3.106843980914102740e-03
4.913699583571040988e-03
7.993058227575953675e-03
5.082293008622887874e-03
2.246150994740102498e-03
-1.066895025542159963e-04
7.555055153068514218e-03
4.088517123658314684e-02
8.239940655059330848e-03
3.360890874545051019e-03
8.827039929859411757e-03
4.617032544241740297e-03
2.320124528006119874e-02
9.864799135927653298e-03
2.027969316627999553e-04
1.757648808527811435e-03
-1.854922632579845227e-04
-3.458123094977228352e-04
9.473830422711876711e-03
2.933060901263235837e-03
2.576368506200758714e-03
3.776629500326368974e-03
-1.848021156968510277e-03
3.534625945267955930e-03
4.788495185670013470e-03
6.157866301209659332e-03
4.490497215361087015e-03
3.668269044554335959e-03
-1.232988364296493545e-03
1.499166288506755679e-02
-9.693754288537953252e-04
-2.726806360026185969e-04
1.710817434696439545e-03
3.752306249488654086e-03
1.079190697651259299e-03
-3.907208949396609628e-03
9.602103163991097465e-03
-1.964658852507206090e-03
-4.479708213253681855e-03
2.009081644356301623e-03
7.304793454799389518e-03
2.741119111447990354e-03
3.488565954678803788e-03
1.124533164751936746e-03
9.330642272739914523e-04
-3.179957322551710784e-03
5.472923123797266906e-03
3.836758714413389566e-03
6.764486949164662342e-04
6.555180286752308391e-03
-5.404604108830916420e-05
2.976126229157086047e-03
6.498172545587939820e-04
3.371014655709749820e-03
2.960599625603034610e-03
-1.052553052193077893e-03
1.034386454768534622e-02
1.316261022379284357e-02
1.505051568609004371e-03
5.585876912018399205e-03
2.075474177931701386e-02
-4.741558219858238270e-03
1.128771719573589717e-02
-1.813711385707293114e-03
5.646762710669868922e-03
1.442168824864240462e-03
1.882799502038751604e-03
-8.060136269808651846e-04
1.458412155837695602e-02
-5.541237895633497126e-04
5.015313384772440881e-03
7.537193432808708335e-03
-9.518105875192597876e-04
-1.583141269025371573e-03
7.228073959613520380e-03
-4.735478048467850281e-04
3.334452516207884066e-03
2.188393219764130093e-02
-1.299700927966227068e-03
6.750879789019409265e-03
2.197427431138453124e-03
2.257099528198037324e-04
1.154123604893596278e-02
9.464197296367959618e-04
1.024384494908011419e-03
3.442699092384942598e-03
-9.850381026986572332e-04
-3.149317239530529094e-03
-1.631814634240493769e-03
-1.726241092010410896e-03
-7.928444566551289810e-04
-1.543387711064250463e-03
4.176227867243544577e-03
6.019662135270617900e-03
4.228645263152399671e-03
4.644838583939641524e-03
-1.020857846861432990e-03
8.704850982055719819e-03
3.653793019884532620e-03
2.556616260058856664e-03
3.944835119565140609e-03
1.431529644330433934e-02
-1.959335307415140635e-03
1.652815688701960231e-02
1.540541432553879653e-02
2.310253930579418344e-02
1.098428787522556967e-02
-3.104994505428275431e-03
1.988255278314837293e-03
6.261544384550983902e-03
2.876383731648479367e-03
-3.194989447077671400e-03
-3.145655126572858770e-03
1.055264533395380497e-02
-1.223454143737363496e-03
-6.175610168797087199e-03
5.707308678750273563e-05
4.819214545344243338e-03
6.587287186616888439e-03
-4.424250859977338704e-03
-9.620761045693164990e-05
-2.391309397285867715e-03
-3.368809552246609072e-03
2.909525889931997497e-03
7.328280933385820407e-03
1.812637597292141717e-03
2.430392102870046651e-03
1.012737720823428909e-02
1.126211302750567377e-02
-1.517503805577944537e-03
-3.151245181759661251e-04
1.615602196742981335e-03
8.798378437142410089e-04
4.656569002681985002e-03
2.838065860753589248e-04
1.375485710963400641e-04
-1.873253270355645494e-03
2.619185992500347102e-03
5.402467329601743674e-03
7.929628673348603635e-03
-1.741536400192981093e-04
4.819754416828502148e-03
5.302097422412787447e-03
-1.546867168982261290e-04
2.325526650458281924e-03
-3.087709680680475639e-03
3.793757096881805561e-06
8.528281103661794395e-04
2.005257391610846488e-03
3.581092449896403247e-03
2.706754072919880655e-03
-1.159820374774419389e-03
-5.853235270189188766e-03
5.395247242685080082e-04
6.643523973976313800e-03
3.743607703915115357e-03
-9.032189624330749789e-04
3.342831516790929595e-03
5.399758313775098080e-03
1.008805035701905179e-03
1.131003958459067538e-03
-2.147173127066813285e-03
5.795360135117373288e-03
2.445634459239234663e-03
1.562136365056554857e-03
2.753681027031120408e-03
5.310053269456194245e-04
1.177244443601495739e-04
7.413943283556910903e-04
-1.757118060572955727e-03
2.521597290034149029e-03
1.076649857634858799e-03
-1.730744511315180072e-03
-2.017196495762635117e-03
2.943445035471183545e-03
5.209610855089279700e-03
-1.698854735534649323e-04
2.621492590763939076e-03
-1.586312318716815838e-04
1.082366294234045172e-02
-1.294461350234667662e-04
6.477139185313394868e-04
2.518795313326071574e-03
4.222619777385965001e-03
-4.371536636136738423e-03
-5.707245123434262490e-04
-3.335103455464565221e-03
1.295243376980386536e-03
3.972319752006894453e-03
-1.173470879766013320e-03
1.893469479055955767e-03
-2.332511560471781185e-03
7.082569964826848988e-03
-1.535563964322996878e-03
6.679857643794601813e-04
1.233009157048911390e-03
5.980316335450686603e-03
1.409834479826125881e-03
8.214510186729719748e-04
-9.733103749523234929e-05
2.741588424853727383e-03
3.777231955311221114e-04
8.148256384238484334e-04
-1.810854090087599035e-04
4.285539432333625382e-04
1.163630963065433958e-03
1.144453737191058551e-03
7.436203063953976400e-03
1.475606165470137775e-03
1.054936585415870102e-03
-2.192530694750411541e-04
5.963780582634394846e-03
5.138620698175069834e-03
-2.168779588196380944e-03
-1.431153894368625062e-03
1.305999402030152187e-03
1.006613824643566753e-02
3.823977346837319062e-04
3.150878017945097417e-03
-1.212393320142140640e-03
7.013465746144781354e-03
-1.632146508201505952e-03
6.005021128087191171e-03
6.157617917890186379e-03
-7.725171108430703079e-04
1.644561054912023175e-03
-8.489741650183558119e-04
-8.095582623791964302e-04
6.159452020255648010e-05
1.343186762927218265e-03
2.132533867613247997e-03
-3.771625030996582383e-04
1.142577040836494778e-02
2.317931121680340354e-03
6.671324700859701182e-04
3.526213366819509060e-03
2.466850493492935351e-03
-2.271309082614491638e-03
-8.037235983031789212e-04
-4.078491177337078243e-03
1.178995547010657646e-03
2.494665619777029254e-03
-1.643489840332635439e-03
3.588927796437523139e-04
9.304360292809242365e-04
-4.061448821881488702e-03
2.572569881185334580e-03
1.057646909095437578e-03
9.367974344134503278e-03
4.590134737133954625e-03
-1.708486437833269152e-03
-1.173644299268812585e-03
2.107466286528112548e-03
1.319820882845676099e-03
-3.133708859735839835e-04
2.053879968671920228e-03
-3.067279415709096065e-03
5.083912582751472188e-04
-3.479398468464211733e-03
9.493401351047077094e-04
5.027993563006710395e-03
-4.050286396573466938e-03
9.312810138022348250e-03
-3.162234678556627649e-05
9.154740031063724262e-03
-3.593991505674410487e-04
5.141576259822986175e-03
6.803386233184337099e-03
-1.415815366509020571e-03
1.279380453648372440e-03
3.567885415060776354e-03
3.630492910421803839e-03
-9.725599014003403391e-04
-1.457794075235044427e-03
4.028158559677709992e-03
-4.871655523891843770e-04
-1.355912547066320979e-03
4.424758916044406118e-03
-9.333824187436033388e-04
4.316347917685072789e-03
5.898853794849227145e-04
2.527354158292774607e-03
-2.814220427716634769e-03
-2.799883372557335432e-04
2.538848576056206875e-03
1.079886899232150935e-03
-3.030976702284258854e-03
7.948534521782926049e-03
-3.691908086330675937e-03
4.096850567938281444e-03
4.271160931663295530e-03
1.207101841053284143e-02
-1.516172850912107361e-03
4.761544009073678807e-03
3.144261861961573055e-03
3.093614800030601835e-03
9.797038740153744818e-03
-1.216678524223591736e-03
-1.898605438415803051e-04
2.064217503855599305e-03
-1.922019978374566763e-03
1.995232856976260783e-03
-2.882291392576430931e-03
7.801365608388549817e-03
-3.752504728296239653e-04
1.617359327491824528e-03
1.070747697594283485e-03
-2.104927327883919161e-03
1.080593171963700923e-02
-1.347734714042234799e-03
-9.165382962610542621e-04
1.121707539408408998e-03
1.264606724759388158e-02
-8.544816371050415003e-04
3.944957301088748355e-03
-2.688339053553269551e-03
9.049506081424906444e-04
7.660720358871418896e-03
-2.464023449724364167e-03
5.971442603246715150e-03
4.923386802885378055e-03
1.062676572417619409e-04
4.932275034298295828e-03
6.656157846681315556e-03
7.019800800682813972e-03
-1.866652688891200923e-04
-7.015080287058313244e-04
2.330584600393604319e-03
-3.128196746846425604e-03
-1.362564561716608693e-03
1.764855149155760729e-03
2.166776109014860539e-03
4.429673555169072029e-06
-2.111504231661076765e-03
-9.134405908297347013e-04
-6.691734257888396365e-04
-1.153634330095218907e-03
2.082637716160881496e-03
3.983624853491006014e-03
1.962883953973383697e-03
2.936310035413349038e-04
4.166547103214800034e-03
5.663698263614114258e-04
1.911537962098966079e-03
1.995180192116813387e-03
4.372067267857365942e-03
1.701040717453285167e-03
-1.391861372475363800e-03
-1.040778991679214022e-03
2.388695230150686844e-03
-1.428184122065584297e-03
2.644972955491262274e-03
1.623969594752070356e-03
2.910298242153425748e-03
-2.286943175286063491e-03
2.626935019193216841e-03
6.089545630192053083e-03
-1.040547197898963015e-03
-5.365214553857524174e-04
-1.325900426317692168e-03
5.249481911972781432e-03
2.776441458857764871e-03
4.753922148264991265e-03
-3.421159850249852301e-03
6.171907683716634438e-03
2.642939019483381453e-05
2.927942866340068478e-03
-1.986093454701443354e-04
1.058766753929110335e-02
5.966355317861084251e-03
-2.633141479237345421e-03
-1.016282824362484821e-03
4.959603657057179427e-03
3.973944247753804539e-03
5.702734164655503526e-04
-1.270392065819626187e-03
3.031357590045895972e-03
9.687275241714527266e-04
4.751016598023532871e-03
3.046751017876786309e-03
-4.364137426616165275e-04
-2.592445793101047155e-07
3.424258889389612207e-03
2.007571031726512138e-03
-2.045706241985796852e-03
1.583268993295600157e-03
4.166275850245794443e-03
-3.430976803992162420e-04
3.172325796454992814e-03
1.702332909874203085e-03
8.354907101019732468e-03
-3.738325249888169426e-03
1.554965155251267954e-03
-1.727742765059500987e-03
-5.694198337660593854e-04
3.265704875831365681e-03
9.629114148101765476e-04
-1.601406589746460531e-03
1.239139920866650073e-03
1.237787637344452563e-03
6.378046920384447538e-03
1.949790952571197342e-03
5.052307301850337065e-05
8.049650886800518426e-04
-2.883488374755641039e-03
8.196644709491933412e-03
-5.591453763911550471e-04
-4.165830962938421415e-03
4.732062105809569860e-03
4.618901439860618324e-03
-2.439380903983828439e-03
4.555997360819183557e-03
1.905573046471166487e-02
2.024679264686999464e-02
6.421829166304154034e-03
1.340130537347437520e-02
2.029703967916971982e-02
6.470951857886713884e-03
2.844530130540729330e-03
-2.006880325728859632e-03
1.441594548734619063e-02
-7.737088737653385027e-03
1.392295906855283132e-03
5.853030712872221708e-03
2.568567825110561805e-03
4.815770596977309850e-04
-4.781538459088496493e-03
-3.848766958392608323e-03
1.017646992797974388e-02
4.273925909229152505e-03
4.403340517415934262e-03
-3.631545892261145089e-03
-4.700525644323723384e-03
1.050458978755193507e-02
2.426286728394884927e-03
-1.051790581292337545e-03
9.012195743385086749e-03
-2.069067132247706230e-03
3.715789227374985317e-03
-1.658576193334392263e-03
1.762922866500559122e-03
2.187092568493022044e-03
8.411782233569822798e-03
-7.477650004655587513e-04
4.305684140902034558e-03
2.093228231843076090e-02
1.657342375826980144e-02
6.871291119550853449e-03
1.391042501090560858e-02
8.066568484626524330e-03
7.851997568833007923e-03
1.086046737562255601e-02
-1.229352271882251700e-03
3.066190114191864186e-03
-1.581694489114401133e-03
1.404831931248405781e-02
-1.188304537136891876e-03
3.167728069011943159e-03
-1.047438278435568150e-03
3.500835814552432333e-03
7.218150326818488505e-03
-1.431799396916650681e-03
3.029496399317016964e-03
4.690176128751318528e-03
4.300260333520886449e-03
7.769863131386423559e-03
3.359612766010730642e-03
5.394957050334252963e-03
2.913147910354857081e-03
2.680987217778236327e-04
-3.904198532913837408e-03
5.521685486245504065e-03
4.463876026456935035e-03
3.381050572732833409e-03
-6.732208176637407334e-04
1.111919933205461316e-03
2.068635042834538525e-03
-1.225690210958683447e-03
2.485112797210387373e-03
-7.869063981666893750e-04
-7.726207636233441492e-04
1.056324435664690066e-03
1.326929241507462248e-02
-2.866728610827383276e-03
2.683679742013819758e-03
3.246916705724997403e-03
-1.365975402662502908e-03
-8.872415888261489568e-04
1.239385494327610495e-03
-3.181499846746331647e-04
-2.626029621956806146e-03
7.407481673768691495e-03
-6.067995853808079432e-04
-1.563235906953694930e-03
6.147836519912317464e-03
4.794367288334442159e-03
1.631895991173758047e-03
3.765157609186030926e-03
5.566761705638604771e-03
2.241047899313804333e-04
1.409050078003786823e-03
1.640290362072391143e-03
4.376970647828093246e-03
2.024517353572011496e-03
1.151594488453901513e-02
5.097481963124992146e-03
6.238652631951276811e-03
3.119685614355914636e-04
4.432864888773218985e-03
-2.577072475551704482e-03
9.679246969167047687e-03
1.845778797642799642e-03
9.086216156386404952e-03
-1.872795281505520732e-03
-3.556898749353768017e-03
8.025955836958644299e-03
-4.612769038366238208e-03
6.686179340430660218e-04
4.032793801689467210e-03
5.919962134787424245e-03
-1.396476567084073395e-04
8.577479369365861514e-03
-2.635163421671043830e-03
1.806155851284360972e-03
2.413298243556787070e-03
6.649375124850137077e-03
1.246512176805018943e-03
5.445745013166577303e-03
-2.159296396961794384e-03
6.031220019876809731e-03
-1.772302651029438163e-03
3.958608049529972750e-03
7.756282578543256465e-03
-1.229054259368436491e-03
1.845182842716874697e-03
-3.830415724672974181e-03
6.276816633164349242e-03
4.692641080093073666e-03
-2.769971294756809217e-03
3.073020591279454310e-03
-1.426495203019171199e-03
1.334335235952641835e-03
-1.518236028276789612e-03
6.864962664333242558e-03
1.092252091542421193e-02
-3.014504761221534906e-03
2.025568892407448446e-02
1.474576475300923631e-03
-2.568803030184356895e-03
-1.693322432121434481e-03
-1.775077500423986225e-03
-2.395543367284062083e-03
7.450682833621524379e-03
8.466579178209572218e-03
8.549129282155100863e-05
1.768885698803427005e-03
-2.914721868176002118e-05
4.037092663457853697e-03
-4.365238283988003161e-04
1.026064694728984379e-02
5.541032898215984652e-03
-3.529147475089122396e-03
3.675443855083988017e-03
2.304814400159538399e-03
-1.174965365841205240e-03
1.134080493665859911e-03
-1.944561459952314983e-03
5.667481395221402084e-04
4.492494933596753379e-03
-1.851828735649634766e-03
5.221447075077508384e-04
2.420161434294679313e-03
-3.536446157812758034e-03
1.819144268901111850e-03
2.705663489033007310e-03
-1.858490150853385741e-03
-1.573104223192819343e-03
6.752453159596568007e-03
-7.458704641453550027e-04
4.739170751795182546e-03
6.736865202157057454e-03
9.645442191303926424e-03
3.567027858795756255e-03
2.476110936240849721e-03
-2.139545936716445371e-03
1.323573878967093491e-02
1.221709243310067222e-02
-4.268007774279731353e-03
4.856637722543436994e-03
7.830746601348120145e-03
3.394035797709887836e-03
7.629628961121750173e-03
-2.115771671440796423e-03
-1.948408375034959899e-03
6.815102577676806529e-03
1.899086855724801612e-02
4.236604956044217468e-03
8.523399898461143237e-03
1.382320774517739083e-02
8.911533232631017876e-03
7.824174411462651857e-03
1.640395928562755901e-02
2.720665754239016011e-03
-2.295859047503605137e-03
1.005632576175203045e-03
9.344674303206649754e-03
6.208682810728866942e-03
1.090557584254062476e-02
1.079638247344453031e-02
5.091734141540810643e-04
-1.322504040507183933e-03
1.094121202666870768e-02
-2.146643840208557947e-04
8.636164274488516979e-03
7.261189111414760589e-03
5.819996837311613297e-03
3.734537359965603778e-03
1.346802524025587271e-03
3.360168829567999763e-04
1.014480816191284246e-02
-7.116682254206824904e-04
1.761213872627527283e-03
8.382661123676790615e-03
1.046668371759794727e-02
-2.596446727785725541e-04
1.420434884990213510e-02
-2.557240150183902327e-03
5.725050863678587823e-04
-3.741087332005773279e-03
8.380861982500612635e-04
8.892774430345275899e-03
9.970861009465165764e-03
-2.008128406807802371e-03
9.666889025082508677e-03
1.540965665220719047e-03
1.237917782814620948e-02
4.523123220972095210e-03
1.383434465725801553e-02
4.770089694430088012e-03
-8.913296065180965465e-04
