0.000000000000000000e+00
0.000000000000000000e+00
0.000000000000000000e+00
0.000000000000000000e+00
0.000000000000000000e+00
0.000000000000000000e+00
0.000000000000000000e+00
0.000000000000000000e+00
0.000000000000000000e+00
0.000000000000000000e+00
0.000000000000000000e+00
0.000000000000000000e+00
0.000000000000000000e+00
0.000000000000000000e+00
0.000000000000000000e+00
0.000000000000000000e+00
0.000000000000000000e+00
0.000000000000000000e+00
0.000000000000000000e+00
0.000000000000000000e+00
0.000000000000000000e+00
0.000000000000000000e+00
0.000000000000000000e+00
0.000000000000000000e+00
0.000000000000000000e+00
0.000000000000000000e+00
0.000000000000000000e+00
0.000000000000000000e+00
0.000000000000000000e+00
0.000000000000000000e+00
0.000000000000000000e+00
0.000000000000000000e+00
0.000000000000000000e+00
0.000000000000000000e+00
0.000000000000000000e+00
0.000000000000000000e+00
0.000000000000000000e+00
0.000000000000000000e+00
0.000000000000000000e+00
0.000000000000000000e+00
0.000000000000000000e+00
0.000000000000000000e+00
0.000000000000000000e+00
0.000000000000000000e+00
0.000000000000000000e+00
0.000000000000000000e+00
0.000000000000000000e+00
0.000000000000000000e+00
0.000000000000000000e+00
0.000000000000000000e+00
0.000000000000000000e+00
0.000000000000000000e+00
0.000000000000000000e+00
0.000000000000000000e+00
0.000000000000000000e+00
0.000000000000000000e+00
0.000000000000000000e+00
0.000000000000000000e+00
0.000000000000000000e+00
0.000000000000000000e+00
0.000000000000000000e+00
0.000000000000000000e+00
0.000000000000000000e+00
0.000000000000000000e+00
0.000000000000000000e+00
0.000000000000000000e+00
0.000000000000000000e+00
0.000000000000000000e+00
0.000000000000000000e+00
0.000000000000000000e+00
0.000000000000000000e+00
0.000000000000000000e+00
0.000000000000000000e+00
0.000000000000000000e+00
0.000000000000000000e+00
0.000000000000000000e+00
0.000000000000000000e+00
0.000000000000000000e+00
0.000000000000000000e+00
0.000000000000000000e+00
0.000000000000000000e+00
0.000000000000000000e+00
0.000000000000000000e+00
0.000000000000000000e+00
0.000000000000000000e+00
0.000000000000000000e+00
0.000000000000000000e+00
0.000000000000000000e+00
0.000000000000000000e+00
0.000000000000000000e+00
0.000000000000000000e+00
0.000000000000000000e+00
0.000000000000000000e+00
0.000000000000000000e+00
0.000000000000000000e+00
0.000000000000000000e+00
0.000000000000000000e+00
0.000000000000000000e+00
0.000000000000000000e+00
0.000000000000000000e+00
0.000000000000000000e+00
0.000000000000000000e+00
0.000000000000000000e+00
0.000000000000000000e+00
0.000000000000000000e+00
0.000000000000000000e+00
0.000000000000000000e+00
0.000000000000000000e+00
0.000000000000000000e+00
0.000000000000000000e+00
3.204926252762405926e-03
-1.641570356841200217e-03
1.304427095481549941e-02
-1.893123304364228510e-03
8.027811796081765761e-03
7.351373923360990555e-03
1.264299712179491920e-02
7.163412941693085567e-03
4.945106563006385764e-03
1.373538997346078136e-02
1.012103743243386242e-02
1.036522935696145703e-02
2.859604311550609929e-02
7.583602410713257726e-03
3.381167705941549861e-02
-6.338932295785796277e-04
9.502821623721379937e-03
1.478952100184466323e-02
3.281081612288428220e-03
5.515856460226165742e-03
-2.127886059393705072e-04
8.957548679047909121e-03
2.253257167102039066e-03
2.687288285560061624e-03
2.420050008523531165e-02
9.847601267271733488e-03
7.063190397864353015e-03
6.716423882402780196e-03
2.222698928800823440e-02
6.753794609029161768e-03
2.432809998886859264e-03
1.312677537553026512e-02
2.257269526455911099e-03
1.889574569071409988e-03
1.029493414300159705e-02
1.426099283109067729e-02
-9.835885386790732196e-04
4.988085832544425502e-03
-3.955665035685341211e-04
5.923349386110395888e-03
2.255127533462309049e-03
4.199138928141932930e-03
1.859202799114949983e-02
6.454844101860191669e-03
3.282622456645418324e-03
1.057309441639905055e-02
8.166564927621682013e-03
9.888395560761001346e-04
6.308159470676288558e-03
7.491562977680942502e-03
2.698136621502528979e-03
1.700403815742821886e-02
1.719269369910052248e-02
4.845759371797092076e-03
1.384051647335136394e-02
6.295981728848046993e-03
6.773775204473905798e-03
2.699238923135611687e-02
5.859326723961183307e-03
6.038283021843442178e-03
9.710022657539518071e-03
6.035950121188364895e-03
8.484006055963923265e-03
1.986701763027887407e-03
9.413284665310731048e-03
9.818444915231348130e-03
2.636331757300527847e-03
1.051969648276123359e-03
1.606587148680186901e-03
6.919996302983543075e-03
6.954972775109563576e-03
7.383189185942143264e-04
6.925060690273250478e-04
1.284124648097460797e-02
2.936967273959599327e-03
7.565471332365233254e-03
2.082452618303508264e-04
1.891592838878813736e-03
5.487394314310999575e-03
2.746945547787655283e-03
1.857963768720677020e-02
4.489030033723459545e-03
9.121850862601249901e-03
7.934037776507588818e-03
9.925513354630531061e-04
2.188965212838717318e-03
1.437470799707157160e-02
5.711658995610842567e-03
9.340290925668475255e-03
1.121556764044600273e-03
2.301857962908570102e-02
9.637472281623591860e-03
4.344291629349676664e-03
2.548677607355702684e-03
6.866290388809355959e-03
3.174444493867642318e-03
7.867886199651021126e-04
7.000452146948982386e-03
8.577576654630702027e-03
9.639918614449992981e-05
5.595674613808400075e-03
2.529401071041824899e-03
1.916567731677425515e-02
4.615490890533203473e-03
8.599876647897013171e-03
9.968047335085199884e-03
5.645716759668491583e-03
1.067588495085903220e-03
2.148263462396430776e-02
5.052012992944319471e-03
8.602155290435379090e-03
-8.640028706187813856e-04
1.650238115571085740e-02
3.449553987220439679e-03
2.197469595822494712e-03
7.201570948279632789e-03
7.828074960185560371e-03
1.303525212634601763e-02
4.875639951676818268e-03
9.080211583639932749e-03
1.175420570589907204e-02
4.481284466423011634e-03
5.473187406706568614e-03
5.999043144419714813e-03
1.722118782403896792e-02
3.783420913954525788e-03
2.076317695815612860e-03
2.120630833027830828e-03
6.974370734263996528e-03
1.574704236623179505e-03
9.407665417644482317e-03
3.687388524172911450e-03
3.291025241254652914e-03
-2.111120755378952281e-03
2.429606413796641870e-03
1.829682505843343351e-03
-1.125997903305375270e-03
2.441164745699747401e-04
9.130103504933144432e-03
7.456166331962277294e-03
1.150034616946491806e-03
-1.421249720904087591e-03
6.276738638865901609e-03
7.363702636499984411e-03
6.994233746724571807e-03
4.071934878197671845e-03
-9.624436025759159231e-04
2.565857603309562194e-04
6.692224754501640942e-03
3.999624040735248742e-03
8.599162161589929410e-03
4.734873181052397587e-03
2.274438630107528808e-03
2.771185924093059680e-03
1.483868822061673934e-02
2.865719389188214720e-03
4.078660245599406708e-03
1.437910507215747844e-03
6.455509471161307786e-03
3.853456058548905203e-03
1.279811058659571961e-02
3.572998830166736976e-03
1.243214611277625690e-02
-2.083405445161303632e-03
5.860068980340566933e-03
1.410839034542603039e-03
1.711366685348098124e-03
8.785324950941664560e-03
2.262290819180491803e-03
2.764689194168552626e-03
2.998871127500163814e-03
2.494546294742197926e-03
-1.299210925380739779e-03
-2.968107292683858263e-03
6.227593261845403884e-03
4.098846525791836025e-03
1.723285596004818856e-02
4.317355811742939510e-03
7.427744248138931291e-03
1.149974323211782126e-02
3.379386171438832596e-03
7.267326692884761886e-03
4.931172898928571496e-03
1.190409381268889462e-02
4.139360152846400381e-03
2.685874831155825575e-03
2.350452898889592371e-03
2.934181704467320531e-03
1.195072407628066345e-02
3.028227154694303029e-03
1.543260462800320060e-03
1.389534932171899648e-02
1.197039494092570940e-02
4.540640139978299218e-03
3.870180890522201093e-03
1.289119447460749211e-02
8.080862285403712670e-04
7.508810159039534457e-03
2.921663156411641576e-03
-8.860710676810768828e-06
-5.469232747641710997e-04
5.104099975163663323e-03
8.284266284485522578e-04
2.773818755686815584e-03
3.078157491962390298e-03
4.863846017248433379e-03
4.891255163403859622e-03
-3.013636484838458536e-03
-8.710728788525337954e-04
3.940457526092544169e-03
4.021146496928942188e-03
1.493492191050810932e-03
2.779837532390405045e-03
7.158280138348863987e-03
1.052473828315711544e-03
3.816264655350227845e-03
3.722171161188178069e-03
1.485875587887721533e-02
8.843936971878281136e-03
3.648737599239485711e-05
-1.110103006559493488e-03
1.386576609844746705e-02
-1.422540441356974755e-03
1.050295381533918309e-03
1.632448666594800077e-02
1.085561078142860403e-02
1.806332062320480103e-02
2.888443246350712659e-02
2.214465630437912041e-03
1.298216449622739514e-02
-6.718579271913118888e-04
1.818734694514402908e-02
6.645804875219870483e-03
1.147879556402223340e-02
1.134249009372501060e-02
5.923625854892726559e-04
1.002133228778241160e-02
-1.209186360401768440e-03
6.022886082800266942e-04
5.327769781607758978e-03
9.245558013359845423e-03
4.273959902888433207e-03
-3.647907199020609600e-04
3.748782032269884663e-03
3.325661152887604208e-03
1.496667138414787754e-02
2.275364667661199537e-03
8.149724392065865351e-04
-1.287332897881564428e-03
1.491734724927822400e-03
2.176834351387510989e-03
7.811843020556451245e-04
1.236584056970697204e-02
1.682399366790392550e-03
6.847559941903042131e-03
9.285531906383859974e-03
2.917676160146713722e-03
1.324758486852157862e-03
-3.972458528051869917e-04
-3.423240853197647218e-03
2.152148557934656370e-03
7.397981660022261326e-03
-2.083229165698307749e-03
8.625265820764570907e-03
-7.389392555861504230e-03
6.201629531686795455e-03
3.136080670422117852e-04
6.149941351977591952e-03
9.959833160833491891e-03
6.912294830206729569e-04
4.533823439709219749e-03
5.238779077492809744e-03
1.291203530291615970e-02
2.909224609554516856e-03
1.149701942558037544e-02
-3.410122887861966046e-03
6.316347371988779123e-03
-5.199262541873451125e-03
1.099484261067085189e-02
-5.047932042397640720e-03
6.740361126536824690e-03
1.683366087801540503e-03
-3.053864159257543235e-03
2.503460425902540986e-03
9.747490797621462299e-04
2.086502646749997802e-03
3.726993559123318450e-03
3.790527685633782087e-03
2.048134095913687822e-02
2.850874301935284270e-03
3.542751830361585280e-02
4.060947429086410147e-03
2.283441451657276106e-02
2.821337365930460389e-02
3.167563457565952811e-02
2.270526942009315832e-02
-2.344056106877636259e-03
2.981789782362255156e-03
4.481772972991735111e-03
6.038508680327589126e-04
1.338516126290850879e-02
2.151662738825228446e-02
5.061917231364278409e-03
2.190150236457748603e-02
1.067591537035173822e-02
5.049775115684062426e-03
-3.375297072676537724e-04
-2.725834050909610191e-03
7.617806139669851609e-03
7.907012133482051956e-04
1.251075071165571847e-03
1.580869669653026804e-02
1.511827483792754431e-03
1.671669120426154051e-02
-1.355265095470606276e-03
1.040284232365499065e-02
6.813342272631446074e-03
7.792348817169406083e-03
-4.682166760798889792e-03
1.264966337158452596e-03
5.034700315479675829e-03
3.340059822176100028e-03
3.325247670818062265e-04
1.512984921969623420e-02
3.833625802566868052e-02
4.296882259970914719e-02
5.299108362870134405e-03
5.433460322950325536e-03
1.819419128084102596e-02
1.041781099520173483e-02
1.878504965200158625e-02
1.544402548352883688e-02
8.589291848023317133e-03
1.113073487077213125e-02
1.239015200458398573e-02
-5.910638932361500682e-03
2.073827597602914338e-02
-1.720728495642106061e-03
8.182322225516324918e-03
-2.050030105318326103e-04
4.390869322792793732e-03
6.114604539913495902e-05
3.560000504290181025e-03
1.139190713963891474e-02
7.841577943290283306e-03
8.135686103901327258e-04
8.624965882348139060e-03
1.959737010587116190e-02
5.905328525581259556e-03
1.065055928155203210e-02
3.445721248319215564e-03
1.717446003062808937e-02
1.721843447710189393e-02
8.623666577515960718e-03
9.242864870117420764e-03
4.490772951165889620e-03
9.943356598476491004e-03
-3.306435355725723980e-03
1.089120479151102147e-02
-1.613614827465890489e-03
6.179414375223609389e-03
6.707556651342570092e-03
3.670813133058218290e-03
1.311842132937981152e-02
2.148221453528091282e-02
3.534060489197997975e-03
1.378115221226602211e-02
9.210121249155198142e-03
1.367643081179375011e-02
5.198489395686858860e-03
1.684728092907205113e-02
-4.491039441388942378e-03
2.005511140154096761e-02
7.410017584827763987e-04
1.116329509236428522e-03
6.124219220792960494e-03
1.084701810098442736e-03
7.181557756614576418e-05
1.299287354199608543e-02
9.632651048085149464e-03
1.552218660541784812e-02
8.731517310356338990e-03
2.010861648186277120e-02
-4.076932847750667967e-04
7.178747429897149208e-03
1.118041943856186438e-02
2.037149284305749680e-02
-1.304941733382321885e-03
2.666082750209840604e-03
9.593120558101010404e-04
3.700764680147749369e-03
1.783761365939692464e-02
3.109678911584208994e-03
6.462957933579265186e-04
2.430964220808476059e-02
-2.432558302848710548e-03
-1.029831328891137564e-03
5.256128544398614398e-03
-2.596198154882007475e-03
2.726209004927792386e-03
2.218845504093823646e-03
-5.716415205264287203e-04
5.978899010149317126e-04
1.830090210492672483e-03
6.573079165426255928e-03
3.782969918681412802e-03
2.748216998014514287e-03
-7.805800808749659148e-04
1.262811892432144211e-03
1.194921117324859554e-02
2.104656395596983011e-03
2.555436608061972207e-03
3.971916366034203630e-03
3.465358835096490203e-03
5.202641601341168737e-03
7.566183829821605507e-04
2.547663640449710984e-03
1.322791458555044658e-03
3.646166329655673582e-03
3.191273912039351273e-03
2.605193042114882767e-03
5.921890716970663361e-03
-1.802980734704321504e-03
2.398732915219523639e-03
-8.773693626016656208e-04
3.289470866256621624e-03
1.019916383457289844e-04
5.488312496473541496e-03
-4.228168591996534290e-03
6.068442231093424191e-03
2.518665329528819823e-03
-8.918683586971390279e-04
6.566636228995191560e-03
1.649874891695647661e-02
-3.522086256453868568e-04
4.566084711358889964e-03
8.721396834494528350e-03
1.459321449346408749e-02
2.118895687180506054e-03
4.655476111061667213e-03
-7.165391794528117465e-05
5.037489580558708775e-03
1.287630104431824844e-02
1.236242910495581604e-02
-3.253389233692321764e-03
-7.662810537876895301e-04
8.337897771674376455e-04
6.844175530764057790e-03
9.016988111716019334e-04
5.704227050780798051e-03
-1.784843610082418328e-03
5.770887645635975824e-03
3.964928281000952917e-03
4.836372551781176546e-03
1.370638904589488579e-03
-4.284360619268273891e-03
5.966248081051945922e-03
9.963508597915138668e-03
1.549563140456742920e-02
2.468260088408047274e-04
-9.072285415673502591e-04
8.538852195360090505e-03
2.861159682299866183e-03
7.211243781347633289e-03
7.007206488394446611e-03
1.239898712283579252e-03
-5.209756908505753332e-04
7.945060453507496847e-04
-1.095319296935511099e-03
-1.278799761140295491e-03
8.502240554075215714e-03
1.196735446386784293e-03
5.070054692103842173e-03
2.675248628770698564e-03
-1.692674271491008626e-03
-8.826498842009100794e-04
-1.941553446887664836e-03
1.954075970165042482e-03
4.395763489205742336e-03
9.220807005505446061e-03
-2.111656434879747939e-04
8.308160875874898849e-03
4.815217487554666886e-03
-1.020009311007532334e-03
3.764951475106931116e-03
1.120259872102423448e-02
6.263993671143587572e-03
6.395862883464038459e-03
9.050599504429802933e-03
7.465475259257353495e-03
7.071840710992568016e-03
2.801241446903912635e-03
3.687396688750657538e-03
3.063512124215289536e-03
-9.112789540916628375e-05
4.393983986877819225e-04
5.742550545943161250e-03
2.185335551540058471e-03
1.079011864295235414e-02
2.314942943011504776e-03
-1.955063216353664091e-03
1.501805673572212223e-02
6.509546523076290350e-03
-4.033286722442738087e-05
2.426523489757470130e-03
3.336747699443181042e-03
-3.624564812331745531e-03
1.053821527333965481e-03
4.769789714842372769e-03
2.197483386379991879e-03
8.080700888664141962e-03
2.694906736696601676e-03
2.033002154884314128e-02
-5.591471768960277165e-03
8.895690037164250344e-03
2.709368007333428003e-04
-1.032380851215506778e-03
5.682303884200629041e-03
2.133483743587796799e-02
3.868247834825468742e-04
2.886107369366273413e-03
4.660220571301238596e-03
7.210827343940062577e-03
-2.066096560505280982e-03
6.438977400927267322e-03
2.161642372081932183e-03
3.814224005940513446e-03
-9.204575457027346953e-04
-1.912803742894731655e-03
-3.239436765862626841e-03
2.977094512528450677e-03
2.136934714177029637e-03
3.886037986259556834e-03
6.081423360533092827e-03
2.666239017148100150e-03
5.589888291221977411e-03
7.078954942051439610e-03
6.787816471111428850e-03
3.544231664987984066e-03
2.887072088597318360e-03
4.368414969545221169e-03
2.637294728113128046e-03
4.124532082702771912e-03
-8.036564683368122887e-04
2.622033681685290857e-03
1.472301779529444112e-04
-2.052687008687319181e-03
-3.413547388211036733e-04
3.650430567274157417e-03
1.774169864964424007e-03
1.646212179066602020e-03
-2.130053556690884604e-03
2.322257596706419399e-03
5.634462263731935400e-03
-8.516922174085733797e-04
5.299111484674251700e-03
1.311798288565337077e-03
-6.829167923420517705e-05
2.449150421199697281e-03
-4.422003611076227142e-04
1.901883130283841487e-03
6.566813052589250133e-04
8.375448491247146007e-03
3.061496597199685026e-03
-1.158708897175653695e-03
1.042040664579014196e-02
6.333878506370111024e-03
4.740960072537445461e-03
2.186231158638471568e-03
3.477822142109954651e-03
1.103478180610143432e-02
-2.294553375614446621e-03
5.857040305651740886e-03
3.781671283809764222e-03
7.537682029732235530e-04
5.501109678085068684e-04
-1.499296815046492759e-03
5.083573010858762758e-03
2.944783346211339407e-03
-1.118271974562999854e-03
9.813988992417681939e-03
5.566174133231732409e-04
1.580444792617812823e-03
-3.078543065547147020e-04
1.391665385793363231e-03
3.701777951738994318e-03
5.395906926461491518e-03
4.599497883872321821e-03
4.415291913989124843e-03
-2.189980647946227171e-04
-3.704085201879276940e-05
2.592253641407334455e-03
4.403069270672390657e-03
-1.256753470294320624e-03
3.430296389542192986e-04
3.787992455169565242e-03
1.130193933829991455e-02
-2.009837350700453482e-03
9.227066511022468179e-03
-9.138663604137746118e-04
-6.652871537414786155e-04
-6.491561558276499541e-04
-1.898407295600339304e-03
-7.795203299163244205e-04
1.166787119473767544e-02
2.690840531404505801e-03
7.320469556542408968e-03
9.200888088131502912e-03
5.573878795576193458e-03
-1.469574736331896031e-04
1.136726417862961476e-03
2.543137348018304281e-03
-1.847157593370601664e-03
3.311726704206439335e-04
4.800513286805908842e-04
3.177148980441420190e-03
1.459002048838029149e-03
3.481258445057935479e-05
-1.071965984599788663e-03
-9.053204953496438298e-04
-2.368510041904900443e-03
2.531566492056095373e-03
3.016163278180052001e-03
2.769622927952256498e-03
-9.491112409044294212e-04
4.374723656937059939e-03
6.456538115934346489e-04
1.244662466389532358e-04
-3.568073905843334535e-03
7.171204539525872362e-04
3.025793427806065892e-03
2.776094854612079239e-03
5.312108926158188617e-03
-6.881858167484749622e-04
4.328581425068379548e-03
-1.404324327756736011e-03
1.799527284604851606e-03
4.999146561487683924e-03
-3.203297063945949579e-03
4.088778480110826690e-04
-2.169873641003987417e-03
-1.713873560047019049e-03
3.851014858861190326e-03
1.038950616151697141e-02
1.397573589829560758e-02
3.686889656791621141e-03
1.392170163395768353e-03
1.979156308839244253e-04
6.874800749354351061e-04
-1.543736483361996025e-03
3.608117152252624232e-03
-9.449624098128634776e-04
-5.603288176909895909e-04
7.913882348083349592e-04
-5.343146903649333319e-04
1.883133328961654300e-03
-1.395330809125225119e-03
2.160621626170842330e-04
6.488709411032785989e-04
7.057213668124219692e-03
5.690523260255974172e-03
3.105673001964934492e-03
7.038106881006327056e-04
-3.340440199041584939e-03
1.382325998315160360e-03
-3.549092323498930987e-03
2.220563453782737132e-03
-1.383190954399154179e-03
3.473672814941177389e-04
3.199573173978387513e-03
2.288923606336442425e-03
4.342371049120032078e-03
-1.141602175521122184e-03
1.581200978616807869e-03
2.591302433672664374e-03
5.847248446617962434e-03
2.884133786200118992e-03
6.210535938933127095e-03
-1.540191612837119375e-03
-3.801905481535449490e-03
4.627253656668037229e-03
3.432757045951104723e-03
3.285134890892992508e-03
2.849437677435449987e-03
-6.865566182570259288e-04
-2.025261843498412382e-04
2.073614953448576700e-03
2.992914214637489804e-03
1.433592202957593249e-03
-6.249491412145882774e-04
2.443878217964532513e-05
3.808063411234684746e-03
2.581949801777548483e-03
-1.759516309916073521e-03
1.817901823062849235e-03
-7.976724005167123814e-04
4.813164577219329176e-04
-1.804497178588233353e-03
-1.640741408952852949e-05
2.336690573961703460e-03
3.423383252240574568e-05
-2.689092489008920728e-03
-2.105095540313880683e-04
2.147335658957352875e-03
5.644996084600468339e-03
5.489332547632214294e-03
5.925281692693601387e-03
1.839872834059389254e-03
5.541749203100729271e-03
2.167917054349816422e-03
1.676991024360614726e-03
6.126301952126150287e-03
-9.837808356339843886e-04
2.219385094195231584e-02
4.471312290236573173e-02
7.476682573380251384e-03
1.396472172844302403e-03
1.994197527271738928e-03
5.712879044751566736e-03
5.807468708582898612e-03
2.650425353451800470e-03
-1.430849168392162724e-03
1.451830290711906245e-02
4.719728451923550956e-03
4.878651841690313275e-03
-6.652928031192916099e-04
7.029532294473578996e-03
3.643480230262863620e-03
5.492660823411260086e-03
-3.168401106429707872e-05
-3.444355243262459728e-05
2.338080134948688268e-03
3.895255767691002159e-03
4.185598269129424051e-03
4.993233352632456788e-03
5.002999647647119255e-03
1.181218865082989122e-02
3.576250432925032197e-03
1.121367911959722519e-02
3.303116843192034895e-03
5.591073428277290591e-03
5.187925289311041618e-03
3.207555393388968491e-03
-1.346292152654076464e-03
4.882222858124425115e-03
4.591162572587592118e-03
5.924728647713499788e-03
4.893933095788537309e-03
1.991454298019423950e-03
3.295555433080806819e-03
6.350756475580744860e-03
-2.096407181641628172e-03
1.087764186416235318e-02
3.129547018656867168e-03
4.867216712975496948e-03
5.568782106920072174e-03
7.604469981070552040e-03
3.700481733804396409e-03
2.382141937262828926e-03
7.079524657660667478e-03
1.083945574391335237e-02
3.562076774331220802e-02
1.970388373234072555e-03
7.744890366260442048e-03
6.412976158715070520e-03
2.242341081695966784e-02
7.579184592404091154e-03
1.285629464022820106e-02
2.005586409285031822e-03
5.518437248135152351e-03
3.612865161963861420e-03
1.775167289737880974e-02
2.187521398007011026e-03
5.688101591985591718e-03
-2.537196484826616271e-04
2.259444480898519653e-02
2.492893765539418681e-03
3.477992409135331362e-04
1.972578518769040317e-04
6.040775416818542319e-03
5.483024475218705503e-04
1.048453636599306227e-03
9.574860312630670625e-03
1.879648000888288397e-03
9.780135381789650806e-03
-6.043578782059751998e-04
8.659541381826009378e-04
-1.731863944221553745e-03
-1.062792559558742560e-04
1.333828076537113896e-03
7.701934955144495304e-03
1.435161055134943388e-03
8.953660429625927720e-05
5.400890813765289733e-03
3.191582157859309925e-03
1.441500129583923179e-02
2.277114626170950382e-03
9.693580931341320289e-03
1.050692391401867936e-03
4.379923707008639110e-03
1.277488666647338955e-02
3.028666260355034143e-03
1.206025986481764007e-03
7.110350570914936944e-04
1.384695156306351566e-03
5.692131095213291692e-03
1.369999649293824652e-02
2.618132006761256930e-03
2.790345252372143431e-04
1.397777224579967040e-03
4.261206875692306884e-03
1.753615339959602388e-03
7.502771929669977378e-03
1.014463289390760137e-02
8.456874359041749098e-03
-3.559097955928739159e-03
8.436461986126606721e-03
9.006693574788190645e-03
2.015271190606560819e-03
1.751503096623886410e-02
8.677674266425369201e-04
-1.867414324882192295e-03
2.027985889616555713e-03
2.667148540908154813e-02
8.206327352899453172e-04
1.676626072876102880e-02
-1.542063549763451869e-04
3.738003156197299611e-03
1.076904378748225763e-03
-5.417579845408903531e-05
7.253792580728315054e-04
6.973580472459328878e-04
1.066634575269449769e-02
5.854477203850932954e-03
-3.983944515105866495e-03
3.981201638796440408e-03
7.595529684919197916e-03
2.610755784210177892e-03
2.955877007385929525e-04
9.766586387188531948e-03
5.777673735040169886e-03
-2.721894989637333329e-04
-8.550107054909451918e-04
-6.404072479244261699e-04
7.349473861355700771e-03
2.918483263698038593e-03
1.196556046925418941e-03
7.272720321871439103e-03
3.459140412815309585e-03
1.011885552640583164e-03
9.560422938566735243e-04
1.207772620565779071e-03
1.138434179789752330e-03
-3.023473077446136789e-03
9.499208344459421360e-03
1.982321390174174650e-03
-1.362273363525900571e-03
3.425582120246015334e-03
-1.575375634392930067e-03
3.899346724124507033e-03
4.578000662011755782e-03
1.586621627301143837e-04
6.935452787175017814e-03
1.896497689113264525e-03
5.750517704547678140e-03
1.613290263566948945e-03
4.959910706173249750e-03
-1.309469256338985799e-03
-5.028606179210851589e-03
-1.316961563499998355e-03
6.223448563634133854e-04
-3.093050147879803421e-03
5.905308169267986951e-04
2.801791745753626044e-04
2.360585774465190877e-03
1.267180618010094531e-02
-3.512599924876938420e-04
7.652921623591352196e-03
1.552381204181698272e-04
5.128907495403609886e-03
3.523873324493997060e-03
3.406018128675271199e-03
-1.886531359160160048e-03
9.060267281305274534e-03
2.310501346189770388e-03
4.346828705327957128e-03
-1.653521868118764835e-03
5.750844682129492395e-03
8.353957402436372817e-03
4.114297345672713810e-03
2.571687489239513937e-03
3.081045883180835460e-03
7.121984391314651729e-04
2.216829395524938344e-03
3.327060800255708661e-03
2.550500828562998409e-03
3.437029249979990566e-03
1.975773699661744019e-03
-1.393735926265650448e-03
-5.633183841767271495e-04
2.257683818040086103e-03
-6.195145368277344376e-04
3.767448614283218106e-03
5.188801734150148490e-03
5.849189551687659396e-03
9.301578225586035111e-04
-6.381710367554353780e-04
-1.074867329406316210e-03
4.129052838231318800e-03
3.869133923762196805e-03
1.011379198958108072e-02
6.307573008239194395e-03
-2.871505795894165134e-04
4.152589183431798763e-04
2.038242159343198797e-03
7.391904363544915015e-03
2.785162018115751293e-04
1.124465862616201225e-02
6.436626386073297443e-03
-2.211778608968107459e-03
5.921320533586678196e-03
2.045317845468840393e-03
2.917007969774621391e-03
6.970199090215035802e-03
-9.611334476889140180e-04
3.714007299277512567e-03
8.785633967840190961e-03
4.888588796382585880e-03
2.904162590034614112e-03
-2.508545365804540350e-03
-1.173379235776072713e-03
-3.708082927950615351e-03
2.222988311051463627e-03
5.313806746508657752e-03
4.294609386154310364e-03
9.749412399044836506e-04
6.339483668739407524e-03
1.572406335377825055e-03
-1.312868904577882238e-05
6.614526695149218483e-03
1.437937854978272667e-03
5.499683155358694227e-04
2.862661148724650068e-03
6.115266362280594691e-03
7.939123407633471435e-03
-2.621228020597673927e-04
1.360231008921089719e-03
6.513283166209342867e-04
6.323650590865131232e-03
5.520641245606695098e-04
-1.017446771351446233e-03
7.261723331858473303e-03
1.754365098349446560e-03
5.267777474491899294e-03
3.962647304358427915e-03
-4.797587487323459222e-04
1.613484775294074264e-03
-1.308601817279807147e-03
-2.467557112176380595e-03
1.486625258079763822e-03
5.294623321565449653e-03
3.209046811760352634e-03
4.596584900871684455e-03
3.739004959702564579e-03
9.085136000178318030e-03
2.050841337205006401e-03
-5.129530304122744983e-04
3.819016720508028404e-03
3.402875050455355689e-03
2.305739355894762563e-04
4.383703047074843885e-04
-2.444516969449137597e-03
-1.343786850450961416e-03
-2.180403289712365021e-04
3.223104693038498191e-04
2.443627879815669836e-03
3.151409267440941769e-03
3.089811295302054978e-03
-4.020391858078196934e-03
3.638938434688144402e-03
-7.800787968647297137e-04
1.096597439513734805e-03
2.955936205103711512e-03
3.351842668995159242e-04
-1.354884627174541027e-03
5.445897396986994383e-03
2.209797541720231497e-03
4.538717269248928113e-03
2.327086016933815373e-03
4.351258593948028990e-03
-6.658078155926700371e-04
-1.472268154810733344e-03
1.365588229888027930e-03
2.115452648154705559e-03
1.601795406765351478e-03
8.636502069855021835e-03
2.947014870590926143e-03
7.780063519488141996e-04
1.584663165357054915e-03
-2.735680692228502917e-04
3.093471900476319359e-03
-8.372951840438126866e-05
-2.489993986945127861e-03
-1.250474018985325581e-04
3.994527209082296068e-05
3.106510443889580302e-03
-8.686663904807138785e-04
6.842069016347631684e-03
3.912962794352843891e-04
5.059057756777868287e-04
1.293060489424119244e-03
8.715843168208381279e-04
1.124628930198927172e-02
1.208430350039983248e-03
-1.673787230139904027e-03
-2.634526607732430668e-03
1.052806784772112409e-03
4.515794543684069611e-04
-1.036218836352866077e-04
1.567227926616186155e-03
1.190863661573175053e-03
-3.234337911187671645e-03
2.664523894605355311e-03
2.015635311140495742e-03
2.388902323277610883e-03
2.949046514767959468e-03
4.221998916514826949e-03
-8.819094173742674739e-04
3.585180912229105066e-03
1.526884102975226924e-03
1.365034968460507314e-03
2.209983043936299043e-03
7.001824459958513359e-03
-2.435408787866387707e-05
2.411778024161697655e-03
6.266070192317067756e-04
6.393392093750433977e-03
4.091124629897167214e-03
1.262119389745853561e-04
-1.512895620976884492e-03
1.986970044711525510e-03
-2.234138144520808611e-03
1.335885898231925452e-03
1.604222173108466780e-03
1.071770542065555738e-03
2.801798115613185133e-03
7.227123275598157804e-04
-1.118754148279068727e-03
3.186422318169702343e-03
-1.689959326955232195e-03
3.334494117049094722e-03
2.317736841786598254e-03
1.100065848662604932e-03
4.275316463692967195e-04
-5.169352581531861616e-04
-1.443765057061756427e-03
-7.588114983239895722e-04
4.870715143989419525e-04
7.901695168557488092e-04
1.635679930549719004e-03
1.501027214444942536e-03
-2.348411941130662452e-03
7.767887002768793887e-05
6.031754149916134476e-03
1.472342183125819595e-03
3.475859422675737706e-03
-1.516966681052011245e-03
2.722786905230570233e-03
-2.697647923157126329e-03
6.268131887825007442e-04
-2.137789123009616998e-03
2.317451957941469524e-03
4.208331291171577351e-04
3.891133772915931523e-03
-1.495678357465834128e-03
7.035843304816645407e-04
2.495613815653611317e-03
2.586318880195342170e-03
1.815810246300190479e-03
5.468936031065976594e-04
3.383386087477590655e-03
2.033441092915768810e-03
-2.886069438074610229e-03
-2.381952893977521465e-03
7.686182018475829977e-03
1.211411842596576190e-03
5.635040167337439926e-04
9.347379144944122087e-03
4.756229954302936859e-03
2.586834729940067686e-03
1.803263343243679401e-03
1.102776739150524744e-02
2.426056366456218671e-04
-6.530878180134481060e-04
3.704854359285854153e-03
-4.888441127993341066e-05
3.472892528859153512e-03
4.942616863819306386e-03
1.465896591514872192e-04
-1.363080035653534399e-03
2.859111193963162489e-03
1.846478155678157569e-03
2.723268246214612109e-05
9.559166357366690944e-03
2.968222404789910319e-03
8.369714427107977778e-03
8.528631535639508501e-03
2.068883821471403147e-03
1.768718563755859773e-03
1.053171169310086752e-02
2.634157938746539088e-03
-2.701262515860441450e-03
4.329701476673932133e-03
4.509348271954175154e-03
-2.052808705678112449e-03
-1.395947919320786410e-03
1.446078348469998116e-02
-3.018952398391155662e-03
3.646459260572080738e-03
-3.633079629662966294e-03
3.870695495151581147e-03
7.451969790778131472e-03
1.318513562943768747e-03
4.050173215848938343e-03
4.412494976042228580e-04
1.564696079975847268e-02
1.867479074098222364e-02
-4.227212266959605620e-03
1.286805826460212790e-03
-2.000123710194662979e-03
1.377573239495940216e-03
5.585362723633698935e-03
9.155245277868571258e-03
6.429672948025033467e-03
8.922381818965513739e-04
5.142158983306731150e-03
1.727946836259827007e-02
-1.329926767700512040e-04
7.908261500480059936e-03
1.058052537175013970e-02
3.834217371493812282e-03
7.161816983216626707e-03
1.654300965235751394e-03
4.886150206870111014e-04
5.328228644980357274e-03
2.240797768842299389e-03
4.818341608437677268e-03
7.646294191911778663e-03
2.524160994883687704e-03
1.099436144304291423e-02
8.894203022838874720e-03
4.610707611777411195e-03
5.659672935161203823e-03
5.724952203289794886e-03
5.100169711405892412e-03
4.802695321371489370e-03
-4.072812266851514500e-04
4.942450986111146874e-03
8.951881274807045250e-03
-6.401279375810416811e-03
4.691021221646933526e-03
5.219109441308050421e-03
3.457248872191746349e-03
4.217314940137671490e-03
6.506928047022230224e-03
5.356856681901455558e-03
1.202167335948450475e-02
9.592000389341891892e-03
5.749547243434985529e-03
9.811328212540628563e-03
-1.700918878689480166e-03
3.765069590224050418e-03
1.178481612219722634e-02
-3.591162857648707435e-03
4.014350686812185112e-03
-1.430334754087938046e-04
4.074987713999314934e-03
-5.767632097371308683e-04
9.261599163966060047e-03
-4.155074036590090144e-04
2.090307631047648614e-03
4.075947861339227277e-03
1.076826371500081043e-03
3.291899600483742631e-03
-3.625041546687063961e-03
2.794941632686892032e-03
-2.087716289463761431e-03
4.648144751017329809e-03
8.096383428466147076e-04
2.679212331932205073e-03
-7.745020951655254629e-04
1.407570867383847388e-02
1.294471330053878055e-03
9.426840705872588377e-03
-6.865655610986324923e-04
-2.617854620137046503e-03
-2.342222181249693780e-03
5.292671613878504114e-03
8.332665847699757562e-04
1.255491419723385980e-02
-8.659172403140181530e-04
6.578005209772156726e-03
-6.260903156249917906e-04
-1.124371342688283443e-03
7.084092960881758008e-03
-1.856897761978255597e-03
3.216624621979242808e-03
4.816122947374766247e-03
1.500060557013187853e-03
4.287560171349041015e-03
7.421335661801105711e-04
8.862342288990387876e-04
9.942358731686320138e-04
6.137892270901458211e-03
4.297923873141513453e-03
1.807620605925360901e-03
2.482881834155036861e-03
2.158576513500958059e-03
-4.508816573656308779e-03
-1.629744713273870551e-03
5.885492424076975773e-03
4.483375547690991031e-03
5.055987142129525665e-04
3.075238975784139791e-03
6.439281599669763973e-04
3.524855979121966146e-03
9.074099489499262705e-03
-1.188279103639213732e-03
3.306813834914553753e-05
8.898002289166878284e-03
-1.041485604662939707e-03
9.329680050338322404e-04
2.446684954862237207e-03
5.957038730012937690e-03
9.987513599976362809e-04
3.165406942769047674e-05
-6.571359151885924552e-03
3.626263828624853424e-03
9.020782433131613667e-03
1.210820302837083357e-03
2.405769815096065606e-03
3.535381316021452263e-04
1.634078696488352632e-03
-1.885676115725570812e-04
-2.477920963264674831e-03
-5.754191815937611610e-04
1.712257123010964277e-03
1.655626920863495586e-03
8.674439840484762451e-04
7.080746464602540860e-04
1.884400853445115194e-04
-2.340022770681644132e-03
5.562650613114550162e-03
2.902098391502887492e-03
3.289047038084894417e-03
8.947445675071491814e-04
-2.764255254191276719e-03
6.135085477507601359e-03
-4.781576015296427375e-03
-1.665637393029126799e-03
9.936101247035467737e-05
3.149357148260052653e-04
9.286583023113767358e-04
5.155643349770847386e-03
1.357881637036723304e-03
8.020673811850063603e-03
2.975712675148237812e-03
1.723055111468328520e-04
-1.821211261859173765e-03
-3.845367166543500921e-03
1.089483019298067429e-02
3.103081736589470563e-03
4.049338877141529097e-03
-1.011212187054456608e-03
-5.751327788593601532e-03
8.065334607203938563e-03
7.264363591423978611e-03
8.250078089304013068e-03
-1.746033506079657915e-03
2.611369684531213500e-03
-3.207875007989484297e-05
2.764607099653068872e-04
2.754125180283911560e-03
-2.910903876909990643e-03
1.055456118658375849e-03
2.182200106891639987e-04
-1.336174020251082364e-03
-7.952737956794376888e-04
4.624601040260783308e-03
-1.019679097269817966e-03
2.636338721538690130e-03
7.932903331760212664e-04
-8.184515903820504179e-04
3.720563451112268716e-05
4.389739989900981638e-03
1.046385577016941109e-03
1.195765469658036746e-03
-7.636344990899991605e-04
3.186071737953744508e-03
1.101188102831512569e-02
8.506308466987808417e-03
3.652548647346003010e-04
1.002799165099166508e-03
1.664571230836633985e-03
1.892334312761079912e-03
4.618071530305847480e-03
1.021272530827187740e-02
6.452611232372231290e-03
1.313444547397938679e-02
2.028719440439901572e-02
1.746536371018727815e-03
2.212146007255004834e-02
1.179462488076286029e-02
3.630394612872843950e-03
9.166931099315853192e-04
1.424013846097845447e-02
2.321365257496581062e-03
6.457467421103711951e-05
7.369905569343086077e-03
1.336484999157979726e-02
7.265696886899641492e-04
1.922874541527817144e-03
-2.276084054970301147e-03
1.706125803602813592e-03
6.592955294624692000e-03
-3.007708743077716976e-04
4.101115763460809124e-03
4.899987610772701258e-03
2.341854069963964727e-03
1.008019356234850748e-02
2.428831814601995018e-03
8.492163022921880161e-03
1.352583602084469171e-04
1.483185136146645752e-02
1.676403977081040780e-03
9.539757239516374887e-03
1.812693000218424007e-03
1.952705940364907189e-02
1.126470713365675808e-02
7.208998439628775540e-04
2.650117503420700103e-03
4.773982125723462422e-03
-1.445297054316612741e-03
2.272635297095634832e-03
3.172867306800347502e-03
3.288130612611347287e-03
5.387214018737006282e-03
-1.105456596003940748e-03
3.392075385796849800e-03
-5.040998703822494953e-04
5.434682152698393567e-03
5.552938050573298255e-04
2.920150667028362929e-03
1.916021039883348751e-03
-2.776431063328350587e-03
7.507195370261836743e-04
2.038684146262243011e-03
-4.458064104196344558e-05
4.121748753949106871e-03
-8.705296795096737752e-04
2.200168430262178926e-03
1.481032977824371785e-04
6.244562810568073975e-03
8.681965779392210314e-03
-4.221598924979584264e-04
5.736836768431047458e-04
1.859871819893175408e-03
4.249236610889874262e-03
6.431533363722733918e-03
-6.474310705436873894e-04
3.313061832084297689e-03
2.539332091596421467e-03
1.289414024197029158e-03
-3.650142993908544325e-03
9.946337733368383355e-04
-2.192532314044372613e-03
-5.329435498254013123e-03
1.240118262560372438e-03
1.403733479808978463e-03
2.993398159583147457e-03
9.497433342390532163e-03
7.411031026091788668e-03
-2.310273115467121816e-03
1.057392426610589617e-03
1.135153995178576989e-03
-1.685482134174654542e-03
4.502020782239801386e-03
8.794004584556987247e-03
4.193584734625778378e-04
9.894108477937809537e-03
-4.761656609279997510e-03
2.300440259280672403e-03
-1.301859250816586296e-04
3.959228047110188546e-03
3.642877535557185933e-03
7.000870420886144479e-04
4.362571245422204244e-03
4.613540241635717687e-03
-3.632144413509319145e-03
-3.083709651422417760e-03
8.931057005822109346e-03
9.932584189397530156e-04
-2.541283935642777315e-03
-3.444364424509428584e-03
1.003969568174637936e-03
1.580146227580911085e-03
2.304080682896148501e-03
1.114223544055355404e-02
1.196728976032111931e-02
5.201402454090118740e-03
5.734267657209819909e-04
-4.232376765389478726e-03
1.601967195798850805e-03
2.248574895678998996e-03
-2.023743118446691847e-03
6.980870616398460182e-03
1.712693975008420079e-03
7.065663937734122796e-03
8.360746386400523186e-03
1.004723260407712655e-03
3.334179529294080402e-03
1.347996289777373367e-02
2.204248369006376468e-03
1.036322921212441336e-02
1.080036956207040821e-02
2.140539912798347221e-03
3.054840219261566008e-03
8.195715035565345058e-03
1.004412327726074243e-02
1.009663685500227816e-02
8.320278672387902696e-03
3.971756526831250397e-03
-3.973414275666123808e-05
7.197925135016152755e-03
1.624491996117373091e-03
-2.996552231989404666e-04
1.411853233772189563e-03
5.224473679815538375e-03
-1.141900112585121944e-03
5.531659679612672964e-03
4.043603000662950378e-03
6.275539429344658901e-03
4.441698784405310671e-03
1.609382248071581853e-03
5.461558170405615004e-03
1.145524973479080310e-03
3.662883276868843414e-03
3.204352501594000865e-03
4.302794956875669388e-04
2.284490794788876771e-03
8.404350857356180510e-03
5.776921858841053796e-03
1.798665734108273375e-03
-2.374751775563065624e-03
1.396789359817889736e-03
7.591912722994524632e-03
1.260265089851744314e-03
-1.367940980560599512e-03
2.565515745606684016e-03
9.495111342723251344e-04
-3.943830107723740250e-03
1.740746858575711658e-03
3.178527440342066197e-03
1.123571349608670864e-03
-1.377684613863467550e-03
8.804849814775918618e-03
-1.515671722704581195e-04
7.885178684388169032e-03
2.442051061668924512e-03
6.748408031806772504e-04
1.373636847581152310e-03
1.803457280623318700e-03
5.942721399398812618e-04
9.329012832741642378e-03
2.165232259234021409e-03
3.086636811776615136e-04
-1.497193500993172690e-03
4.787113687375739403e-04
4.150881923636839249e-03
1.147455692456975790e-03
7.456271596640895970e-03
5.367881607964743347e-03
-1.841515953994384740e-03
3.873431280262094011e-03
2.072177574979329473e-03
4.030924472511264022e-04
1.697520763282200137e-03
1.486972508721269137e-03
4.719645040940684613e-03
1.871770260449075966e-03
3.131005203591616728e-03
1.579017347611112471e-03
4.577910897122553467e-03
-1.721573001614030854e-03
3.636144991443774743e-03
1.419484606385953539e-03
2.736251060316891980e-03
2.773336404699529474e-04
3.804221730581834604e-03
2.126865536717701018e-03
-9.867202039365704971e-04
1.240532182445203396e-03
2.238234137564709160e-03
7.105450146238661722e-04
-2.183904174260611116e-04
1.165153274491041203e-02
-9.562874233746027379e-04
2.575735208452977539e-03
8.188689739319101463e-03
2.156819283263064404e-03
6.472449816476575279e-04
-1.480148714111447633e-03
-4.650947011651410199e-04
-2.764527834580744487e-03
2.729158619420625660e-03
-4.292571135414474139e-03
5.497456880589534842e-03
2.656623061103701843e-03
-7.051921945990826095e-05
1.418949659147432461e-03
2.041723247449650502e-02
-7.575897734329554468e-03
7.251701236913318110e-03
9.823678253643726432e-03
4.517167561267527998e-03
8.115505977157821960e-03
2.209832997138963962e-03
1.588952710268629965e-03
3.274577040551033755e-03
7.765930713798233076e-03
-7.528308892060361825e-04
8.657637573636558104e-04
3.554058827851779012e-04
5.407410375311924415e-03
3.307343544279848103e-03
1.753734694989943698e-03
8.568165812068376935e-04
6.583986579155172610e-03
1.593237386971780960e-03
4.772356147585551586e-03
-3.790570010367890624e-03
2.249021468675416972e-03
5.479257602092669523e-03
-6.713174401396994773e-04
1.208656527367699650e-03
-2.013158743762373006e-03
-5.275714663862165685e-03
1.834199052269023644e-03
2.094282179406597045e-03
7.438953570841268237e-03
8.312024499145934976e-04
3.143458016419089195e-03
1.019985729788606445e-03
1.919170117377712358e-03
-4.049953984809834067e-04
-3.863030507954041829e-04
-5.887882286962561884e-04
-1.287180992124386950e-03
8.012170289341991221e-04
1.778168117883767527e-03
3.640799998563652891e-03
-1.604370615311641844e-03
2.547947299963961715e-03
-1.365036464091754203e-03
-1.826752762921595320e-03
5.631358256528397853e-03
2.857715875189808250e-04
-2.333333113493869619e-03
3.986329669917264285e-03
7.669863494721136307e-03
1.066122034552850241e-02
-1.741965899944179341e-03
3.037778761937923438e-03
1.484209538021234905e-02
2.340407104699162612e-03
-6.208993188014206958e-03
1.131859185217481360e-03
4.335856956422292838e-03
6.064336532721179051e-04
3.064890838858265638e-03
1.164311898482502279e-03
1.296370014926980646e-02
2.173594333079805103e-03
-3.586953386772970351e-03
-7.151700520506751833e-04
6.759475862420146614e-03
-1.716639424133917496e-03
4.190006974250076038e-03
-3.303154053933746344e-03
-1.375458342919851779e-03
1.008958745730555509e-02
2.642382640062711577e-03
3.239664823926055592e-03
9.133450445661233383e-04
4.536824321095634521e-03
3.878208069917162513e-03
5.521825777135546407e-04
-2.576102590589696107e-04
-3.117865035064318249e-03
8.752703752064490677e-05
7.390958889642367143e-03
8.069698458589911853e-04
-2.641840676861394090e-03
8.397407819729424058e-04
1.770416614927833613e-03
-1.834663110295984417e-03
6.089217924084721787e-04
-1.788928650874225569e-03
-9.923664437894977233e-04
1.891901561749338104e-03
2.461365146565224014e-03
2.577907711085182865e-03
3.392015272525998690e-03
1.456281692690731839e-03
1.424578531608984740e-02
-2.983076017780683480e-03
1.594993743249635510e-03
6.455041827112229305e-03
2.014585021664819925e-02
7.711481967561805914e-03
5.088013492223855162e-03
2.397134706577160046e-03
2.899723589748909747e-03
3.426807838288278450e-04
9.208720571385259953e-04
2.827326145482035070e-03
4.064618731022700583e-03
1.370455306105708730e-03
1.497211461237496141e-04
-4.897377808590590168e-04
7.213325405828239535e-03
4.438117671468046199e-03
-8.364046186625615116e-04
1.268840425188711091e-03
4.530135255964004353e-04
6.022725063490116416e-03
3.168704872335942248e-03
2.959156247195515906e-03
7.116761110087515153e-04
6.060922672315719427e-03
7.170346106329063794e-03
9.856523811299646234e-03
-1.663529072537428283e-03
1.159533694216101406e-03
-2.936801409008033339e-03
3.161758610541837112e-04
-1.834972198547187841e-03
-1.014646268869809787e-03
4.964084750756338725e-03
2.267996582170285057e-03
2.225380591749006026e-03
-2.091156495140383820e-03
3.462246558648227925e-03
5.125958599815956139e-05
2.111246886902924582e-03
-1.115366077144732890e-03
-1.157683390147961310e-03
3.617379116247531126e-03
6.181514027118487293e-04
7.633687207691810476e-04
5.368417683346706588e-04
3.370122540036390307e-03
-7.027377957995338455e-04
1.346869107522178006e-04
6.549882516875655484e-04
-1.531826215605011296e-03
-4.944019824668152577e-04
2.958380992462878410e-03
-1.403991943970566043e-03
4.207203120111257817e-04
-1.129482968997617834e-03
5.448404197848946869e-03
-1.783579226097592452e-03
1.162619514587241243e-03
1.109183513243777470e-03
3.275820774095245837e-03
1.589430826342645969e-03
2.445701459136913596e-03
-2.757088772972911359e-03
4.262433537366636799e-03
-8.972715577255608796e-04
1.559737621038405440e-03
2.416251743578791324e-04
5.825343783731121421e-04
-1.532342894152324787e-04
9.340639642978303386e-04
-1.377316638173378465e-03
9.390753356446436334e-04
5.522972856914945376e-04
-1.021801702530047290e-03
-1.621660495104370724e-03
5.641447348270414199e-03
8.765427050642166790e-03
1.746329485151824987e-03
-6.939597800972676679e-04
2.698353186807826275e-03
2.255411042715595085e-03
8.026845836955991392e-04
-1.437631010462412815e-03
1.352279531265376811e-03
-3.685537678300230668e-03
6.663933694181409760e-03
9.655626582663050673e-04
-1.162189382662854307e-04
1.592933137428139551e-03
1.377264891257719759e-03
3.446619823994088506e-04
6.412106843610779205e-05
1.616807424736682727e-03
2.857930621883319859e-03
-1.320998929223018287e-03
6.835859754965579972e-04
-3.272606509528889302e-04
-1.124302299630592890e-04
-3.505749313536845311e-04
1.284599972119452411e-03
4.957019887448916012e-04
6.419053852548988522e-04
1.223851656059400574e-03
1.230195008133764829e-04
-1.353778709606801847e-03
-4.224413519951958655e-04
-1.743878977950161745e-03
2.660619946805839811e-03
-2.634056832635127583e-03
2.383500848767667463e-03
5.493623582540504112e-03
-7.619380132986154457e-04
5.335805566509070445e-03
6.262896858890193777e-03
6.477117065016244893e-04
9.233794360176854951e-04
-1.952764104678340277e-03
7.678043474536310267e-03
2.493374753028721434e-03
3.351015553265876846e-03
-3.001533270124316817e-03
6.278619259775726795e-04
1.698746438443738457e-04
1.505223487441702647e-03
1.332161931626724876e-03
6.240692014401304092e-04
-9.129229981832357593e-04
2.361451887869017545e-03
2.832650367221114986e-03
5.434379389721490788e-03
-1.866705535182423305e-03
2.455579509397076438e-03
3.834911333859252185e-03
-1.143336843214549838e-03
4.254301912412859071e-04
1.200756164932347166e-03
8.684629132995134570e-04
7.648780022273605258e-04
-1.226658158277551267e-03
-4.636180676710838569e-05
2.397257876270294900e-03
-6.641349501840792396e-04
-2.305991918913375804e-03
-1.656393165946830207e-03
7.632186419966716139e-04
5.260416801972919026e-03
1.587641919410345045e-04
-4.914067979997417028e-04
4.210988178938981398e-03
1.269834817170778214e-04
8.154726096986780748e-04
-1.027420643370277002e-03
1.254013449614495811e-03
-1.005372164204453673e-03
-1.567339043128734150e-03
8.315942700853689532e-04
1.823989889420136318e-03
-2.230293967798808487e-03
-7.302815929988626300e-05
-3.526343107059245509e-03
7.322633559547277486e-04
5.506488368598243428e-03
-8.837211452587887938e-05
-5.498346407903347693e-04
-4.268754853160216557e-03
2.371735293635992073e-03
3.160869540881130427e-03
5.562662495098619556e-03
-1.405568475173970969e-04
3.415707095167998513e-03
6.279646219169107181e-04
3.697795841114460882e-03
9.415735901509514555e-05
1.584887596430162738e-04
2.973624304890638576e-03
-1.323588511705581445e-03
-2.092334024440284379e-03
3.796039839018762636e-03
-1.271099880039404557e-03
2.493502940457822600e-04
2.343773789531822249e-04
1.282791704559229241e-03
4.985801422133858025e-04
1.981259166091741894e-03
-2.657222133818581099e-03
7.937668551529089914e-04
1.032417718115883915e-03
1.189871030915359363e-03
-6.799521250219863269e-03
1.506274945801895507e-03
1.351907750294295074e-03
1.360867400926943534e-03
3.870213556098761609e-04
1.728931791121119960e-03
5.521661505922227046e-05
1.175086075221641732e-03
4.625100204229863968e-03
-1.509081426609915370e-03
7.523094345959487972e-04
6.667155806564964253e-04
2.115977350167220529e-03
1.705306852109274491e-04
-2.532183241159802548e-03
1.135654333400695987e-04
2.913742633542266373e-03
1.625070931699406805e-03
-1.304925253357327054e-03
5.550243238152793336e-03
-2.176370128409791001e-03
3.479650163652487325e-03
-2.956679014382282075e-03
1.668804764097418444e-04
8.021914576996148124e-04
2.489562272869066169e-03
3.581573899030960142e-03
-9.296938785684899769e-04
1.926196347708612581e-03
1.948166940074259196e-03
-3.405702750888499200e-04
2.973371849361959932e-03
-4.506689703007646375e-03
4.022079555045682611e-03
-2.758913017529902216e-04
-3.850156502549141168e-03
-2.320411522793936702e-03
2.994009519588189915e-03
3.024564956007091184e-05
1.049681631471149467e-03
1.379900034889422825e-03
2.830186198588243232e-03
1.776008992033512555e-03
1.483199849189155558e-03
4.463599220547494065e-04
2.951300510350740852e-03
-1.293943915521592221e-03
-3.914326197249619506e-03
6.931672687062694332e-04
-9.438904681395596328e-04
3.896331273699360650e-04
4.360027811502519089e-04
8.216169410194882998e-04
-2.000904274469685658e-03
4.538856048567345858e-04
5.090642443999619446e-03
1.135452246244684268e-03
3.015882918169691214e-04
4.593697585768616656e-03
3.412371673031187186e-04
-2.740682351860708466e-03
5.373077943810073906e-03
3.118094977037062440e-03
-9.061406016639250022e-04
6.258007933103767323e-04
3.117417885313767539e-03
4.071602903124430829e-05
-2.867910055608344526e-04
4.071906610980406162e-03
4.996546482196020239e-03
-4.682283326809803803e-03
4.158821551301957256e-03
2.949510501831115097e-03
2.564155387836538312e-03
-1.616487557141433684e-03
-1.942297032844693275e-03
2.386638812760323840e-03
2.106715442164063066e-03
-3.091574105927668258e-04
7.438681708989033870e-04
3.328359217732889362e-03
4.213987104488676159e-03
1.217862154221492459e-03
1.494932546889351978e-03
-3.106708043881415771e-04
1.866541551683645155e-03
-1.975092874562424557e-03
2.880103694816190871e-03
3.049528298459464309e-03
-3.616120971802135303e-03
4.000613914195326297e-03
1.626530270001463299e-04
1.149050595795778149e-03
1.300557807677852045e-03
-2.951281368530536860e-03
3.430114283001163469e-04
4.106449599502044225e-03
1.736486547167657079e-03
-7.944659224014647293e-04
1.021966847696406146e-02
1.406920321686310274e-03
-5.470338151206965722e-04
2.327753064245232945e-03
1.129757467759288665e-03
3.742974940813209930e-03
1.711706121815121913e-04
1.071026075509615583e-03
-1.003118645026467460e-03
-9.524909442912646036e-04
3.466126700441081801e-03
1.130247286225280695e-03
-2.627860188219848653e-03
-1.355585982152554027e-03
5.218169423245623811e-04
8.033502966369822362e-03
8.550978998792565892e-05
-3.819768920952986910e-03
3.585483249892120437e-03
3.900012320618847887e-03
-2.250586628943906237e-03
3.919048179742035988e-03
5.885911200783668952e-03
9.762548560906598311e-03
1.373570334522494947e-03
1.075175404906276999e-02
1.167887994896545274e-02
3.639415099634348526e-03
6.098259276592707043e-03
4.082075485646105692e-04
3.987622473472026904e-03
2.817727845214076151e-03
-1.103991168015732533e-05
5.046811305429328535e-03
2.598456865620951076e-03
-2.720846546947539631e-03
-2.816261489273628365e-04
2.642051891378483040e-03
9.242298713175537209e-03
3.658368228320876478e-03
-6.247115611117840493e-03
3.741957366716821588e-03
2.455934011898311441e-04
1.460623491670390035e-04
3.195089076658851925e-03
2.221410319300541137e-04
4.920055616762335216e-03
1.899020654235992599e-03
-3.282177974531499606e-03
-2.163326403175742495e-03
3.050034534634914109e-03
9.673534294230730617e-04
3.943156155792220015e-03
-1.277359138559226205e-03
7.135185642754474263e-03
1.552977984158601839e-02
8.382019847952677793e-03
1.015124711133896969e-02
8.215466458594493371e-03
8.124643389218810579e-04
6.106154344890538793e-03
9.790979068615420638e-03
-3.561559485130624640e-03
1.517456140921648409e-03
9.394641663550756458e-04
1.077810637967104067e-03
7.109098226706025590e-04
7.215890658612117946e-05
1.102805671464077587e-03
1.766961425842469629e-03
2.313987215452174102e-04
1.904338969340552482e-03
2.274447713373193604e-03
-3.564395343323273607e-04
1.144922248304402687e-03
6.330449123290450911e-03
6.540803936358424372e-03
2.496754379164709946e-03
-1.149687426449967284e-04
4.921849644295492668e-03
-1.556801044665417433e-03
-8.958573309508878002e-04
-5.186268143938808743e-03
-3.897168433409530820e-05
-4.303445960189901148e-04
-3.108310556210947722e-04
-2.156667305289455307e-03
1.245780400108221445e-03
2.384572996912197491e-03
-2.946089088807000642e-03
-1.545438341807815232e-03
-1.168697719124325634e-03
7.109409187565063869e-04
-7.427448158762844357e-04
-3.731299618689121189e-03
1.834502095690185601e-03
2.234951082883278632e-04
8.885850037736455712e-04
-8.406091152025976527e-04
1.588704438422590143e-03
-1.813301575953051329e-03
7.524153496113730397e-03
2.800207279668712104e-03
-6.260143873904945068e-04
2.995821021551600422e-03
3.811629734798203592e-03
1.323732483642011846e-03
2.917269322217268170e-03
4.035144669074544090e-03
-6.253257676343556377e-04
9.818796288434965443e-04
-2.244840142358040403e-03
1.467806625323025884e-03
-1.289193196947787615e-03
7.413585466572316686e-03
-5.713396658075636228e-04
-1.325466148930505052e-03
-7.777937973593763727e-04
2.846026785324102387e-03
9.799686290580533754e-04
6.519866901481945545e-03
-5.798257019564540763e-05
2.509718064971084694e-04
2.844349752801135153e-03
1.346056114356571076e-03
2.552423925249199584e-03
-4.796267077918192189e-04
-2.229783903824242384e-03
5.387383903626545914e-03
6.219926258483567637e-03
-1.418532054379785089e-03
6.298381476400438661e-03
-1.249767256260242128e-03
1.100441230296086851e-03
-1.673438922733226381e-03
6.623299370351373293e-04
2.523359684126168234e-04
5.834433086139565513e-04
4.711428260394157769e-03
-1.078862316531402745e-03
3.642513505116317697e-04
6.133608571099219593e-04
-1.443133256726372889e-03
3.493751676586245164e-03
-1.009067346727975101e-03
2.819775148984375677e-04
2.237984637163051207e-03
8.938631791108478473e-04
-3.257591913213045117e-04
-4.616503743775824558e-04
7.811190856063934341e-04
-1.327657238499167780e-03
3.773583494645290932e-04
3.853248543820986596e-03
6.274405750176417773e-03
-1.007142806711772403e-03
1.108346913199726932e-02
-3.134202106381385466e-03
3.380049526905996252e-03
6.052407424239997181e-04
-2.536322810655217141e-03
-7.742615268404981401e-04
-5.616636133416938459e-04
7.096115716992304999e-03
3.902137112293246283e-03
1.752258125417033123e-03
1.670652380407948966e-03
1.816019521915766344e-03
2.577303048792262087e-04
5.362561407483729982e-03
-1.391263665608182942e-03
3.993583248321749867e-04
-2.319721356096333259e-03
9.639326413937994269e-04
-2.438428521308644119e-03
2.482560370701715827e-03
-4.236377202646074772e-03
-1.691291421984275796e-03
3.797774414135188887e-04
4.723823211847829034e-04
4.144799429408678980e-03
1.559053994222173254e-03
-5.427448226780407685e-04
-2.777670404461855813e-03
2.847281792760997590e-03
9.792288655782383812e-04
-2.326191965237855378e-03
2.196649295561353341e-03
6.570001271393479097e-04
1.788687145758411159e-03
4.044012137072490985e-03
4.893880439817338557e-03
2.443435321424977224e-03
-1.153780594176341458e-03
-2.235623690028520384e-03
1.243170281531514806e-02
9.952989552233292708e-03
8.034127247518433115e-03
3.142097855001727350e-03
6.378072896196125378e-03
-1.288387046760761600e-04
5.257168177279871769e-03
6.915094538168950694e-04
-1.540210013239420818e-03
-1.975592138371107080e-04
1.165823368390626197e-02
8.342124016499483444e-03
3.554648976640409266e-03
-4.351005062356315444e-04
4.999290738416290771e-03
5.432634954165033864e-03
1.248372705886843619e-02
5.922605823869460558e-03
5.030483499443001803e-04
-2.315667305645737872e-03
3.929313069515096295e-04
-2.234863134939422177e-03
7.281503008392499303e-03
7.319375762946994136e-03
1.778037983287037403e-03
3.666737976451853176e-03
3.964758326109214803e-03
1.926199733201920802e-03
3.515594072176004246e-03
8.754112328251007630e-06
4.714142616509941347e-03
-1.421116944939013801e-03
5.278095758346104671e-03
3.965593690127884423e-03
6.535775867071597425e-03
-1.940552085149759541e-03
-4.481965575137175813e-04
5.184995632064615459e-03
-2.337399127852068763e-03
1.175715797284576387e-04
4.268609540690772135e-03
-6.005390348154835897e-04
2.106044585137806756e-03
5.943720968623295931e-04
-9.159111087956404041e-04
2.728869216294319781e-03
6.946010096213587302e-03
1.965998851884820549e-03
2.186819171404137414e-03
6.493545906452194427e-03
1.837805953139117843e-03
4.046754214694703485e-03
1.268571888447316172e-02
2.404715101897028987e-03
1.811990970022885668e-03
