0.000000000000000000e+00
0.000000000000000000e+00
0.000000000000000000e+00
0.000000000000000000e+00
0.000000000000000000e+00
0.000000000000000000e+00
0.000000000000000000e+00
0.000000000000000000e+00
0.000000000000000000e+00
0.000000000000000000e+00
0.000000000000000000e+00
0.000000000000000000e+00
0.000000000000000000e+00
0.000000000000000000e+00
0.000000000000000000e+00
0.000000000000000000e+00
0.000000000000000000e+00
0.000000000000000000e+00
0.000000000000000000e+00
0.000000000000000000e+00
0.000000000000000000e+00
0.000000000000000000e+00
0.000000000000000000e+00
0.000000000000000000e+00
0.000000000000000000e+00
0.000000000000000000e+00
0.000000000000000000e+00
0.000000000000000000e+00
0.000000000000000000e+00
0.000000000000000000e+00
0.000000000000000000e+00
0.000000000000000000e+00
0.000000000000000000e+00
0.000000000000000000e+00
0.000000000000000000e+00
0.000000000000000000e+00
0.000000000000000000e+00
0.000000000000000000e+00
0.000000000000000000e+00
0.000000000000000000e+00
0.000000000000000000e+00
0.000000000000000000e+00
0.000000000000000000e+00
0.000000000000000000e+00
0.000000000000000000e+00
0.000000000000000000e+00
0.000000000000000000e+00
0.000000000000000000e+00
0.000000000000000000e+00
0.000000000000000000e+00
0.000000000000000000e+00
0.000000000000000000e+00
0.000000000000000000e+00
0.000000000000000000e+00
0.000000000000000000e+00
0.000000000000000000e+00
0.000000000000000000e+00
0.000000000000000000e+00
0.000000000000000000e+00
0.000000000000000000e+00
0.000000000000000000e+00
0.000000000000000000e+00
0.000000000000000000e+00
0.000000000000000000e+00
0.000000000000000000e+00
0.000000000000000000e+00
0.000000000000000000e+00
0.000000000000000000e+00
0.000000000000000000e+00
0.000000000000000000e+00
0.000000000000000000e+00
0.000000000000000000e+00
0.000000000000000000e+00
0.000000000000000000e+00
0.000000000000000000e+00
0.000000000000000000e+00
0.000000000000000000e+00
0.000000000000000000e+00
0.000000000000000000e+00
0.000000000000000000e+00
0.000000000000000000e+00
0.000000000000000000e+00
0.000000000000000000e+00
0.000000000000000000e+00
0.000000000000000000e+00
0.000000000000000000e+00
0.000000000000000000e+00
0.000000000000000000e+00
0.000000000000000000e+00
0.000000000000000000e+00
0.000000000000000000e+00
0.000000000000000000e+00
0.000000000000000000e+00
0.000000000000000000e+00
0.000000000000000000e+00
0.000000000000000000e+00
0.000000000000000000e+00
0.000000000000000000e+00
0.000000000000000000e+00
0.000000000000000000e+00
0.000000000000000000e+00
0.000000000000000000e+00
0.000000000000000000e+00
0.000000000000000000e+00
0.000000000000000000e+00
0.000000000000000000e+00
0.000000000000000000e+00
0.000000000000000000e+00
0.000000000000000000e+00
0.000000000000000000e+00
0.000000000000000000e+00
0.000000000000000000e+00
0.000000000000000000e+00
0.000000000000000000e+00
0.000000000000000000e+00
0.000000000000000000e+00
0.000000000000000000e+00
0.000000000000000000e+00
0.000000000000000000e+00
0.000000000000000000e+00
0.000000000000000000e+00
0.000000000000000000e+00
0.000000000000000000e+00
0.000000000000000000e+00
0.000000000000000000e+00
0.000000000000000000e+00
0.000000000000000000e+00
0.000000000000000000e+00
0.000000000000000000e+00
0.000000000000000000e+00
0.000000000000000000e+00
0.000000000000000000e+00
0.000000000000000000e+00
0.000000000000000000e+00
0.000000000000000000e+00
0.000000000000000000e+00
0.000000000000000000e+00
0.000000000000000000e+00
0.000000000000000000e+00
0.000000000000000000e+00
0.000000000000000000e+00
0.000000000000000000e+00
0.000000000000000000e+00
0.000000000000000000e+00
0.000000000000000000e+00
0.000000000000000000e+00
0.000000000000000000e+00
0.000000000000000000e+00
0.000000000000000000e+00
0.000000000000000000e+00
0.000000000000000000e+00
0.000000000000000000e+00
0.000000000000000000e+00
0.000000000000000000e+00
0.000000000000000000e+00
0.000000000000000000e+00
0.000000000000000000e+00
0.000000000000000000e+00
0.000000000000000000e+00
0.000000000000000000e+00
0.000000000000000000e+00
0.000000000000000000e+00
0.000000000000000000e+00
0.000000000000000000e+00
0.000000000000000000e+00
0.000000000000000000e+00
0.000000000000000000e+00
0.000000000000000000e+00
0.000000000000000000e+00
0.000000000000000000e+00
0.000000000000000000e+00
0.000000000000000000e+00
0.000000000000000000e+00
0.000000000000000000e+00
0.000000000000000000e+00
0.000000000000000000e+00
0.000000000000000000e+00
0.000000000000000000e+00
0.000000000000000000e+00
0.000000000000000000e+00
0.000000000000000000e+00
0.000000000000000000e+00
0.000000000000000000e+00
0.000000000000000000e+00
0.000000000000000000e+00
0.000000000000000000e+00
0.000000000000000000e+00
0.000000000000000000e+00
0.000000000000000000e+00
0.000000000000000000e+00
0.000000000000000000e+00
0.000000000000000000e+00
0.000000000000000000e+00
0.000000000000000000e+00
0.000000000000000000e+00
0.000000000000000000e+00
0.000000000000000000e+00
0.000000000000000000e+00
0.000000000000000000e+00
0.000000000000000000e+00
3.211487609125857762e-02
6.706311485159406963e-03
1.614351084048751966e-02
1.067835617989216276e-03
7.891162114679908107e-03
5.499861207247549837e-03
5.587133714428271954e-03
6.204090164085616400e-03
1.326903687673469841e-02
2.444074078204910936e-03
7.422944056188412326e-03
5.453459129783348042e-03
2.940270805715004473e-02
1.444782185920023658e-02
1.481187720055111151e-02
1.953994027019683583e-02
7.909954732653065243e-03
4.385056516444221612e-03
3.689997326924134707e-02
1.182541861195958270e-02
1.638998259907727476e-02
3.327967718863096905e-03
2.571568425794173648e-02
4.221801975516330761e-03
7.290233420015651729e-03
1.684896007613608665e-02
1.294364715404095964e-02
1.716959772359743369e-02
5.808266070316432661e-03
1.695792853445111242e-02
1.853551193966785152e-02
9.311673465021977000e-03
1.262551027173680271e-02
9.887055803776046217e-03
3.255830721081010015e-02
3.419696875555871575e-03
2.958467438138280212e-03
9.420579391710093503e-04
8.428907448389677190e-03
2.032799747654243268e-03
1.526718676153279546e-02
4.760153612850721166e-03
4.897346907923706173e-03
9.252486171471283657e-04
3.788649127060664343e-03
2.274981618807053914e-03
2.851179105162334696e-04
2.227020319360676487e-03
1.447651859115683774e-02
8.425750886924895586e-03
1.281787112970326180e-03
7.315456668444869463e-03
6.462702816392787430e-03
1.544185780331655544e-02
9.251944057480669323e-03
4.352624375440248584e-03
3.956673913556986964e-03
3.905207162485310312e-03
3.184560141815299863e-03
6.683365075956067963e-03
8.559863859957850610e-03
5.709012620159277518e-03
1.356393330037681220e-03
3.640581417036502059e-03
1.958627321461007750e-02
4.111546005929713095e-03
4.847536620318879108e-03
2.448584060841718559e-04
1.222055569880958238e-02
8.885186288206727359e-03
1.877863952959172092e-02
3.720321300956721308e-03
1.275191738200727627e-02
5.991382640879673507e-04
7.405405550339858207e-03
1.728369086641926055e-03
1.252532952177578315e-03
1.053423807092052772e-02
5.906325905828988670e-03
3.351185354136593329e-03
7.547849112073102239e-03
4.167468243862080396e-03
2.133606370381528963e-03
1.385499316412886666e-03
8.930980081138281679e-03
6.393385532902915933e-03
1.607011036437945573e-02
6.598775657693703618e-03
1.203973891270756005e-02
1.379993608487361904e-02
4.591121441393076694e-03
1.069098222451348758e-02
5.290870675891450048e-03
1.058951243728819061e-02
9.138068529439706544e-03
9.210331251962902352e-03
4.952356646931033038e-04
1.841866869472555965e-03
1.968346285519983335e-02
4.380102560308841292e-03
1.635413403006510599e-03
1.704133163507267137e-02
1.018526519946217831e-02
5.227884853289412569e-03
5.789153922364782649e-03
1.240374792615515573e-02
1.686203126313508965e-03
9.941960136107317811e-03
3.853373642524475680e-03
1.674263295419254650e-03
-1.578731810031841400e-03
3.959014281155582606e-03
5.067670956158679824e-03
5.339165175460504516e-03
3.523072569745086535e-03
6.216930833086474657e-03
6.430535276867670527e-03
3.988081499460870323e-03
2.155176095659866388e-04
5.220987731702576851e-03
1.558450639651526044e-03
-2.507347595679208264e-03
5.498757268194898531e-03
7.616671694714379978e-03
6.293673784742210946e-03
9.114052643920103960e-03
4.124788978564620720e-03
1.333476744876325309e-02
7.414408779938543373e-03
3.152256155401245239e-03
9.428564596593169353e-03
1.604249535753646608e-02
1.181937866545099006e-03
1.975484481500570759e-03
4.784183704886406374e-02
1.802770106617266471e-02
2.262018357067976590e-02
6.664316960700258918e-02
7.846882913854977271e-03
1.796964537524394639e-02
6.529790065669872044e-03
2.136919875031939586e-02
4.955778241508926665e-03
1.422286244138467118e-02
1.174831431512035965e-02
1.792282547035655349e-03
1.341104173074932418e-02
8.780494231948184850e-04
3.703507555627903909e-03
5.362884137116804943e-03
8.104408497578230799e-03
5.550149592016763618e-03
3.281804561746399650e-04
3.821045144620753217e-03
6.015411944596150452e-03
1.927448415080009608e-02
6.883086510926873791e-03
3.092669511538172211e-03
2.008755826831941545e-03
1.916948845196067997e-03
-3.445744402182143642e-04
4.950006939414849580e-03
1.668752134012353727e-02
6.621063190541408988e-03
1.002775797082644700e-02
9.062768086283192956e-03
-1.681731889898291886e-03
1.478020516514950630e-03
1.199101889322211952e-03
8.900699404337986467e-03
-1.223001912864194428e-03
5.344715350367741646e-03
1.159721401933411049e-02
1.088589941755267916e-02
8.360409160589119329e-03
7.458547912226893249e-03
-2.310907704240025735e-03
3.885796620475620491e-03
1.165593404769081978e-02
4.188297432229605953e-03
5.164773225118543705e-03
4.005835607872590062e-03
9.592608858858828538e-03
2.569340182060556119e-03
1.410776437953921783e-02
4.092969709692736990e-03
7.741527612857034002e-03
7.517753187079025297e-03
1.200404947025712071e-02
8.702441789359095445e-03
6.138125661787027440e-03
3.778517051473580940e-03
3.870997925098958528e-03
6.114070549293651024e-04
1.013674621700903257e-02
1.191828705698396015e-03
4.553667324641194093e-03
-2.553030476097230619e-03
2.617098392055751399e-02
5.057311084498913173e-03
4.367527781859341374e-02
6.807971029600219312e-03
4.374529460693490218e-02
3.424835218230742190e-02
3.801826194656936914e-02
2.585933158971884249e-02
7.355055208137217630e-03
1.189882063549655387e-02
3.143005171967153989e-03
6.873807972244139371e-03
2.163507578149549693e-02
1.973993380741048687e-02
9.322328995456428610e-03
2.908888974403437896e-02
2.968263621009710820e-02
1.717833290696894888e-02
1.512424795437449301e-02
1.677373967822399364e-02
8.125937903113384167e-03
8.224341018852549326e-03
2.228537846314268718e-03
2.697257208413538290e-02
8.540807667998626118e-03
2.240465492976740150e-02
9.094815136171838579e-03
9.823406028470534762e-03
1.085804681305510035e-02
8.990654061056103583e-03
5.807167687284891557e-03
1.099884526713119232e-02
4.290749430227134252e-03
1.138106064141535673e-02
2.875433708533168924e-03
1.796964431252371167e-02
5.815049982390648603e-02
6.052287029184146711e-02
8.935449126277758905e-03
2.151012208522226285e-02
2.353434865850357466e-02
1.121298020068743108e-02
2.608823673715177441e-02
1.845936131638118566e-02
1.140483444361380279e-02
1.366776215724407190e-02
2.085257072015524529e-02
9.378210566020974553e-03
2.442794012483899893e-02
1.640673142967329860e-03
1.128171031025792387e-02
4.025987687263272302e-03
9.751079964032282124e-03
1.279278172527448937e-02
9.114072889315592493e-03
1.485535761037079343e-02
7.119314496903879873e-03
1.149489239730471304e-02
1.383128468398582035e-02
2.520594305579441224e-02
8.803571716908566852e-03
2.855641740617208268e-02
1.294732117665816848e-02
2.536078121623028606e-02
2.149550634240673941e-02
1.661435731918644784e-02
1.053335110232998979e-02
-4.144616832908253057e-03
8.327824330905141126e-03
4.619557768972519171e-03
2.136204258842432438e-02
2.264678384168727215e-03
1.538418756778900387e-02
2.165458438975125660e-03
3.902130802227758363e-03
1.339988796745982848e-02
2.434709988705654679e-02
6.701650209282666686e-03
1.739555615086512547e-02
1.115941454386176757e-02
1.511562141927486232e-02
2.541642898224723973e-03
2.282336926678775815e-02
-3.282953675696847345e-03
2.621516686628661691e-02
-2.532174358678197269e-03
2.250381532859182642e-03
2.957943570251409665e-03
1.106836101969548881e-02
-1.418136803097168590e-03
1.899746465082016722e-02
8.394967755093281012e-03
2.011773390218580052e-02
7.213039426008099539e-03
2.284647931201944440e-02
6.712625537402438147e-04
1.069771623028972253e-02
2.684651732622241656e-03
2.391679234580462721e-02
5.567054947842417501e-03
3.306777797475651381e-03
1.348684063456322612e-03
1.306738751518393953e-03
2.476121235722879982e-02
6.359662301093192346e-03
2.986416246667099057e-03
2.488600495603712076e-02
2.930908018477427351e-03
2.978210981087041267e-03
4.861874227478376817e-03
2.167332146087729700e-03
8.555211902203391922e-03
3.403544258535794870e-03
2.185390490071678279e-03
2.222155782398703948e-03
1.973657793909925837e-03
2.736386046054710766e-03
4.654105302631064700e-03
1.277261041653762232e-02
1.474426022129748590e-03
-1.238229023684801712e-03
1.924023727518817811e-02
-2.498474147312214604e-03
4.852221302924181710e-03
-1.166354013875402218e-03
3.260684194479079347e-03
7.918712674142442884e-03
4.662886401483281283e-03
1.260360852107889063e-02
1.666140586466644978e-04
1.995584968836797580e-03
2.222092534788796744e-03
-1.360142655196514613e-03
2.877754307719142864e-03
3.968822068535654904e-03
-2.467259724912678354e-03
7.720912985115880927e-04
2.587048896347148193e-03
-7.722012736282937717e-04
4.063101509063816660e-03
4.949558011627227562e-03
5.766570119659347911e-03
-1.618963870935521954e-04
2.161264103154070769e-03
1.590921208181434246e-02
2.993429089035254398e-02
1.104227293576607628e-02
1.920289985838474593e-04
1.168054948494014547e-02
1.259078061529993880e-02
3.725203843864091733e-03
8.562296193762379895e-03
2.222521308740913783e-03
-2.889071663119902739e-03
9.692817494538258707e-03
1.499443358760827252e-02
4.010719271416126816e-03
6.833498034159347792e-04
2.878802443750412467e-03
7.565836690266419806e-03
2.064747599623730466e-03
7.730552149694282921e-03
8.309841784324128316e-03
1.206576503064154746e-02
3.143967729648238646e-03
5.487711465399726721e-03
2.089026222833901408e-03
2.890142768108137049e-03
5.455323435387343135e-03
-2.276130415850398294e-03
1.966840309754290875e-02
4.636798222356408594e-03
6.342767653471994421e-03
1.116878952387665401e-02
2.203420368350208179e-03
1.251278744122127917e-02
8.151760833512223733e-03
1.004336858182847472e-03
7.728296080360447413e-03
1.634907789573824839e-03
3.157103984629931921e-03
1.225077001981496761e-03
1.062308678079230441e-02
1.483249825889725168e-03
6.781063516477271041e-03
5.029783703877204262e-03
1.697961870797751400e-03
1.866269779652002291e-03
1.089404396980357854e-03
7.461853244114149530e-04
4.966027663642227571e-03
1.002553627168537367e-02
-1.769594681054939642e-03
6.839620534369556665e-03
5.838738492201319200e-03
-8.694081912187837623e-04
3.807350198758365813e-03
1.143490440866134876e-02
6.596637115568779186e-03
8.568042399209957949e-04
1.996463388810539724e-02
1.006306612832845275e-02
6.919824648789678866e-03
6.205884113551716694e-03
1.609408197100076817e-03
3.235877417171846397e-03
8.202099050620629671e-04
3.824148929389074685e-03
8.540806878829260845e-03
3.287322740079379798e-03
2.558681072351412164e-02
-9.378157345422329658e-04
4.209213910487325135e-03
1.590799936778195325e-02
8.006080530252179459e-03
-1.136455998137329924e-03
6.425450055085832682e-03
3.801021111011064837e-03
3.399166091873103215e-03
9.272268209106176561e-04
2.731089058413548216e-03
2.284689811463804475e-03
2.449695588531114899e-03
3.367405932159928637e-03
2.409568377035799930e-02
3.900889714944843177e-03
1.131279154468019937e-02
1.475506133340264737e-03
8.926031926052547215e-04
3.023963034806896252e-03
2.220998323357985943e-02
2.794357214780310641e-03
1.289183819971549683e-02
6.688532665170671652e-03
1.282093225114568948e-02
3.970107773756516821e-03
6.258475437016264645e-03
2.819870644259452573e-03
6.111887962552148973e-03
7.511077381024140742e-03
8.887197188691623850e-04
2.852543210867199489e-03
-1.107134591230358360e-04
2.108605342825809782e-03
7.097696844265416818e-03
8.924262296253974991e-03
-4.138475659879505822e-04
5.771341269724869320e-03
6.895272815247646334e-03
6.695608124107847725e-03
4.816965208748407758e-03
2.427600794720718297e-03
4.097703813288766476e-03
6.978241368692197910e-03
8.526859134378231980e-03
3.089803951643409381e-03
5.946801930073477259e-04
-2.353359168538677985e-03
1.040071042806768814e-03
8.175812887776379287e-04
1.114161530936695556e-04
1.730900970970723372e-03
2.633431364815681883e-03
3.968416946525692678e-03
5.770328237422002113e-05
5.500843086632851986e-03
6.360599848644440078e-03
8.928250655895151114e-03
9.192705831817936379e-03
-1.712987250171799580e-04
2.185555665324160398e-03
1.940756789193788740e-03
-1.026315565005747566e-03
5.255121246641927119e-03
2.264086410840156216e-02
5.295154533664559425e-03
-9.256301201431120246e-04
8.937823241126175572e-03
1.245967800628970494e-02
4.960744670357721160e-03
-1.169730988429240268e-03
-3.745135917387759639e-03
2.018949439715076941e-02
1.259641485846722374e-03
-7.503438632374999232e-04
5.611873882822455625e-03
7.699775672220327211e-05
1.256421848356244816e-03
5.255109169129805208e-04
4.308791594948263581e-03
4.950658308462844819e-03
3.226640053596403594e-03
8.450806758115044642e-03
-2.253176742231040915e-03
3.234690891628189818e-03
-1.649443522415444891e-03
2.272312149910081709e-04
1.041911734001453333e-03
4.508386434532503373e-03
1.451045906382140331e-03
-9.855141127402778853e-04
3.281932118466905548e-03
3.073083270163404560e-03
3.236383314292071330e-03
6.886576229823901385e-04
2.339616707358346901e-03
4.098432549785495718e-03
1.300653433819551818e-03
1.343983794066237920e-02
1.577797490047992343e-03
9.068713783784859012e-03
-2.210656225554724283e-03
2.708241866495219880e-03
3.537098512430161910e-03
4.194576017367273625e-03
1.442010119614344551e-03
2.372212980400001479e-03
4.019767625843250966e-03
7.472775787673006757e-03
1.106503086111654960e-02
1.166703762569031542e-02
1.478469594463695334e-03
-1.814216387834767345e-03
2.674725224963913142e-03
5.720978790587588278e-03
-1.789484965298760019e-03
-1.510600851803660990e-03
1.031340279022937602e-02
-2.020312247758047387e-03
8.118044512695357998e-04
1.067325328076365251e-02
1.120591714881891739e-03
-1.404502629368018819e-03
4.609055058659571914e-03
4.624844142307172473e-03
-3.340049158534243341e-03
6.701664254902413818e-04
3.222302218352355967e-03
2.748756876751212740e-04
2.814545430142534332e-03
-7.099159064140025390e-04
2.319572052440908600e-03
-2.470452879486333738e-03
2.493825815200694136e-03
4.509813484488359690e-03
8.562197513080166368e-04
3.660853140061843571e-03
3.845691202426238572e-03
3.791279495804558263e-03
1.050866589247839364e-02
5.830863530579497370e-03
-6.670567756449365896e-04
1.698983659463900852e-03
3.266221980584723371e-03
2.452949653852383102e-03
3.616566100368270864e-03
1.414725820060071595e-02
1.066948665448397109e-02
1.920600535706833232e-03
-7.240833956206952065e-04
4.292496414240804664e-03
-1.496808752402574352e-03
5.708735008564710077e-03
5.354836377894985240e-03
2.528394372741750874e-03
4.046448363735412682e-03
4.078627883571691432e-04
-5.270598833089118777e-04
9.730680497985402929e-04
1.781210551680000378e-03
1.407922856874926952e-03
5.328799836759177087e-03
4.826283473269188384e-03
1.962094059485819213e-03
3.463697486546354811e-03
1.592018561460973800e-03
2.959177963374459101e-03
5.549989620312346592e-03
6.421840338722287038e-03
-1.188422608089406262e-03
2.619481921156244491e-03
1.985046744029979196e-04
1.555315470051342073e-04
4.412288166197509201e-03
4.096761720963088688e-06
-4.151483522191489785e-03
-5.549053603312557870e-04
6.307734587893827106e-03
1.493628014029804545e-03
1.083981079847595383e-02
4.691642705336266164e-03
-1.319073952799227354e-03
9.724930943278106352e-03
4.353149890170859501e-03
-3.806522169705915670e-03
-2.123602706811830027e-03
1.013994612737607014e-03
7.902153386027169733e-04
5.282827284846809690e-03
4.435203889265592996e-03
-8.322050533084286673e-04
5.244841645717945346e-04
1.253443364832952395e-03
6.376569992562986997e-03
7.378200689279292620e-04
-2.371590675967059914e-03
2.764998237516773025e-03
5.011515620361534952e-03
2.439871074523923631e-03
-4.681703088921207803e-03
7.756488835354923006e-03
-3.842237345999261009e-03
1.068420343771605847e-03
-1.280207097460317055e-04
1.046611317404669847e-03
8.943255411138928022e-04
6.488429459780455447e-03
-2.698285421125310867e-04
8.654032513075768374e-03
1.215694730458669916e-03
1.213644627879052057e-02
-1.202691097061928897e-03
6.522146046978600196e-03
5.897975258649023819e-03
-2.159986178316660507e-05
2.832771659834761382e-02
5.322676933466204824e-02
3.661900849625572205e-03
4.114059375822537792e-03
4.247892953298079005e-03
1.470722193876324545e-03
5.565685034930906161e-03
2.315720474065469017e-03
3.915952228335309315e-03
1.244315975528728808e-02
3.737027400391103489e-04
5.231196825932955298e-04
-3.682742861922922491e-03
-1.438208829848483181e-03
1.020412255246450550e-04
6.033914981884112676e-03
-9.993415350306596948e-04
3.551929726818921565e-03
1.284031920796194649e-03
4.401679080947134767e-03
5.013037281951525197e-03
2.645946182304752606e-03
4.125132711602688337e-03
8.622545406938067133e-03
-3.821950046186049733e-04
5.679223089611130752e-03
1.326311070460646675e-02
5.364070649168906427e-03
6.084909271675393444e-03
8.315175649886558801e-03
-2.365991518612481099e-03
2.812433358555411524e-03
7.723117694288652441e-03
3.566753589904389423e-03
8.769508853559637111e-04
1.056915674828528065e-02
1.977194067506063066e-03
4.833614638148536584e-03
1.628700859927062570e-03
1.110326258837234306e-02
3.625786541992810641e-03
3.886381707653905910e-03
-3.994828019009665225e-04
4.864595510070688147e-03
4.990097383906467142e-03
3.942314475684447275e-03
4.750561417526082651e-03
1.201116828303113587e-02
3.082985161066567614e-02
4.311299271993100993e-03
2.707128005429956558e-04
1.211236854083784249e-03
1.958513448550024127e-02
1.912700665553424039e-03
1.898134925428280120e-02
2.084312012946695856e-03
-9.619372948267354562e-04
6.721347625899706107e-03
1.351472029957984794e-02
5.163883936860172094e-03
3.274103937206130840e-03
3.055002030512760092e-03
2.376314353131889212e-02
4.085095066690477318e-03
1.928729926318279147e-03
1.437345334394423422e-03
8.818042648330215796e-03
5.684274236961671650e-04
7.462785730235369994e-03
1.580546287399180877e-02
-1.834728838378670240e-04
4.559831089399756128e-03
2.370923196147907419e-03
3.427323734833090125e-03
3.341714633893720903e-03
-3.288908663071842767e-04
3.507111560888390893e-04
9.193679519642552686e-03
3.965694970826849977e-03
-1.586538092200635765e-03
2.889293695440358321e-03
4.824097907540538660e-03
1.833822149442991198e-02
1.344039464100832415e-03
1.709991583940056667e-02
5.216666843181003328e-03
6.175065812946909857e-03
2.550140186153528402e-02
4.872723685631459405e-03
7.400240065297689768e-03
1.844518107099380431e-03
9.099779362910075803e-03
6.375168823996977922e-03
1.415514870904789439e-02
5.083109156017846797e-03
1.200030516674269535e-02
9.707721359651489247e-04
4.753657223651658499e-03
6.501400579241476893e-03
1.069303503439095540e-02
1.302138814795491747e-02
1.018618092600425719e-02
1.030452837298524021e-02
9.046772185938186522e-03
5.900039463234517736e-03
3.338355282680310031e-03
1.854178554218496866e-02
1.902231580192802760e-04
-1.024021793430834448e-03
3.297773666885036713e-03
2.883122017696636979e-02
-2.966295280344092970e-04
2.286835380354345845e-02
2.588355936702708103e-03
4.522497615709215706e-03
3.817133601745190466e-03
-4.941548797254584000e-03
4.396575554501260669e-03
5.474099358067489353e-04
9.107612652583686047e-03
8.369955608642579148e-03
-2.323468332922647324e-03
-1.504740967536704905e-03
6.538006260081850873e-03
5.202952011812943256e-03
6.966889127512500973e-03
4.230989741126031309e-03
3.196643121873461290e-03
-1.106401892979636545e-03
3.104679412056261887e-03
2.484445083835052671e-03
9.848069436615357677e-03
2.362238279192534120e-03
2.576160832120864483e-03
8.869114937198802062e-03
5.969713829848274055e-03
1.917921439042428663e-03
-3.600064418976461965e-04
-8.188261865319152767e-04
-2.512352419226529065e-04
7.205263214760705692e-04
7.776635774419758847e-03
-3.459625466165520708e-03
-3.858553083910434833e-03
6.274744330059663262e-03
1.568124744261673508e-03
1.051709525182193197e-02
7.581958785495558975e-03
8.393540322217056104e-04
5.160633609141127703e-03
3.538382477277858800e-03
8.485485287484134664e-03
1.194668173053712928e-03
6.669923117600876430e-03
3.353279625848579366e-03
8.588444502177019352e-03
1.775169253815568442e-03
3.210323652535131567e-04
4.660943799732888276e-03
-8.010346966480746782e-04
4.125631807864663775e-04
6.781074214975868486e-03
1.193525302969770593e-02
8.959642889999548969e-04
1.322235701014216544e-02
-7.172148301481056851e-03
6.923085427932328291e-03
6.001515447361651864e-03
1.148702763792100109e-02
3.378403544872702821e-03
1.645945453737985772e-02
3.558653387970375608e-03
4.340150237420413275e-03
3.600505216953126409e-03
7.776813206385689396e-03
1.139414729328994472e-02
6.866239397156882578e-03
2.647680219308817112e-03
3.201487484638479344e-03
5.033693393020080564e-03
4.931671673274694995e-03
2.835551862519482443e-03
1.288234976792541138e-04
1.599163332980211780e-02
4.792936365512434800e-03
3.082800193200954057e-03
2.319557280681082412e-03
2.523482502449096287e-03
1.472639401190698263e-03
9.434289538271405096e-03
8.389590304767782780e-03
5.486250918615541948e-03
-1.927517778105699133e-03
2.133494355082024216e-03
5.198995152798090678e-03
-1.174261081574978988e-03
2.384204909607021659e-03
1.422316770342496595e-02
8.925645970879943561e-03
-2.477908102145468319e-03
5.066490039227176945e-04
8.262454620294523017e-03
1.164395390318715383e-02
8.512528449809689170e-04
1.262021650466491063e-02
5.571766552788832635e-03
2.027062705871162784e-03
3.026678260643053675e-03
3.918470840459498290e-03
3.154793698789341849e-03
4.861347190572205823e-03
7.644396669332845359e-04
6.288606328010414373e-03
1.956552641165503620e-02
4.646869467975747216e-03
2.866486146608889646e-03
4.340461713492945600e-03
4.248645946128740787e-04
4.263665764860539303e-03
2.137090031897488467e-03
7.682428794048491716e-03
4.971340798564633130e-03
1.228476775749422645e-04
9.870923237460790811e-03
6.856682006674207422e-03
1.860814964130087313e-04
9.223656508969522994e-03
9.368556269232070771e-03
-1.300998564261127447e-03
1.950355002767624642e-03
9.747657972100741766e-03
9.293504203135289146e-03
3.737091247577702374e-03
2.858677240056190644e-03
7.551571552509154725e-03
7.885058622468014977e-03
2.479583522522323634e-03
4.766837301646795547e-03
9.217571228183134638e-03
6.124552921286589673e-04
5.711917445582882606e-03
2.257527281540945563e-03
5.987258934898374938e-04
5.357339281249835945e-05
1.715348652866399617e-03
7.303400142845582407e-04
-2.411402259167503529e-04
8.937488682740508603e-03
3.091286487286270743e-03
6.803912506029372552e-03
2.513242046485955226e-04
1.039328520443597893e-02
4.136553147731810570e-03
5.078588283785917708e-04
7.335414910086956487e-03
2.719239704675765687e-03
6.552849376689887963e-04
8.394963014943744020e-04
-1.103880662204755015e-03
3.118583750435178700e-03
2.399760301705265286e-03
4.674499354114909633e-03
-9.424621095026173992e-04
9.834186060584748992e-04
-3.230850288025127574e-04
3.713959972957731927e-03
7.148708605781338432e-03
5.354348293496996765e-03
2.908404855093767779e-03
1.860973165305413162e-03
2.251842183875370760e-04
-2.070116521106332014e-03
7.049161379033610890e-03
4.752119416963226060e-04
7.462648459994268048e-03
6.708782932451416367e-03
1.100608795394987819e-04
9.538033278361743609e-04
1.512199612125770740e-03
-1.273724298607019920e-04
-1.486772949305283174e-03
-7.465990563021874388e-04
7.200247028231610523e-03
4.575408634778706587e-03
-7.955180936055471913e-04
4.992181948564606252e-03
1.215405767515789770e-03
4.967915191436132402e-03
-2.692204233780524578e-03
4.326938366354545450e-03
1.589052598292525417e-03
8.799059055620686359e-04
1.877894839038812130e-03
4.949051702260718645e-04
7.798728944493204564e-03
1.920314660469133600e-03
8.056230545977936201e-04
1.529977107823588239e-03
4.329660471298587762e-03
1.814080187284516227e-02
1.465069898461055387e-03
-8.905702500529958667e-05
1.884617763928374008e-03
1.773356524641913051e-03
1.453826938086251767e-03
-1.687602145496138644e-04
3.537482182342119915e-03
3.485425075016171555e-03
4.950586571736875600e-03
2.588692255782176332e-03
1.599514445769008742e-04
3.302672317929839126e-03
2.370374473390509697e-03
3.049799769650773842e-03
1.446838648057455559e-03
6.974520684574813181e-03
3.339826324662654132e-03
1.672728745513976569e-03
1.265808960952154172e-02
1.922251503392169349e-03
2.002693670587446517e-03
3.470670680329005723e-03
6.379372776458805579e-04
8.116860246259734873e-03
7.982660067872305795e-03
2.173715871233263593e-05
8.811728445880025618e-04
-6.067034058232018611e-05
8.908034703158587350e-03
3.377158809562092606e-03
1.308948490110883617e-03
6.762605668325269784e-03
1.331414820980843152e-03
3.344053183961371786e-03
1.490658956192288500e-03
2.377847728341432078e-03
7.213094564982890956e-04
4.018904629551703529e-03
7.356650403526893275e-04
4.861400941917634264e-03
3.639454222749285029e-03
1.642872967366365480e-03
-6.299212473438246503e-04
3.646224051494991207e-04
1.438722340708630714e-03
8.287671362731821936e-04
7.075476051861383925e-04
1.614992318025881227e-03
3.467026031500043681e-03
7.261370452805214828e-04
2.801559931722946966e-03
3.451259596725660562e-03
3.104611439202124498e-03
2.620381736589091123e-03
4.645537380629589409e-03
2.458015023131739606e-03
3.009282977763798154e-03
2.399703279450698251e-03
2.067484170948936072e-03
-3.325655016832822089e-05
1.659966492335540307e-03
3.822423144189351571e-03
2.014594591516266284e-03
7.820612523819504489e-03
4.759182159691155954e-03
2.547669496379271255e-03
-1.402802361459926095e-03
9.390765062380238698e-03
2.032589303331467159e-03
3.093303226959673649e-03
5.791934392264698472e-03
1.040550773213722198e-02
-1.320535289650463838e-03
7.048569392749230896e-03
6.488742281394554827e-03
5.965090173253699730e-03
5.630915690181777407e-03
3.891360450091697377e-03
1.283101060866824634e-02
7.378221769470449075e-03
2.091226991111651366e-03
5.637107575562939031e-03
1.728116184641753303e-03
-2.030893424554867151e-03
1.977405210313141690e-03
6.798304166614218755e-03
7.108472501861732955e-03
-9.112165561657627070e-04
1.298520071258222903e-03
1.171001598067925769e-03
3.754272602671404439e-03
4.589712999590024600e-03
6.695236463690752704e-03
8.332513338369162276e-03
1.643875470677826946e-03
4.068576627452364551e-04
1.306439558738511919e-02
1.534085534986459783e-03
7.440671713782549823e-03
-2.047014715967373708e-03
4.175428403801828038e-03
-2.001406006611245250e-03
-1.263274869627959698e-03
1.308830260513442305e-02
7.500115676468394445e-04
1.038186167094351563e-03
1.764987956096935977e-03
3.957376063964267339e-03
1.011909840891494008e-02
-6.572022690375714776e-04
4.833347581924188514e-03
-1.966439246193101877e-03
1.911297726093793767e-02
2.344718500149651705e-02
-2.717302812394503230e-03
1.390712566962459080e-03
1.118929462561270381e-03
3.399619077763454088e-03
7.040880548345463882e-03
1.255604836299323984e-02
7.705921468599021690e-03
2.270814440973554886e-03
9.179791860906181059e-03
2.428536285081955501e-02
9.414126646974559087e-03
9.500677547453938859e-03
1.641514223334333139e-02
4.338818915374215157e-03
1.051078394172297488e-02
2.458129283789588920e-03
2.086661568255028174e-04
6.361475868047188065e-03
6.874568074403264971e-03
6.417179603453105480e-03
1.262392957211287865e-02
5.302406027394079152e-03
1.506489658306173554e-02
1.278948367727450464e-02
4.236640926733970663e-03
7.916828874717930786e-03
5.365030668570111398e-03
6.160613576236863460e-03
4.737880371854165384e-03
3.327819158467569451e-03
9.641638912299551126e-03
1.585546718334686703e-02
8.165298508205947464e-03
6.574959634658825505e-03
1.109729241368656409e-02
4.600477183481316464e-03
7.107743121503722582e-03
-2.772267307169856525e-03
7.601272643147530088e-03
2.315490797991309399e-02
1.561651587193511534e-02
3.633770901237898688e-03
5.589195363981083048e-03
1.757437731506726218e-03
1.624655473258895203e-03
1.667247257471071720e-02
3.269869189123544850e-03
5.617452571923419423e-03
3.702235380845073261e-03
8.597373686180470684e-04
2.632711636126704299e-04
1.517399473930538742e-02
1.365707687362620673e-03
6.958133835224798204e-04
2.187478620506152181e-03
4.525464044968299793e-03
3.853308714504031195e-03
3.379763432814235878e-03
-2.087367411998217355e-03
4.713842205002425614e-04
4.615399925401275638e-03
3.164979427564780512e-03
3.063651180296989821e-04
-9.792035000739966397e-04
1.705951791469651965e-02
2.807039625997538417e-03
7.897763720315512451e-03
3.441555507032464847e-03
1.468204406061042076e-03
-1.501627446020321541e-03
5.897509208074034129e-03
3.003167831948788235e-03
1.673436183207551581e-02
2.464091067066169309e-03
1.392469938755471967e-02
3.905533695737894474e-03
1.720744356817651343e-03
3.752967519537876544e-03
-1.213531676407736577e-03
4.848301512621711745e-03
8.633253845457284498e-03
2.183589556414310129e-03
9.739758917326429496e-03
4.762375668626325428e-03
7.175795569692877511e-03
-1.905153890090743711e-04
8.207604875257686061e-03
6.747126513560532633e-03
6.554389929167727877e-03
1.123351689637610553e-03
-6.568834438210639174e-04
2.782368717772111186e-03
1.214933601905669042e-03
7.285244580083509620e-03
4.740100116166722638e-03
-1.445916093189857955e-04
6.124681561104490003e-03
4.218665895639025533e-03
1.488294047681833340e-03
1.371242994074240058e-02
3.019790360678654105e-03
-5.669732369210635182e-04
9.962534993210514153e-03
5.209475668940681363e-03
6.404181110063291923e-03
3.993877295897355073e-03
3.169680362426340915e-03
5.363793748601844956e-03
5.683736224477139130e-03
-3.245619307115447374e-04
5.552228915311139580e-03
1.274876953915552065e-02
9.598680479232308410e-03
1.024392507219345355e-02
5.546067312493778260e-03
6.041153227272016805e-03
-1.482638435358561149e-04
5.045169132297150187e-03
1.604202891592131607e-04
9.051692854777576916e-03
1.981239401977389453e-04
-5.837513710979178863e-04
6.838445556893122399e-04
6.372890214462027542e-04
4.801417282099496205e-03
2.303196507996688961e-03
9.344991001048925244e-03
-6.068112633706719116e-04
-1.682702460191821394e-03
-3.622664486740496590e-04
8.015269364406496511e-03
3.798293525825072615e-03
1.163626979051160960e-03
8.117156122295695209e-04
1.053899428276240061e-03
2.019254874164031800e-03
4.383358692719039641e-03
6.596770183081663609e-03
6.571562662702736847e-03
5.946849149297116048e-03
1.488640022571886910e-03
-2.752667550929504365e-04
-1.183030427866544557e-03
1.014712423366290368e-02
-1.696779458491806843e-03
5.084538119894901724e-03
-5.132369925012427890e-04
1.186642395345266325e-02
1.398942211483293618e-02
6.682672285442729093e-03
1.109348865146541317e-02
4.306376476158690382e-03
7.659139684431043663e-04
2.382755326824267592e-03
5.083836223158891970e-03
-8.946927224315886096e-04
3.331306713286918703e-03
3.744828430421398135e-03
9.356459996377488025e-04
3.814695391853079390e-03
5.419792070142367274e-03
5.649922814858029940e-03
2.289273649420040403e-03
1.924830426138970452e-03
2.403604634360773703e-03
-9.345065809196987251e-04
4.777914136636399536e-03
8.664853728723147935e-03
5.021138903913926642e-04
7.461056762214029288e-04
6.524685754128720094e-03
5.074182776492271521e-03
1.264384912017653233e-02
1.108374500654476895e-02
5.810080394344354499e-03
-2.547456557266715004e-03
-1.861064513128150378e-03
8.748431412554930195e-04
2.560392666889662727e-03
1.113804643639785055e-02
1.564271066929596998e-02
1.285858587900841170e-02
2.126428656623379626e-02
3.414289080480547613e-03
8.603287997872077764e-03
9.267635272163895349e-03
2.945935724748511859e-03
4.980893681027854028e-03
9.132594657645673117e-03
-1.485074916622611436e-03
2.442593930205801990e-04
6.885188311259119592e-03
1.082469024079271529e-02
-1.459010568905891748e-03
-8.549497204715119075e-04
-1.365286917000582516e-03
-1.932276552031657064e-03
1.511645669086288807e-03
9.377640969032468438e-03
5.967814598967836372e-03
1.036055214244377062e-02
3.531728383701851146e-03
8.894645597820370966e-03
1.191448373156852756e-03
9.277964237414098453e-03
-1.317224164983249804e-03
1.698315935474704538e-02
1.710747965101035856e-03
4.614271407400105489e-03
1.527508839535887978e-03
1.839703645997075795e-02
9.944767893877267534e-03
4.565769947848516593e-03
8.948915535669458438e-03
-3.854828754268428345e-03
4.682150581023156177e-03
2.338977777589981884e-03
3.359251036256735625e-03
7.719672786317328429e-03
3.675466105095292774e-03
-2.576844778896158084e-03
3.030349794510602598e-03
3.901624590526008322e-04
3.286731198898020651e-03
8.720993418382342460e-03
2.702977410886489400e-03
-3.023565444569214318e-04
1.945894528396425885e-03
-9.475163828524026935e-04
5.529794703304769660e-03
-1.735521562253852703e-05
6.703444936194678013e-04
1.058391330185015720e-03
4.917252480747853413e-03
1.399708521608443337e-04
9.052462548722056343e-03
9.074721290710843422e-03
2.389189683311250360e-03
-2.021430766808641924e-04
3.493032037257176592e-03
5.198718412298983758e-03
5.166850764231097418e-03
3.036162008479553233e-03
5.440824603711439701e-03
4.921653657957936190e-03
-2.951762920314396008e-03
2.105682119882944497e-03
1.552267920247340756e-03
4.079201623505439083e-04
2.188608463434852866e-03
1.620391182208656905e-03
4.993295917129761050e-03
5.090899180431397546e-03
1.072416667671333319e-02
1.352493115224251072e-02
1.055701116938251825e-02
3.609917226078992146e-03
4.336484182766603759e-03
1.933990062787638384e-03
1.274571004237710567e-02
4.951891977458596633e-03
-9.544861689732169786e-04
8.132863091567899688e-03
1.127659555733500144e-02
9.836214467509254641e-03
5.175982838157614473e-03
-1.335990804986568947e-03
1.596401853015730647e-03
2.897680458280123186e-03
7.546377155236146800e-03
-1.600414130487179095e-03
1.722431052357394424e-03
3.089600367227874483e-03
9.178741609922614827e-03
7.749444081892793192e-04
1.161163658537732804e-02
1.316100260211420722e-02
6.677107116074633246e-03
-8.667582586463186889e-04
1.825615207024324383e-03
1.424919833394652606e-02
8.493000856509237348e-03
1.727821723840329560e-02
3.054074515634766594e-03
5.324370407615687008e-03
7.637104767706031586e-04
7.015903596079003414e-03
8.445128056391691326e-03
7.641880946997627218e-03
-2.014633230765204303e-03
1.891125173914172137e-05
8.802267386345820691e-03
2.095230123503165169e-03
1.105573356667395937e-02
7.908733480184939810e-03
5.038911840399678752e-03
1.282034163495154519e-02
1.589216001324150404e-02
8.910805955189641516e-04
1.618465211266512885e-03
1.844273301218316008e-02
8.369417158919112767e-03
1.227456161494426025e-02
4.085199695803760390e-03
1.121413501807664616e-02
-8.909990408916474477e-04
9.848738843928835779e-03
9.967237936375923299e-03
1.215658991318269763e-03
3.581693264803730101e-03
7.321860474739405253e-03
6.466601662195405921e-03
7.745032496766370012e-03
4.148464266772157460e-03
8.173059165605343554e-03
2.872514485537769769e-03
2.346059681317570235e-03
9.032782720150754618e-03
-5.449250193041017300e-03
6.172427664951359895e-03
5.532486742863862092e-03
2.081603117028357828e-04
-1.536320182272991712e-03
1.134989947187842706e-02
6.188008514766853325e-03
-7.227597248688172153e-04
-8.459331711794376967e-04
3.330099672758912157e-04
1.596665468707299945e-02
-5.764548536930036654e-04
-5.772132438233231085e-04
8.633837752927146086e-03
1.175809347051309448e-03
3.176986391147038069e-03
4.330609397758917838e-03
-1.165595969886824021e-03
1.169478422429939650e-02
-2.604976561971145566e-03
7.898690256969143758e-03
1.139374272320697965e-03
9.281355128850744124e-03
1.112593835938895407e-03
4.436993656530347635e-03
-1.762347029378360250e-04
3.862542018193504921e-03
-7.520702313532033872e-04
1.076361224685267425e-02
-1.181917880903892793e-03
2.345489493457930414e-03
3.706014464565298219e-03
4.840242245412291425e-04
5.905065298291538312e-04
2.842148989100388469e-03
1.188206154945698791e-02
6.489883965106490495e-03
3.056767332918935206e-03
8.456082024895329036e-03
2.086943985001494389e-03
4.049710818670551908e-04
3.819130264385712983e-03
1.442755937589610023e-02
5.381014699787814437e-03
7.114348565441845629e-03
1.545208439813942165e-03
5.318263698700973971e-03
-3.433098175889810408e-03
3.323289750456637475e-03
8.280361291012819716e-03
3.741398219848122726e-03
2.991389665586703054e-03
-1.557367205096742147e-03
4.771282818086369434e-03
1.756658974378569934e-03
-1.060614202252328254e-04
3.904041886157488448e-04
9.374373489621375642e-04
7.528489803572250595e-05
2.060833919143302464e-03
1.519279859017898596e-02
3.901953895745913095e-04
6.507486299216425551e-04
1.420448013821908398e-02
7.317214368050632342e-03
4.210408080078113964e-03
4.938883190808819948e-03
-4.816957619758563012e-04
2.494571525416607038e-03
2.104778665461372062e-03
4.495544943844453738e-03
5.153854321396760798e-04
6.005260499748620202e-03
6.861388499618959868e-04
2.707007878342272168e-03
3.673337102690994033e-02
7.700681197225774793e-03
7.018975046346303745e-03
1.260229937953872073e-02
1.025098376450704271e-02
1.446332368694899090e-02
9.969540513652112856e-03
2.934031543948850077e-03
-1.177428046378872859e-03
1.297361818649667327e-02
1.641876915437994085e-03
5.416637193070286509e-03
7.065829985738394589e-03
7.959764621226217418e-03
2.691227527705757159e-03
-1.283256301193978375e-03
3.796586364530661097e-03
7.434242060209420543e-03
8.521877216221286286e-03
1.024183020527585398e-03
-3.386256641911394513e-03
1.165157505569556703e-03
1.716202426309911336e-02
-2.582205608365909042e-03
7.099981936086990908e-03
-5.563643476766648574e-04
-1.556233065397039312e-03
-2.703261965224636534e-03
1.255607864983169022e-03
1.329854209323822443e-02
1.514793618998152387e-03
4.789666187869797559e-03
3.133674774306387592e-03
-8.902978821397138868e-04
2.550214979142645302e-03
4.946089784380592463e-03
1.495931251522206098e-03
-3.837018849134744922e-05
9.634726404309043200e-04
9.601282101996031458e-04
6.080108206949180749e-03
4.279475449382199020e-04
6.782594161299879999e-03
-1.101551443033390448e-03
2.639210664372051529e-04
1.535517039346084248e-03
4.777567440348584886e-04
-1.765459109951655458e-03
3.559003570281907888e-03
7.820103315735637411e-03
1.221654627489834541e-02
-3.883106314563344874e-03
-1.992565595845102169e-04
8.219075771304942823e-03
2.503685917824208414e-03
3.933828508643975354e-03
-1.989467427887918211e-04
2.994794574226397610e-03
-9.195863917338166233e-04
3.476591410136808859e-03
1.499401245498992044e-03
1.529753039446061190e-02
3.838177581205107387e-03
-1.263682214820607613e-03
5.242688712295107134e-03
6.399026537013188624e-03
2.142790855247914475e-03
3.879196868625074332e-04
3.111563483413955049e-03
3.419033479953123393e-03
1.898101156780012885e-02
1.855729223546076154e-03
-6.234087250270112929e-04
1.846397799192995475e-03
-1.149917633944923115e-04
6.109822151510134296e-03
5.209427822930110105e-04
1.837286453570285971e-03
2.933170559501062369e-03
5.977467916888408060e-04
6.174595965152631163e-03
4.511500331716268922e-04
-2.953583138204201848e-04
-1.035823352499718386e-04
3.438755969971304602e-03
2.837107842271491005e-03
2.525350422396662343e-03
8.901447347014557546e-04
1.730709453173385733e-03
-2.803391063180096267e-03
3.807671784554254781e-03
5.774783435698773414e-03
-9.485312245263719574e-04
3.390289906348712551e-03
1.312823258668388733e-02
2.025638681303577535e-03
2.093064459187683052e-02
1.422818003815706431e-02
1.737858595743529966e-02
7.887468319774928668e-03
7.286254535771840776e-03
1.787884877700167321e-03
5.828046518151785288e-03
5.447528577741802625e-04
1.066925952907240346e-03
2.127102086405619277e-03
7.626557261977137854e-03
1.281915431698765285e-04
2.470214119641812173e-03
-1.583810179164411988e-03
6.330638067749363822e-03
-7.164528034528470229e-05
3.712095186037451394e-03
2.359532298626313904e-03
4.091637636908021514e-08
9.223300505568347851e-03
9.686736052670683180e-04
4.607113585347101005e-03
1.943037445373646055e-03
5.943496804976124322e-03
1.078769264027418760e-02
9.299289097354944064e-03
1.569291231349021105e-03
5.179070851091469030e-03
-2.452925699525381528e-03
2.830977035639300685e-03
2.883517108411194890e-03
8.312778746699730093e-04
1.948863033292788996e-03
2.134021756954701879e-03
5.853946168669239662e-03
4.047699939279317607e-03
5.289764399209817732e-03
2.500349263671623398e-03
9.289798582987852590e-03
1.918156444383855956e-03
-1.231226957118550193e-03
1.992720465520264606e-03
3.123486461002531259e-03
7.228116669840787146e-04
-1.227923458987533649e-04
7.764123050937475103e-03
5.390857707577934380e-04
1.320756868488966911e-03
-7.068047885302295059e-04
4.736687567805422314e-03
2.675757170377959966e-03
6.768013234239617960e-03
2.070052870826152250e-03
3.885257048741937169e-03
1.854035635326338168e-03
1.034490334970068239e-02
8.023094119671266098e-04
-7.848145836731308753e-04
-2.464857861862465387e-04
4.801007477978730745e-03
3.169611433433136734e-03
4.030236136910030596e-03
-3.929039874335292157e-03
3.789446511105897756e-03
8.620715552527891210e-04
4.277770949610425633e-05
2.928257648088618444e-03
-4.941119676177643284e-04
6.570800991167111398e-04
-8.035426738369118044e-04
1.057139610846194499e-04
2.056395281031838784e-03
7.209238061297779110e-03
7.810126588007795367e-05
3.576956605264770220e-03
3.630266538599834919e-03
1.032401499476956648e-02
-1.388826909393462675e-04
5.134181416801649649e-04
3.340520799630274790e-03
5.416504716266413305e-03
7.663935623824809709e-03
4.899594413909680356e-04
5.646133464113640109e-03
-2.213662905577366380e-04
1.761945783873852117e-02
-1.541274705449423624e-04
-2.254638410960603870e-03
1.588431137272192269e-03
9.145226784133578604e-03
1.797093653978950678e-03
-3.762998256277142774e-04
9.836036037599265973e-04
6.095395263628800193e-03
1.007530713553018943e-03
1.721544012115100789e-03
8.738442460712442499e-04
1.079998938200689429e-03
5.514062742537661696e-03
-1.547611623705377011e-04
-1.050517059321781589e-04
7.846017972900189499e-04
1.075044775744499496e-03
2.809803709960223246e-04
7.237402237013074516e-03
1.758410833542062594e-03
-1.368034546940651800e-04
3.652140242317995431e-03
2.175938628151271540e-03
4.285197972843311255e-03
4.186952794466953023e-03
5.631257861737199149e-04
5.214848991750729509e-03
3.378444758760723934e-03
7.990133001821673195e-04
2.369615205306077090e-03
-2.823310006987181332e-04
8.449922379280713075e-03
2.875859770725341762e-03
4.665336089615886722e-03
4.755408956788292722e-03
2.434649130434515286e-03
1.734765676611827530e-04
3.941671616305615806e-03
3.637951872383527884e-04
1.510511628487367589e-03
4.197306341087149451e-03
5.046168487091684009e-03
1.490496600187503871e-03
1.462509127424453138e-02
4.800492871991416527e-03
7.107980307725211486e-03
2.625794192342135579e-03
-3.592578497208212020e-03
2.796990729372794433e-03
-3.722197834553530238e-04
2.923596523489340078e-03
2.017309618328861319e-03
1.518743715491715270e-03
1.268784557502558672e-04
7.456950674037948236e-03
5.960038825167152023e-06
2.184313004478606081e-03
-3.870774678661251331e-03
-3.277202824132079313e-03
6.930670226067973255e-03
3.749312411011870676e-03
-1.849667630276989388e-03
6.429462712601438298e-03
1.742825946836397627e-03
-2.294662361019032207e-04
-5.749685824526762877e-03
4.943992946332845771e-03
-1.217344906429910275e-03
3.505101766249177440e-03
1.505080882823263064e-03
-2.193890881995263706e-03
8.300126159235868967e-03
3.748319546645918158e-03
8.880263799295056576e-03
-1.480082911350205557e-03
7.632128661814382986e-03
-1.047344168769424617e-04
-3.407684528084946665e-04
6.529054294631003036e-03
2.566627886982908273e-03
4.242217670084064141e-03
7.145239791855766132e-03
-2.118885642446090723e-03
4.974701583896960072e-03
1.916349937295377948e-03
4.279014175307928151e-03
4.915371749309128610e-04
2.158538270267140475e-04
4.984045627433383342e-03
-1.285075604639579396e-03
-2.620134784588257736e-03
1.070989173740999724e-03
-2.037019242793082236e-03
2.025359368661353628e-03
1.696620561860436027e-03
-3.258580430299829475e-05
-1.768427429102451855e-03
2.921710861336687844e-03
3.853189182625774666e-03
-5.912824027186788746e-04
3.629998974295086181e-03
1.149870234278586520e-02
1.097229426210627121e-02
-9.373034627623472214e-04
-4.452471960600947690e-04
-2.671763413716308350e-03
7.975754491669094157e-03
6.848767094675549047e-03
1.588944252816138533e-04
-2.904669429092242446e-04
2.807580321101716889e-03
1.163543141380305422e-03
-1.706664632474088391e-03
2.269923248746889485e-03
7.364063475877001552e-03
-2.775247682199333699e-03
2.437582315990059409e-03
5.594015471699102446e-03
3.112865044568584316e-03
7.049014159259370596e-03
-7.741856796754157093e-04
9.325549179834470917e-03
-8.195974009198495449e-04
5.215710798993324765e-03
2.541277963957744995e-03
-9.241720257650605638e-04
2.282748537604125522e-03
1.828314235411654734e-03
5.595412952498525494e-03
-1.808509170076178646e-03
1.810974579043740391e-03
-2.663061003315548127e-05
2.557468890706210852e-03
8.973645467881504953e-03
2.184348788201002749e-03
3.049905246580063116e-03
6.130132174175306281e-04
7.216092275854071262e-04
1.097876880978253256e-03
-1.986542276386402909e-04
-1.127039728357382472e-03
9.356036327810905674e-04
6.271850631183948895e-04
4.008486293399949642e-03
3.698911894889677157e-03
2.495339413660735070e-03
2.436389543813519565e-04
2.848859847095559956e-03
1.006705530812736313e-03
-1.383203372241903484e-03
1.808063556108039770e-05
5.521606369623799533e-03
-2.656461613808318561e-03
-1.021048369480157068e-03
-2.855958030098332701e-03
-2.424438086414141581e-03
3.051437470217060110e-04
7.707257309807148161e-03
1.565043374426645408e-03
2.585522921347652506e-03
5.232603142898940678e-03
3.095677009470682505e-04
-1.211510223029115419e-03
6.838946594774112167e-03
8.093898574065381147e-04
1.150941888031647292e-03
7.836330216405393463e-04
3.098791134854360363e-03
-8.649931308225905979e-04
2.116026302908291350e-03
2.748019862709105959e-03
2.591840390194243872e-04
5.502655445355840273e-03
4.314195744875832725e-03
2.589181010627820100e-03
4.253164510300739415e-03
5.376737586627910234e-04
3.559410263397734878e-03
1.635340825569115992e-03
9.572793767792136740e-03
1.314671894502714416e-03
3.673327995055139950e-03
9.963309762458351718e-04
3.814839981190881572e-03
2.613899980933015845e-04
4.079828762184176637e-03
-2.035688717052204413e-03
5.514541519453276808e-04
-1.472513440097231174e-03
5.866125523731468595e-03
2.406413801255316044e-03
3.919799156216192612e-03
1.955315821967362235e-03
-1.678144274088216436e-03
2.366649843380888314e-03
-1.718777232390698156e-03
8.915071060471363917e-04
4.364812684555865151e-03
6.340158626041801984e-03
2.827717171761262756e-03
2.921197457465880224e-03
1.021188594208149655e-02
2.365418188013790508e-03
1.644030686357422820e-03
-7.015029824083318828e-04
9.116319103684454367e-04
6.155121670231140062e-04
1.251373080400627197e-03
9.896480796160725055e-04
5.063237548320723841e-03
-5.459304399386819733e-04
4.667540100014294126e-03
-2.072116376446473535e-03
-3.224820366164804410e-03
2.347747906896738984e-03
2.081303895819465108e-03
1.445282904633069659e-02
3.507786950472157293e-03
-1.294130610959386271e-03
5.002756300889749444e-03
1.785910448617371261e-03
3.937860243404390018e-03
4.123609572337950772e-03
1.451317706931075195e-02
1.444576827259139509e-02
7.951223228753870331e-03
6.593835882347968275e-03
1.488891778397866301e-02
4.659685561448294322e-03
7.810430674868177117e-03
1.903387528262662871e-03
7.308421009956996006e-03
7.249834385935294279e-03
3.637965148741313486e-03
3.259791797761015398e-03
8.145987492664034067e-04
-3.197234991682305688e-04
-1.229142168220095964e-03
1.987625343160052700e-03
8.487476142313233121e-03
1.901962975114005264e-03
2.200438890530460011e-03
-9.692368535527080614e-05
8.041387856022962468e-04
6.819413231142349915e-03
4.463846705718506249e-04
2.159610518371344722e-03
5.197544654795389039e-03
1.065559810472108257e-03
3.507652576518781925e-03
2.234726304769919618e-03
1.175845740611913826e-03
-2.993928923864340582e-04
6.093745489742663328e-03
2.314497355872250826e-04
5.998639133733928500e-03
1.873543685671565442e-02
9.205773527185051250e-03
1.216380770010136794e-02
1.359879198493469180e-02
4.145193887315649917e-03
8.575040382527484434e-03
1.182675665363827448e-02
2.468426186064391886e-03
3.177821466661569574e-03
-3.733723236837999397e-04
6.767623863033323146e-03
2.169278545472305524e-03
4.331357927107691921e-03
9.912174422735935825e-04
-3.576920648620057763e-03
4.246592051195501169e-05
8.514628975902482086e-04
5.267998047231191479e-03
2.365520294673979524e-03
-7.429438993121931060e-04
6.553092202603590967e-03
5.691969356565596341e-03
3.799058425768498705e-03
8.968836007956971666e-04
5.583915897732077104e-03
1.097941336503937410e-03
4.932859813692708206e-03
1.009898242065507788e-04
2.036084866499991188e-03
1.552459519449847026e-03
2.601414289636364181e-03
1.024945186364764095e-03
-1.236769207360494420e-04
1.402325329705272038e-03
1.568244535748801764e-03
-4.598346275141763657e-04
-1.252456612723055985e-03
9.190397919434038776e-03
-8.573239424619876880e-04
2.229757017459105522e-03
1.309475406519871850e-03
1.188158431096022734e-03
-1.418068866738320848e-04
3.462074103942797826e-03
5.517339309277071412e-03
5.073271647069788667e-04
9.447408925208998845e-03
-1.656824655455718014e-03
-2.109259761430568383e-03
-2.268501119770186523e-04
1.590006633882850759e-04
1.431994871827053711e-03
4.959110869450076252e-03
3.390717141710442983e-03
5.965501929270848429e-04
-1.230977937700216806e-04
4.222125725151770195e-04
3.156551947960126257e-03
6.749405517206250905e-04
7.815244864086280663e-03
1.811202005595612986e-03
3.982757046886214493e-03
-2.078905849110446701e-03
2.893190159268880547e-03
1.906794280065350969e-03
7.549642761771077279e-03
1.585087991586284651e-03
3.649866729389687411e-03
-4.184348877268462795e-03
3.418132032707546682e-04
-1.537535312243756055e-03
4.117996815807998916e-03
3.118040378495928484e-03
5.129582357394490456e-03
3.415105243775525250e-03
2.164168949215922177e-04
8.321515518758185528e-03
3.218223062480745494e-03
9.465991875918805141e-04
2.387521452224543057e-03
1.816644971965673816e-03
8.696586559083212958e-05
6.393546763693267430e-03
2.446245578300488763e-03
-8.319677077014627246e-04
-3.290958650320813337e-03
4.264293234058681020e-03
4.129138590910204527e-03
2.306794166082629018e-03
3.234277769391398060e-03
2.945471869509034939e-03
-3.325047584718532519e-03
5.011709795204224993e-03
-4.840266439082247310e-03
9.130458191321821383e-04
-2.397452619676282079e-03
7.968673578885182313e-04
-7.231968750119812262e-04
3.975065953590749615e-03
7.064669659352700894e-03
-8.069780490675377638e-04
1.391215070169263615e-02
3.514154350339787798e-03
4.372751207007414057e-03
2.246710193680281735e-03
3.229930328328267783e-04
9.147638249651508487e-04
3.027483434793793934e-03
8.825515376265221160e-03
4.051636560242011589e-03
-3.053259673272872791e-03
2.631391870344024567e-03
3.763715222624145623e-03
-1.769636717866663895e-03
5.938753311469385614e-03
5.842175545048955421e-03
1.198622191264328259e-03
1.361331941240465689e-03
2.642780971881061695e-03
8.355492681117275815e-04
3.322359318211543910e-03
-1.661451992492435662e-03
-2.775927258113273892e-03
2.610885457995450881e-03
3.470608042386653241e-03
3.950958280788924304e-03
4.845226892779721031e-03
-1.472996197326425453e-03
1.821449226206823396e-03
2.190261353294944285e-03
-3.338470073891551797e-03
-6.336077530877712955e-04
6.312243115240465108e-03
-5.070463710731412188e-04
4.305386533148641143e-03
4.004351583693982648e-03
5.808942315949114192e-03
2.357543994977456033e-03
-6.039719256935166536e-04
-1.542027040841106606e-03
1.479392431270168916e-02
6.155752394401100766e-03
7.714161188640635859e-03
4.635187979709864264e-03
6.725127782006927978e-03
2.406831609501038083e-03
6.290753126419711995e-03
-1.684090096937253429e-03
3.619231260732622872e-04
3.323228804304248322e-03
1.346660038057806083e-02
5.502147958749083363e-03
6.096328837853319527e-03
3.174975894487074707e-03
6.251125990303691218e-03
3.054259686334464229e-03
1.729480829014827525e-02
-1.677880069653728181e-03
2.030176957475038346e-03
-1.387322042344346206e-03
8.069798215028359256e-03
4.802721606438303467e-03
1.198523947780013102e-02
5.228137685597472779e-03
2.438270408903451007e-04
4.702380312855189599e-03
5.949994899805037887e-03
-3.221258645003018941e-04
1.003308527068800561e-02
7.416975456457294835e-03
3.582809125912603428e-03
-7.299025542506801202e-04
6.406328836429869139e-03
3.017924184982553534e-03
3.402797294768878517e-03
3.532197176331732576e-05
-3.592129834285828468e-04
8.565493554435114551e-03
1.262564881762401510e-02
-7.297674608427175916e-04
1.407275797730183665e-02
1.103922069441892143e-03
-6.716638929919509704e-04
3.609611841627635622e-03
-7.509465292377190274e-04
5.143262398731552124e-03
5.447924143781826545e-03
1.541233164796576485e-03
4.581432647901649731e-03
3.843058545672317552e-03
2.188007982335151650e-03
3.333775746858392598e-03
1.072521130456505212e-02
3.244602710342363999e-03
5.702167572026799365e-03
