0.000000000000000000e+00
0.000000000000000000e+00
0.000000000000000000e+00
0.000000000000000000e+00
0.000000000000000000e+00
0.000000000000000000e+00
0.000000000000000000e+00
0.000000000000000000e+00
0.000000000000000000e+00
0.000000000000000000e+00
0.000000000000000000e+00
0.000000000000000000e+00
0.000000000000000000e+00
0.000000000000000000e+00
0.000000000000000000e+00
0.000000000000000000e+00
0.000000000000000000e+00
0.000000000000000000e+00
0.000000000000000000e+00
0.000000000000000000e+00
0.000000000000000000e+00
0.000000000000000000e+00
0.000000000000000000e+00
0.000000000000000000e+00
0.000000000000000000e+00
0.000000000000000000e+00
0.000000000000000000e+00
0.000000000000000000e+00
0.000000000000000000e+00
0.000000000000000000e+00
0.000000000000000000e+00
0.000000000000000000e+00
0.000000000000000000e+00
0.000000000000000000e+00
0.000000000000000000e+00
0.000000000000000000e+00
0.000000000000000000e+00
0.000000000000000000e+00
0.000000000000000000e+00
0.000000000000000000e+00
0.000000000000000000e+00
0.000000000000000000e+00
0.000000000000000000e+00
0.000000000000000000e+00
0.000000000000000000e+00
0.000000000000000000e+00
0.000000000000000000e+00
0.000000000000000000e+00
0.000000000000000000e+00
0.000000000000000000e+00
0.000000000000000000e+00
0.000000000000000000e+00
0.000000000000000000e+00
0.000000000000000000e+00
0.000000000000000000e+00
0.000000000000000000e+00
0.000000000000000000e+00
0.000000000000000000e+00
0.000000000000000000e+00
0.000000000000000000e+00
7.953026172870021225e-04
1.161743375643173662e-02
9.065281271734736829e-03
-2.167129121360192139e-03
9.115909951141875495e-03
-8.222188094657190572e-04
8.542903108360852538e-03
6.224771327429055694e-03
-3.666701880382017471e-04
8.829286036238614965e-03
2.289603019638683339e-03
2.808727758603334068e-02
7.625144674785352093e-04
2.681180682694055389e-03
6.694848875780665641e-03
2.625599244240707682e-03
3.028260661549451570e-03
4.549114024503641673e-04
2.109592798606160433e-02
4.738414668651011984e-03
1.286612840461848380e-02
1.080117658792141208e-02
5.392930609100287341e-03
4.067968843642328497e-02
1.728906888464047317e-02
3.304630468354647493e-02
2.804971244420910448e-02
4.252835095580261709e-02
2.996985047862795945e-02
1.011912267576218008e-02
8.810350383725476520e-03
1.512490425629751424e-02
1.005640285745980876e-02
1.295723815521364862e-02
2.383617528531077612e-02
3.628655853329591785e-02
2.831397064813010248e-02
7.369754074127524493e-03
3.205542995359170547e-03
4.052155824283794859e-03
4.584921901779075160e-02
5.364924972463414564e-03
6.327609966741577947e-03
8.802798862292272875e-03
9.380166949776622479e-03
3.065492745841700423e-02
2.131076264786199714e-02
8.137826222400348919e-03
3.262638064734426149e-03
2.046283938836898630e-02
5.087590437742800682e-03
3.388420917549732000e-05
1.695447138428080036e-02
1.534994470451754621e-03
3.261126289242081283e-03
1.054005514621849521e-02
1.765841161707843582e-02
9.518189362558097943e-03
3.473794044761265541e-03
7.953130566320368300e-03
9.115690915488437740e-03
7.696451455236829123e-03
2.793002513038508883e-02
8.427093089866102490e-03
3.286797200477849928e-02
2.627026279772582459e-03
1.041227285844048209e-02
1.663600765839981510e-02
1.571317758429151756e-03
5.136428837179390222e-03
1.150420033699533053e-03
-1.448178208488275958e-03
1.018479280137193476e-03
2.470013851336321387e-03
2.218134941526104034e-02
-4.973189780028663444e-03
2.659565359398502731e-03
8.749539861790766107e-03
8.697371320591959845e-03
8.178433823720501024e-04
-3.977426607759028052e-03
6.888452288465486944e-04
2.987911465739186145e-03
3.315812885704547477e-03
8.146377276940329829e-03
1.558485685566387419e-02
3.023373753394780795e-03
1.832655917052852150e-03
2.084318634610617463e-03
4.279414369341769456e-03
-4.237105515574827314e-03
5.470645531341637897e-03
1.405536838628705827e-02
4.109428753186370950e-03
2.942335574809992922e-03
6.601489191096550357e-03
-2.017151642771012644e-03
-6.171352768219093548e-04
7.755650562480361117e-03
-1.122409686132840587e-04
3.625757974128757111e-03
1.234977802960222221e-02
7.983992138208266531e-03
4.678222003925195348e-03
6.567158221346436862e-03
7.498900882017156544e-03
5.344286686693490440e-03
1.089331888867640756e-02
5.064226958613068930e-03
-1.163304517170664788e-03
7.922719008895025283e-03
-3.496749304811429520e-03
-5.677446885766384774e-03
-1.284924002375803119e-03
5.200659407699275219e-03
5.311332230891736492e-03
-2.653522782117173932e-04
2.270655499462297805e-03
-1.741304220339402536e-04
-5.840336546771365822e-03
5.962133201210683200e-03
2.672274193157942856e-03
1.799216176154422829e-03
3.576362144810254530e-03
5.681302734200885038e-03
4.608469222016616483e-03
-6.044823636726802309e-04
-1.163727364273872385e-03
3.602890498094910889e-03
1.420573727329026712e-03
8.828220788866924379e-03
6.266094223320735866e-03
-2.875417076684986389e-03
1.345676131218595528e-02
1.118349787461125205e-03
-2.690497183635692509e-04
1.755047478236715667e-03
6.723942032229788396e-03
4.947892297010021787e-04
3.134993397114010059e-03
1.709364741563397516e-02
8.341591681564047150e-03
7.279925477609117644e-03
3.068013376959530941e-03
4.053792040347749953e-03
2.623718386890635124e-03
2.211279746954085846e-03
6.464227429412936973e-03
8.584319427453229040e-03
-3.891448759290129945e-03
4.764733153190424050e-03
-3.073738324948629107e-03
2.789793743212659258e-02
5.135771470736055951e-03
1.241256971277381223e-02
8.140374255811221732e-03
2.997838827817941431e-04
5.302812441598040751e-03
1.705198309759609412e-02
1.205507146486644405e-03
1.236867567841542191e-02
-2.469964855452596187e-03
1.959908444689768131e-02
1.212828626323102319e-03
4.736254053728477034e-03
1.344084981843598342e-02
-5.824098906180014482e-03
9.500630320956748517e-03
2.969309057143151593e-03
1.098505965276042398e-02
7.247708818216310085e-03
2.465133282189527382e-03
6.748916851118966741e-03
8.027356984176021309e-03
1.209414243326804340e-02
7.309654821294486477e-04
3.084569834728643958e-03
-3.789433480333298347e-03
6.673724855266948211e-03
-2.193275841892298669e-03
5.279358816601798822e-03
1.916261122287664202e-03
3.636523223890037165e-03
2.847246162784706179e-03
-8.557673289132919012e-04
-1.178580857505779960e-03
-7.231975955192022779e-04
2.450490238027056879e-03
1.188046688393747108e-02
7.655939253217737203e-03
-1.181418737999824498e-03
5.033221845067308714e-03
3.812234820175175454e-03
1.144581555433378181e-02
4.480137409538399208e-03
2.861875542873899315e-03
4.164696087445739735e-03
4.837154956374681465e-03
6.465401893084022494e-03
3.804236580899412676e-03
1.327489569060307482e-02
-1.158958184946739210e-03
1.541448180882492962e-03
4.707583571830949339e-03
1.296866733485829704e-02
4.778276273441916383e-03
-3.204033094351435313e-03
1.251642578444565976e-03
1.304016267151365469e-02
-2.550626700916787566e-03
1.918205801052432630e-02
1.541267988872662168e-03
1.208025460094056501e-02
1.364926781238280261e-04
7.299855566946403078e-03
9.525465589810648559e-04
1.489026188593142903e-03
8.309972521449649624e-03
7.054100285004524101e-03
2.682037723636703473e-03
-5.665664791185495534e-03
7.695803910438351637e-03
3.373478602208733034e-03
-2.394604226746684626e-03
1.311576519270451352e-02
9.201855263456133749e-03
1.835544673838123905e-02
5.347655120320125161e-03
1.146886017697303257e-02
1.625097549542700581e-02
3.940019920086762321e-03
1.140023828890488443e-02
2.714666909695176520e-03
1.473712850381892576e-03
1.000214177134163204e-02
7.437752734111748552e-03
-4.531478894318339244e-03
2.267089593159303269e-03
1.016454512216940706e-02
-1.027947061183272616e-03
5.044463473012916494e-04
4.451244651426582849e-03
1.117187601766465865e-02
-8.557138971205270877e-04
6.425534771747004950e-03
1.116192211720302106e-02
1.910786562171562812e-03
9.632691675555183491e-03
1.121590154931909099e-03
1.634412051010311227e-03
-3.175290856845002820e-04
-3.793714827671732914e-03
3.959495785139518012e-03
1.145825577292891063e-03
8.226692837480778162e-04
4.368961936702151806e-03
9.062265326815324706e-03
4.417865308036207639e-03
6.978205654041766404e-04
7.099192972096029369e-03
9.433294316831939861e-04
4.918285008112544161e-03
4.759770835456492155e-03
1.034615004226571711e-02
8.706230700998615624e-03
9.532414897841021487e-03
4.326369357763349376e-03
1.206516336029653420e-02
8.373052334437018629e-03
2.977595438131383151e-03
-7.323581249027046394e-03
1.980387160767714885e-02
3.739545666927854024e-03
3.911152961722799692e-03
1.838932483916368849e-02
9.216648306549659816e-03
1.177120448901117569e-02
3.005350218114706540e-02
6.466132723334331103e-03
1.861821234316559173e-02
-7.091093132838750552e-04
2.658561613724439582e-02
5.145977549099128509e-03
1.194261995136171838e-02
1.174131348277603418e-02
2.017410575898879554e-04
9.284144159716857178e-03
1.241056890274077913e-03
5.417521318150065116e-03
7.890834752275135630e-03
1.187309927539782241e-02
9.442992497291349471e-03
-3.206638502139022573e-03
1.436263755137717237e-03
-3.380265688152712250e-03
1.344859407291674504e-02
-4.487019326580648018e-03
5.831321792126524517e-03
7.727396803712877592e-03
2.911532878434590788e-04
3.882533945763816732e-03
1.127773413629759450e-03
1.066797875406821396e-02
-1.492394380799869904e-03
1.283046231787431969e-02
1.018319720632937693e-02
1.689060701663337065e-03
2.569977590231470235e-03
9.222472933714161982e-04
-4.991510086329979841e-03
3.867610652501867700e-03
4.896954189815888939e-03
7.181246394961675848e-03
3.332375710158960551e-03
2.378356006365407640e-05
1.058042915887438991e-02
-6.545596550871073463e-03
3.697832640408333423e-03
1.167876242739336774e-02
2.156309231380292447e-03
3.860518663763317163e-03
5.973318265306185905e-03
1.571724710392188168e-02
5.157540743403902193e-03
2.101385075122095061e-02
6.418842826235527169e-03
5.527679967172317681e-03
1.442650537951134515e-02
5.985467732659805612e-03
5.562515386199741972e-03
-4.516579608803595811e-03
4.876028942091998296e-03
2.198401023312601850e-03
7.772424561812957917e-04
8.041853751512966289e-03
1.393267036298444618e-03
3.855555856494820039e-03
2.076951029535024223e-03
2.351030541289239953e-02
1.905918116582067286e-03
3.347071767029369954e-02
4.705678695738610418e-03
4.034065588540113045e-02
1.970843161180627426e-02
3.516093079945850630e-02
1.804732538695500224e-02
4.560790149952860355e-03
1.090468654774920734e-02
8.406488155948103544e-03
3.212072796013793786e-03
3.128420875932224482e-02
1.657001303989058191e-02
7.946829687140777310e-03
-8.815411642276567428e-03
-4.138750060564961100e-03
1.396182875285259355e-02
5.779309962186864741e-03
-1.379915974282676545e-02
1.478535504896888800e-02
1.865281385299262865e-03
4.421427714008732690e-03
2.154856615040971410e-02
5.215606608970278085e-03
8.254146502097766541e-03
1.355261289336576365e-02
6.511518290713872240e-03
1.087827101613103326e-03
5.863988999160883904e-03
1.936345889254910391e-04
-2.896711962803420054e-03
2.196350462214065324e-03
3.219861882910769312e-03
5.397631287320395731e-03
1.039286672220818449e-02
4.524827369243046571e-02
6.858162635253221839e-02
-1.837342638290852736e-04
1.495880969928767117e-02
2.757496240264017962e-02
1.507132885119868981e-02
2.212810079157720086e-02
1.549533653512471555e-02
-1.215462862652692821e-02
9.967447271341122253e-03
2.251715149651839151e-02
-2.491661848703580120e-03
2.305224411965588194e-02
-1.496859981106525139e-03
7.763407554060220393e-03
1.495801141480188621e-03
7.162265030770575448e-03
1.096659638499205766e-02
4.808417102890850622e-04
4.932172281001810654e-03
3.509084971917670898e-03
5.869698601277967102e-03
6.436502197472992147e-03
2.337896604840105155e-02
7.061511278400728168e-03
1.498014130429486078e-02
7.622122332243033704e-03
1.737202052054695120e-02
1.810085394808159248e-02
1.579792275023855427e-02
8.335180182326682591e-03
1.168781971874160823e-03
1.329216279604397179e-02
-5.050203276998678839e-03
2.133183005589360179e-02
-2.575536219372135706e-03
7.801403795371488446e-03
5.524114030362022899e-03
6.568957419265277604e-05
1.080303413566158915e-02
2.608465503429557159e-02
-5.191216100640809504e-04
9.567759345397429740e-03
7.571368945414827349e-03
1.529659541659854349e-02
2.173086577057505259e-04
1.775270696191435377e-02
3.639054508742248705e-05
2.773118223726456916e-02
-1.057574950809870434e-03
3.422365681406887208e-03
-3.945243140743026795e-03
5.598070309586379231e-03
3.500267348250048530e-04
1.416564852302673420e-02
-7.990328714938946253e-03
1.568303545446948083e-02
4.824037434185869319e-03
1.810013675101046493e-02
-1.456314535175586792e-03
1.191433725106826741e-02
1.045831153290127137e-02
2.366796821646459728e-02
1.638371996641630347e-03
-1.983746862651262696e-03
-1.888041617058473136e-03
6.860720237346822157e-04
1.122006299758076045e-02
5.935226052887810494e-03
1.063374998769310272e-03
3.433460186250010537e-02
-7.476960092545678746e-04
3.829890314200633684e-03
3.140278468585190434e-03
-1.787993326287628734e-03
1.717783866893843672e-02
2.639089005986716176e-03
3.778560777131969163e-04
8.780059618309958786e-04
6.276456202970215857e-03
1.257317646597543893e-02
1.791937905427063360e-03
2.399847309618519109e-02
-1.695622676475830250e-04
-3.277600686209851833e-03
1.406230979031504111e-02
4.204538080428964555e-03
5.888151314696494013e-03
1.134281568750054165e-04
7.778861366433157884e-04
6.726039998856029635e-03
6.879159786196456169e-03
4.146868433218561453e-03
1.553137411876163824e-03
6.706337743247011395e-03
-4.345436204968774856e-03
-6.062626461541825587e-04
6.748226499326426958e-03
-6.663737929461497657e-04
1.572863649879646490e-03
-1.524066386662313686e-04
-6.430101879238752033e-04
-2.838398880691461821e-03
1.423252538045808278e-02
3.436619922742234316e-03
6.532634312361281642e-03
-2.378710444258913103e-03
2.227927542199708948e-03
1.687586543955950369e-02
1.574418357160604562e-02
1.040384087087003334e-02
1.880809427078604249e-04
5.855608704828939130e-03
1.071065482203169272e-02
2.318037736434555053e-03
5.807566148163946507e-03
2.102886177548582165e-03
-1.878944781458594950e-04
2.292625864456627333e-03
1.874468944365891270e-03
-8.589868119229993786e-06
9.826637076215431147e-04
4.595510403395114537e-04
3.651165858175475613e-03
9.442716703567777909e-04
4.851029053187280726e-03
8.074606058803166994e-03
1.114721600560845613e-02
5.640645645600982951e-04
2.563272778585954509e-03
2.239584111647774552e-03
2.191175361680726234e-03
1.079876131715946756e-03
1.500984932547480988e-03
1.603640086632611428e-02
1.416570335875967472e-03
1.160919459606923193e-02
1.240684695397236553e-02
2.060286661299573410e-03
1.133668116527763656e-02
1.176685248873932804e-02
3.966940649777171701e-03
7.014015858758307700e-03
1.349105098030610938e-03
4.206655907123152752e-03
-8.391160406899076003e-04
1.251638834901263285e-02
-1.563468817386506286e-03
6.434623578815883670e-03
9.713262144948890849e-04
6.522728619231935900e-04
1.339982786908464367e-03
-2.980406596331072744e-03
-1.359952570638090809e-03
5.539126162681466507e-03
1.062180951877637891e-02
6.391150116900868282e-05
7.740213269179101879e-03
4.673546770702582259e-03
-9.284735730493029688e-04
4.779824740989513029e-03
1.464161851463057461e-02
7.342576669212961052e-03
6.743409840425181392e-03
1.970698511430411456e-02
1.122699970916670939e-02
1.434587066312841344e-02
7.513886050107614241e-03
4.623498839624725840e-03
1.973029710792693209e-03
3.600732806902643812e-03
8.954213195411077006e-03
9.377061919774635698e-03
1.507019645760964517e-03
2.092877776260794465e-02
-1.467428679499862415e-03
3.624555732903144215e-03
1.775214577795956872e-02
1.116467674696575152e-02
2.532871230685309737e-03
5.119650443328439826e-03
8.743216753888715179e-03
1.313674539045004081e-03
2.902251849080778132e-03
4.677442014159272250e-03
1.268746022046739717e-03
4.022023961688396890e-03
-2.017213847072127624e-03
1.854797725149691726e-02
4.239287220535771505e-03
1.273332405553341540e-02
-4.729861985238946985e-03
-7.092139695219650854e-04
3.306435988813002762e-03
2.530594674097418756e-02
1.021313924105095869e-03
1.295817522452585857e-02
1.576314477542829816e-03
6.077431607084732637e-03
2.971208074210597658e-03
3.960873234318726052e-03
1.943984169332214429e-03
5.349428736746818756e-03
6.237278196143731211e-03
1.321499843060151922e-03
-1.838873405797658046e-03
6.204267956948904955e-04
3.685223733330266361e-03
7.674447193031896930e-03
8.623764215878619577e-03
3.628132487915035689e-03
6.759998380717537926e-03
7.921058743096528673e-03
1.193851566958641607e-02
1.107226324092946274e-03
-1.996712851739298761e-03
-4.510489434217275755e-04
-6.987793458474803867e-04
1.406119550171300997e-02
2.817105386368003216e-04
8.534201297075844333e-04
-6.221634844548943992e-04
1.044473323414698857e-03
-7.937672892411756255e-04
-1.538771688633393123e-03
1.607357246119957435e-04
1.237683887315485683e-03
4.442152278498842470e-03
4.185105946339828711e-04
7.776427717907590832e-03
5.230039165645765896e-03
8.111021089485756855e-03
8.835359199306537514e-03
3.471582896601065277e-04
1.856898070971025553e-03
2.025856397826234986e-03
-1.744979140893596938e-03
1.797109387618243351e-03
1.692890954094905878e-02
4.514048384071430581e-03
4.977119679486637863e-04
3.246209206355725376e-03
1.187560086296459046e-02
3.996496585733487310e-03
-1.392077311029243621e-03
-2.497476722970229466e-03
2.009711768248366448e-02
1.296516949595196474e-03
-3.149600199520360966e-04
5.823795840915233814e-03
-9.053386551533707883e-04
1.087111472251341528e-03
-5.118010966865755088e-04
-6.282991971147103196e-04
4.858882371411012320e-03
2.258692043452685538e-03
1.060029601018800706e-02
1.035365808703953960e-03
2.476559176769668053e-03
-1.579209254387684567e-03
1.876888523158594521e-03
7.356633914371921504e-03
-4.632554599564740402e-05
3.052634055715102487e-03
2.610759951528172050e-03
1.826376213042926180e-03
4.395797017884715201e-04
-1.531261358821911544e-03
-5.895400948688097990e-03
6.476685888339292138e-03
4.092706171882726576e-03
6.912238969098047055e-04
9.014981689169860105e-03
3.132526292980567385e-03
3.738985173231268097e-03
-4.895368100708064919e-04
6.045387430032516697e-03
-6.287729352489992204e-04
3.161149253231842864e-03
2.762572640024170412e-03
1.530530013040251386e-03
2.482667459534898449e-03
1.254665638581231243e-02
1.011370641435836888e-02
1.090480561867365923e-02
-8.759068810975357785e-05
-2.136014643191345985e-03
1.993160685678187737e-03
6.183543245830982853e-03
-1.478152999334229455e-03
-1.269513113215021017e-03
1.175724199506800009e-02
3.869689473872872849e-05
7.025514469269327888e-04
8.392286521712579925e-03
-3.682114035773611073e-04
7.644181345583464515e-04
-2.818247250881973469e-03
5.072448713578614835e-03
-2.274288022212144628e-03
7.689427910863334825e-04
-3.859646063672320126e-04
1.728742087969039947e-03
1.824260895187535068e-03
2.923797188697450141e-03
1.439511516511051250e-03
5.994136197430447810e-04
2.451545920928145661e-03
-2.549282268330645075e-04
2.049156462930454606e-04
3.737383992208942116e-03
6.192857876056808331e-05
-9.780298400414947496e-04
-7.827870505527243991e-03
4.390365862855833898e-03
-2.081909763861087615e-04
2.759239153472913333e-03
1.993607989507426188e-03
-1.060295117935588323e-03
6.936767064301823348e-03
1.095585854624851231e-02
-5.977563583353759803e-04
-1.427580230509165700e-03
5.452271839662359244e-05
4.628747284131104825e-03
-1.484452845629607607e-03
5.821531152511450966e-03
-7.714637008105419864e-04
5.745839495485031458e-03
4.791183911430891770e-03
3.821620718309926424e-05
1.857250845135373319e-03
3.330789606745518426e-04
8.959061667365216409e-04
-6.740561122175678377e-04
3.721977962887746110e-04
4.047555128157233947e-04
-6.910453936999610275e-05
6.709962800616618879e-04
5.565738325117869020e-03
-2.417326107801860344e-03
-2.956031690799897776e-03
7.434307466860749086e-03
-3.637899086522606348e-03
1.406154165801060552e-03
3.430981385889468106e-04
-1.997195411812979337e-03
-8.055459067741880304e-04
1.804525735441399694e-04
-4.284585457373946485e-03
-7.017448344880007497e-04
1.735272559577191384e-03
-3.367525515786828514e-04
9.126545874382125528e-03
7.528023797439586592e-03
-3.572031326526838371e-03
9.261989356757524550e-03
5.406337117937648137e-03
-5.733205691888637427e-03
3.743138826172290323e-03
-1.044171428685267610e-03
1.788966029626894161e-03
3.948662293642516037e-03
5.208524611152993630e-03
-2.426184443652473332e-03
-8.252057840266716808e-04
1.477137122635115065e-03
5.578353913067619213e-03
3.818360159142833270e-04
-1.532021824126091536e-03
3.143009021257190012e-03
5.377135535983070327e-03
3.022903536248068047e-03
-2.651685247342217000e-03
5.439376820584089500e-03
-8.001801461082313615e-04
1.070014772012249475e-04
-5.381942033878955867e-03
3.604425590817011710e-04
-8.419572442031436578e-04
5.883559137152814290e-03
-3.013011124059909816e-03
3.390653207610743250e-03
8.757235345765375682e-04
8.070378577169211309e-03
-5.074832771268838116e-04
1.039630522136689335e-02
2.477014579691280693e-03
-3.482462055111920207e-05
1.983313137654561450e-02
5.509059079736229603e-02
1.140752380451750397e-02
7.609120278404938459e-03
5.178477032373219463e-03
5.187339998006182049e-03
7.795150571893203623e-03
-2.661895049608338330e-03
3.201796143915031177e-03
1.600403131148073893e-02
2.602285925873918521e-04
2.823998574525913696e-03
-4.522036915847431858e-03
5.975114466499716580e-03
1.586652478933556036e-03
8.112288897359995823e-03
-7.267538533631823228e-04
-1.899665039230969852e-03
-9.920044728711796024e-04
2.443577966653449722e-03
-1.121811160461913840e-03
1.904660928570012842e-03
-1.723740336167736958e-03
1.302635887443615026e-02
6.197091387603566922e-04
5.520511631434050527e-03
1.637845540974983138e-02
6.356122915359477092e-03
4.672818504848898387e-03
5.231905663397207196e-03
3.275450203825901099e-03
-2.073844814229442151e-03
6.840585799224732123e-03
1.443452663192412028e-03
9.579778619681237478e-03
1.674461191225437313e-03
6.655305858803540683e-03
6.985232857830031908e-03
-3.699793347096891859e-03
1.403872892653042909e-02
5.654309184766094509e-03
7.379544286288648204e-03
4.732944725851145895e-03
9.690844591644593234e-03
4.748859485117668498e-03
4.682376554526492679e-03
2.799125287184085938e-03
1.024781007238508013e-02
4.111170573504508569e-02
-9.583461889961823136e-04
1.256172834820606411e-02
6.809373131806801226e-03
3.043051829688908638e-02
8.445367397683036306e-03
3.125149900887360527e-02
3.977501545336751924e-03
1.777847645761080177e-03
5.051810802212961318e-03
3.012958920436475257e-02
5.772645418724069166e-03
7.461943146736886058e-03
6.391627562462691425e-04
3.674161495572155628e-02
-7.129454678583109972e-04
4.527050457962503334e-03
9.609157751868278256e-04
1.867195123035238343e-03
3.224599531920164467e-03
8.248716215851504760e-03
2.528354231716060593e-02
4.814631967399560404e-03
7.510270610651718741e-03
-5.963687748712900773e-04
2.060500612692606551e-03
5.360583997415445737e-03
1.609652255742536134e-03
1.690343812377928349e-04
6.895523173316585232e-04
2.170110683927732424e-03
2.689541075237024230e-03
4.403907090337082415e-04
3.174071288862110544e-03
2.086469223134710532e-02
2.715295646034144098e-03
2.051046949430547495e-02
4.816559592269085976e-03
8.033321023485398907e-03
1.579635147810259932e-02
3.906589873595951896e-03
4.596105444467247364e-03
-4.118177776229000231e-04
8.931415285646168017e-03
4.791882470046611789e-03
1.822022564167949735e-02
4.581778421860631390e-03
1.119929169126311803e-02
-8.641378393924997996e-04
5.167751426775164629e-03
-1.439003977098638224e-04
1.145801691348739999e-02
4.769928128163908841e-04
-6.583450059062161651e-03
8.268710799085834257e-03
9.832399226736178791e-03
5.004639756062407956e-03
1.616216683028294044e-03
1.344022999928649181e-02
-4.429639602643668230e-04
9.079194532162938999e-04
1.749108983500098071e-03
3.273697243421510444e-02
-1.714063036615680151e-03
1.170848029222604225e-02
-1.742199723071380217e-04
3.359845976494373401e-03
4.511095346459170069e-03
-4.096649575777337217e-03
4.928038105426611921e-03
1.318262810409239231e-03
-3.237877583966329836e-03
9.796891401537773797e-03
1.833217091094419167e-03
1.720755779965951445e-03
9.674927977827454256e-03
4.336446116154189442e-03
3.684315068423639873e-04
8.493901730759147086e-04
-5.975646293178349042e-03
-2.083490636738550682e-03
4.153802558813510931e-03
-6.299481132351967931e-04
1.343861891217042366e-02
3.413558772799429723e-04
4.412129690393770676e-03
6.471012964935417104e-03
5.434143308866882377e-03
1.599119328006114431e-03
-1.205785370021657862e-03
-1.591931795934387181e-03
-1.288698232038926715e-03
1.387354884696125534e-03
3.281781882057141844e-03
-1.866896821799466635e-03
-2.266141973023593284e-03
3.725813066978813683e-03
8.186758560263997665e-04
3.318952989562305375e-03
-2.065071122045883303e-03
-2.367512645154554889e-04
3.298683167938205396e-04
1.643447437267249673e-03
8.434010948316498710e-03
1.510663796957560688e-03
-1.762534865993048167e-03
4.704261326766709991e-04
-4.991523269736064528e-03
1.612417388160408867e-03
-5.093968156471840843e-04
3.572810190863130470e-03
-3.429602131903122016e-04
-4.203460534875630775e-03
2.343522645469811073e-03
5.737243440899470089e-03
1.401345864908238367e-03
1.097552214413718800e-02
-2.371541716817946593e-03
2.493601719689921177e-04
7.365650282553901779e-03
1.034680823589854623e-02
4.073169321444860928e-03
3.920006478892780651e-03
3.767613952668653551e-03
5.101106278646995451e-03
1.873023984460547181e-04
-6.572235344002145402e-03
3.574690581732617098e-03
4.227516937717269892e-03
-2.773423061120484229e-03
2.465645783191083742e-04
2.805093193779306226e-03
-1.318752615279241260e-03
-6.219272076973538736e-04
-2.621974780910132138e-03
1.579433751042253614e-02
4.712230324161283297e-03
2.528233302998782704e-03
-3.892763416568840226e-03
-3.556719751210845552e-03
2.608757137720682691e-03
1.022995376327175306e-02
8.797641092310079861e-03
-8.328745303801461664e-03
-1.326970595098027296e-03
9.922773532658329954e-04
4.194548141721839325e-03
-1.034792698081973827e-03
-4.033343691902437252e-03
1.103320319108849062e-02
1.073419213883808863e-02
8.268251532551869690e-04
-1.847056949908184361e-04
8.490067640588488951e-03
-6.591467671010120891e-03
1.277874214370159885e-03
1.244958856573637369e-02
5.291857029435613306e-03
3.398519758244292893e-03
4.177153746514420882e-03
2.070731512926068940e-03
-9.422671488418341446e-05
6.047756406284839591e-03
-1.579214512497393707e-03
5.932510839220665397e-03
1.145941959825209737e-02
6.474759771202384141e-03
-3.890401221094025395e-03
5.411817600523610196e-03
9.633308016537155041e-04
9.212530315568989909e-05
2.442368335418897401e-03
4.272853295014967384e-03
1.292197205460434827e-03
2.398607913642645346e-04
9.784591678115748051e-03
2.628818129915539044e-03
-3.428285872532835904e-04
4.963807061967254880e-03
8.422991440196127711e-04
1.547652917514677137e-03
4.110559080538356974e-03
8.613056448755943006e-03
8.739028050675768516e-03
3.792870790655662305e-03
9.473849099163314177e-04
3.746208204765149284e-03
-3.390289155620258323e-03
2.059532809049562357e-03
3.148025101612952903e-03
9.921120962642002421e-04
2.200306084371246064e-03
6.345746503216984557e-04
4.569469736250268048e-04
1.376249751881904572e-03
-4.149744575327443154e-03
4.687007957864391082e-03
2.871123987612906117e-03
-8.780055130500456512e-04
9.064037241499936851e-03
9.223760822126450369e-04
2.407721918135258179e-03
2.135229156815843504e-03
8.542826619853565936e-03
-2.064775700929635544e-03
2.123103063314962097e-03
1.802528474229935342e-03
6.779570917463791091e-03
3.322755480677338363e-03
3.297458475438478590e-03
5.474427050635600339e-04
3.846825721764824020e-03
3.396235095408722208e-03
4.697647548943520955e-03
-2.756874290867467568e-03
-4.152312944580506711e-03
3.335075553946163958e-03
-7.116330602810352988e-04
7.330469429690555754e-03
4.781502591239034268e-03
-3.125792570159118119e-04
-4.275093457338238236e-03
-3.318451219732398223e-04
-3.515292866156851260e-04
1.090343898605261770e-02
-2.697497171500810279e-04
5.423422209112494473e-03
1.794201603142424068e-03
-4.328012596698870007e-03
1.932010230799902041e-03
2.766140513529629025e-04
9.228656176657612379e-04
-1.284552460688996069e-04
-6.510911997565437892e-04
3.589730085280118214e-03
1.410340483082985451e-03
1.527725722138598662e-03
3.354040230211664808e-03
-8.449093551347043292e-04
3.633855167645707283e-03
-9.865544881658252011e-04
5.930162932960813746e-03
1.568973145067771796e-03
1.988058439520607205e-04
2.466051229168179145e-03
-4.081596360633373151e-05
6.707553226468964021e-03
1.879843383337860985e-03
-1.491965378405383461e-03
4.419368328090021855e-04
4.377629055936740551e-03
2.086052559106087861e-02
6.013359186088873499e-04
5.872496787039927207e-04
1.838296434255611185e-03
7.556750679071932465e-05
-3.877688232800506098e-04
-6.255273320613935354e-04
2.302068584317014908e-03
1.972956703023327155e-03
3.051815124981659393e-03
8.195651705736843725e-04
1.632368767674111272e-03
4.515720602055415915e-03
3.143784509710098075e-03
5.361078817404903770e-04
3.541432334871462981e-04
5.883265816311194791e-04
-1.638388521076156569e-03
8.213363298901971751e-04
9.954811795471538508e-03
4.018387608272822736e-03
3.189201402004510641e-04
8.155630728032235710e-04
7.139999973557974427e-04
2.994971159524830329e-03
-1.690777499062216327e-03
6.812382914704474129e-04
-1.069785976201184522e-03
-2.616763825975176525e-03
5.674704382717531310e-03
3.184046569648202145e-03
1.569653183351001329e-03
1.340030572120976546e-03
4.452908076705008010e-03
1.032362527190293150e-03
-1.406057351512667551e-03
1.003879300761270112e-03
-5.536272898474273131e-04
2.507199009930621315e-03
-6.341765988684570704e-05
2.682666172212982807e-03
5.153513052636050223e-04
1.786764044710058286e-03
-1.679404474801069348e-03
-6.034626900552513603e-04
1.824871918182464784e-03
1.902944974407270312e-03
1.590051227645372482e-03
2.652535156537893461e-03
2.509087566006579402e-03
1.385021963226729992e-04
-1.406771169946895660e-04
2.119892169291715152e-03
1.924584613128984233e-03
-2.508940823128699617e-03
2.588974615982917848e-03
3.185081290462700963e-03
-1.633940188307388629e-04
1.878877494012523748e-03
1.317514290344775447e-03
2.050021248549419722e-03
-1.660614739909400386e-03
-9.364599140910469417e-04
-6.623841821113594323e-04
8.118403984881381041e-03
5.866907717299420580e-03
3.417158610489813217e-03
-1.034769366228743348e-04
1.048819118881733764e-02
-4.063032284626419063e-03
5.948911306838015368e-03
-5.702219573918423327e-04
8.359258478500108946e-03
-8.989811564900547242e-04
-2.215110432304265905e-03
6.077248182163116560e-03
7.304566702375812209e-03
3.781504745600348157e-03
5.663827348389328421e-03
1.153266838029055018e-02
5.316099721344747300e-03
2.046520277950153368e-03
4.198944285313485972e-03
3.618087999545510896e-03
-1.811831681083911133e-03
1.561127735879412571e-03
2.115749338651056084e-03
5.520101525498904288e-03
-2.330267473907376031e-03
-2.629206862194041674e-03
1.127449167990808750e-03
2.274756893072095616e-03
2.337906257725504730e-04
7.579788769450143855e-03
-4.562999527455277246e-03
5.339790077931914035e-04
1.252932331406379340e-03
1.138578506924382838e-02
2.607666887877719067e-03
4.493514004432381213e-03
-5.400927425496447783e-03
1.146769538778944809e-03
-1.414872869759125251e-04
2.135570007355007058e-03
1.426132916066418128e-02
1.540484354808237645e-03
1.860069215061741204e-03
-5.386710037475329980e-04
3.571719235590544578e-03
1.225188330992559027e-02
-2.614735155696423937e-04
2.296444935300825420e-03
2.064830308758082173e-03
9.939085422802649075e-03
2.422447005982854631e-02
-3.776980740203101598e-03
1.095938020291504231e-03
8.344185746185731750e-04
-2.932681711638525802e-03
8.373949651337820807e-03
1.501326670028203282e-02
8.019736277500381580e-03
1.408241197819161189e-03
5.482150052736794836e-03
1.219336692753878945e-02
4.785862971365483810e-03
7.352046013975471923e-03
1.010760309808136220e-02
2.955061722904170265e-03
6.503771241985714657e-03
5.234681403181259789e-03
8.042752806681034705e-04
9.511940455690093277e-03
-9.702573788961269072e-04
1.353256526335398606e-02
5.546776797351920391e-03
4.474347180891550917e-03
1.314535660653446542e-02
6.860128537021264322e-03
-2.372443606558819352e-03
-2.062817325370305561e-03
4.382737175342317319e-03
5.552567230612760231e-03
5.713765234096342994e-03
6.639533375827353159e-06
5.527003591651862870e-03
1.878351899885498041e-02
6.847646447705075037e-03
-7.319884377052444848e-04
7.883655456791090893e-03
-1.161910535874637789e-03
-4.295301271298689310e-04
8.537689108122413148e-03
5.277547800389851239e-03
6.520676696063475511e-03
1.396201822310575574e-02
-1.687839366572374674e-03
2.759480381313374024e-03
2.042410638806154387e-03
-1.115366325037798990e-03
5.604885426696161466e-03
6.500883030679074567e-03
-8.813900438775143769e-04
-1.633175855544366853e-03
6.071956332534355835e-03
9.435327979596992362e-03
8.245593092955577977e-03
-3.601358882649711600e-04
-2.787574983483539852e-04
-3.538664627193476367e-03
-1.164351283169589441e-03
-5.863352693046704721e-04
4.728063768472873241e-03
6.062665747774636333e-04
1.509157228563936994e-03
-3.243488868555351439e-03
2.457100009293230070e-03
3.211630844846196080e-03
-5.588886754852220168e-04
6.272110054474708610e-03
6.248732318191144337e-04
9.127610836982592152e-03
2.659096547945790636e-04
-4.714997125085611642e-04
-3.208622379141441716e-03
2.042938322527153207e-03
2.008339776769387137e-03
1.591411739199316902e-02
1.231023021515300752e-03
1.376573702608583499e-02
6.158155528540641167e-03
1.426997651558105373e-03
8.133323971391718393e-03
4.033107770659637853e-03
2.337840436689050364e-04
2.539885694764774330e-03
5.061309076524718800e-04
8.413625081485878038e-03
2.070195219430655438e-03
5.619612513717999087e-03
-9.690142018853775858e-05
-8.446905848051732999e-04
1.081912110750714133e-03
4.993182653064817157e-03
-2.113168372534719557e-03
1.126461442017247282e-03
3.994230921271897834e-03
-4.602879373724882029e-04
8.151945285218672316e-03
3.855433405186551102e-03
3.111295658608296839e-03
-1.495666322974386481e-03
3.300907163240709638e-03
-2.494962425769140305e-03
1.065762403986284662e-02
-1.692940708214470775e-03
2.034569019003790689e-03
8.227819722949373041e-03
9.855363095552798110e-04
5.857089636105609377e-03
4.289452220362014248e-03
5.862567574514156686e-03
-1.888759297597815585e-03
5.567025711051749350e-04
4.107828191774176400e-03
6.107206378366147881e-03
6.720882556181003234e-03
7.201246626301336003e-03
4.960316990243105600e-03
9.029223280953389960e-04
-1.133575972142354497e-02
-1.871604329627311685e-04
2.370228439754420643e-03
-1.354279335916008884e-03
4.502792238621590622e-03
-3.788825524425774079e-03
2.459183134611296704e-03
-4.695847756182674158e-04
-1.237473542914418394e-04
4.853849409405347655e-03
8.473291644202837758e-04
5.549473224130019311e-03
-2.764492597410157055e-04
1.585542543559826387e-03
5.877433959200072285e-04
-3.598499995384589652e-03
6.589744597359782326e-04
1.570874500587192239e-04
4.370569010845449902e-03
-2.717430820730374567e-03
2.319689693039790699e-03
1.128788198977675843e-03
-2.640973321455346735e-03
6.264941363633151801e-03
3.208826440390188852e-03
1.298784506486811243e-04
4.468106550303861191e-04
1.782636729671195196e-03
1.166144496194425513e-02
2.826987295675773676e-04
2.056807484088897780e-03
-3.212930634328969035e-04
8.846346821175030475e-03
1.143789869356527655e-02
1.178810979964131991e-02
8.466871562206408977e-03
8.187015240819328632e-03
5.183176087155958508e-04
2.601050932196291229e-03
4.451590487119805491e-03
2.626762112925199941e-03
2.103070894479964776e-03
-6.413417389046979777e-03
-9.906403522043209266e-04
4.639962989857584867e-03
4.071287413845162823e-03
4.593263863906872461e-03
2.136659943179885276e-03
-1.892570344489191616e-03
-4.251785822233823675e-03
1.483327997141107527e-03
3.636920190786916730e-03
5.334601585611403567e-03
-9.882584738636802793e-05
-2.689486068680873102e-03
5.473930426167315962e-03
3.143832946921234616e-03
8.494048574041386176e-03
9.777991993391467809e-03
6.190858509046560584e-03
-3.046302557608867147e-04
-9.308044757412314851e-04
1.489067457248158342e-03
6.029813840879798270e-03
5.145967018974623511e-03
1.526562689162023687e-02
1.934038947601442876e-02
2.289032218257141399e-02
5.504615175386295793e-03
1.487614016221512105e-02
2.029292807224956224e-02
5.892116793157908469e-03
1.244057388645071222e-03
1.433388059000874869e-02
-9.866557670281527956e-03
-1.043157372128842783e-04
8.832112264551238157e-03
1.429505779638377827e-02
3.542980007119485818e-03
-4.822660159994145851e-03
2.734399281315805924e-05
1.529804177281800627e-03
-2.581109278394644845e-03
6.781670569754250782e-03
5.804146667514402738e-03
8.429900980735084010e-03
-1.455497101392007895e-03
7.878674785850700926e-03
4.189060251627315865e-03
5.067978734772837952e-03
3.076240300803146331e-03
1.447836916011061882e-02
3.840306389996535862e-04
1.711763443837731151e-03
-5.971419732388054446e-04
2.079307556293747555e-02
1.078229982646817207e-02
3.570014922454894848e-03
4.789172648043872431e-03
3.177257495897439603e-03
-7.859990387373875457e-04
2.335092836193923549e-03
3.130415223815862652e-03
6.126772059278410253e-03
-7.361918313632485715e-03
-1.019625788321565710e-03
1.474944774080899157e-03
1.908759551016105463e-03
8.324107656098688260e-03
5.620703456915851839e-03
6.022953388818338798e-03
2.672818802001729658e-04
1.732157865028055056e-03
1.535452142810319210e-03
4.447660534526932030e-04
-3.208710007425574079e-03
4.275357587412143695e-03
-5.862744080997020317e-03
3.600341843481193703e-03
2.452771707209085638e-04
3.285913075452482485e-03
9.622453191961569466e-03
3.012300023730769827e-03
-4.814050235654396010e-05
4.171112819893198730e-03
4.474972597325617592e-03
3.670074595060922144e-03
-3.853143490675130147e-03
5.486236953809127403e-03
2.177760878086075903e-04
-3.560457638277437793e-03
5.231899073328894530e-04
-5.187546476388494102e-04
-9.458182413439914123e-04
1.734171328037717062e-03
1.369563579357359687e-03
4.446293838599835006e-03
4.336918213354973815e-03
8.677226351936547302e-03
7.863124161343385682e-03
-2.413272754721382338e-03
7.836954801796382902e-04
5.087627067968510976e-03
9.590115504356905816e-04
1.452460596161706495e-02
2.346165268919207965e-03
-5.533233194535436836e-04
5.881825483086858090e-03
5.387407862398369170e-03
7.399631221713184534e-03
5.816288863537974821e-03
6.762278408406470574e-04
-2.931851417415621240e-03
2.989819441367948163e-03
2.021152288507053335e-03
-5.161270303076133555e-03
2.506091095136560309e-03
3.589333451860656204e-03
1.354077873098546124e-02
-2.408028892822768887e-04
9.571137619304635746e-03
1.849713885499948765e-02
3.446533099725910577e-03
-2.853845094161597176e-03
2.251280241581490524e-03
1.351709873151600745e-02
5.579634269172257383e-03
1.538678737345190034e-02
1.320276856360919461e-03
7.179165478828540559e-03
4.709386161632704809e-04
1.781644081040522146e-02
9.593016138739260748e-03
6.819788904647901967e-03
4.241506637769556706e-03
4.935474354204219365e-04
8.622434223460626740e-03
1.113422687467093865e-03
1.271417946239206120e-02
1.080108305205538730e-02
2.855690009480270006e-03
1.261630711914227612e-02
1.035388628206073552e-02
3.225048360235009248e-03
-3.592884011178711567e-05
1.321336589344864962e-02
2.870313521825030439e-03
6.205134733447268368e-03
7.843480905080383800e-03
1.114564644234303584e-02
-2.378268022481712460e-03
4.239285351765635472e-03
1.090589290639621366e-02
-3.044600217429567685e-04
1.837999014293392741e-03
4.983474756390368632e-03
1.649998611758046307e-03
8.105528112209043137e-03
3.615511792052270631e-03
4.263825982517054428e-03
4.249264539203521235e-03
2.411347763469733063e-03
6.615827244993893567e-03
-3.448954854695909702e-03
2.879784829632986258e-03
3.517664404118342296e-03
-9.687979973687719636e-04
1.264473957708201271e-03
1.115371301037273652e-02
6.883097155941719954e-03
8.015364516712570817e-04
-3.625208484333357264e-03
4.172457726482223738e-04
6.024259801352335741e-03
3.635634014321952804e-05
-2.675839940252449853e-04
6.288164201624789514e-03
1.774013811003594425e-03
-3.211242089296939203e-03
4.370547612229120499e-03
3.348112168109946846e-03
1.015213875858226970e-02
-2.939310543890275799e-03
9.123780305378631841e-03
3.096875327547559190e-03
9.121408610363380617e-03
4.172556571837807149e-03
3.337286393662725319e-05
-2.863108640302644298e-03
-8.540460782393607519e-04
-1.855413166406078788e-03
1.576954179718580498e-02
4.568814067870202657e-04
3.926820676707934617e-03
6.001884963472568953e-04
1.983346114719771857e-03
1.286360492977956481e-03
3.785230623065181151e-03
1.075170596496867817e-02
3.845991845791671502e-03
-2.024517223871396231e-03
8.377641597416747923e-03
5.162886369129904805e-03
-3.102751089096698498e-04
-2.592098622444656509e-04
-5.281287000628071340e-03
2.024190192334475967e-03
7.173778048422171233e-03
1.711207999673535970e-03
6.757477739449152532e-03
-4.043868738691878441e-03
3.977162064888746518e-03
3.705894715537219695e-03
4.249063100875204863e-03
-7.328048678997185501e-04
-4.408944892531149067e-04
-1.193416474494899630e-03
2.123834078816377261e-03
-8.325759609217233802e-04
-2.037542490750572383e-03
2.627559004133918699e-03
4.357562940882422908e-05
1.196701210579769002e-03
1.350946151184844943e-02
-3.208839384116949842e-03
2.404970595554653751e-04
1.022008999398731077e-02
3.038181566759984471e-03
9.042016957899039545e-03
5.977179777528377619e-03
3.453538965472483457e-04
1.144588028341078602e-03
1.075935833470023769e-03
5.760002968530514647e-03
-1.407292518248726794e-03
-2.792860551869497891e-03
-3.062680458229687401e-04
-1.049028584872876806e-02
3.429424301671733788e-02
6.752072668825794682e-03
1.690709028455849097e-03
1.092257596331988774e-02
8.681830189835784001e-03
1.824113630787091087e-02
9.391563185312373427e-03
9.096602384988344663e-04
-2.512731014230794313e-03
1.128670338582929596e-02
1.407131139458119582e-03
8.876621617173290893e-06
2.314492202639044892e-03
2.974596000121006861e-03
1.301383568248421982e-03
3.038133614374070434e-03
-2.673313414680350032e-03
2.066933720366424462e-03
3.543855780825926755e-03
3.257447954352918860e-03
-6.383059800472230989e-04
2.530122842686518322e-03
1.199610929741648513e-02
6.970584607678422494e-04
9.181950548089200031e-04
-1.682098980088763546e-03
-1.545288365566688379e-03
2.776596567002286801e-03
1.630946488363766832e-03
1.004773825770411029e-02
5.478925112292802818e-04
1.121181630039549352e-03
-3.385387291557495496e-04
2.397251942500436619e-03
9.496436613078366312e-04
1.187969927200457562e-03
-5.742144566833148368e-04
-8.742367606824762334e-04
1.203494368719638854e-03
4.082233411007192038e-03
7.451714071526168576e-03
1.458039875634209621e-03
2.465196637463724829e-03
-3.774725845518324559e-04
7.842029965926950981e-04
-3.601270831532100286e-03
-4.521028459229201068e-04
6.042100791411629057e-04
1.162799533086598253e-03
9.348604252636873169e-03
1.494231899256898838e-02
1.443135940460443800e-03
3.601675192810682713e-03
1.791118025114242507e-02
-6.158823150628055937e-03
9.787616167801067163e-03
-3.198828218426920996e-03
1.998389510376175938e-03
3.441991152842308836e-03
5.177008700223720240e-05
-7.174463023437648804e-04
1.490754993176505311e-02
-9.003403135992623513e-04
5.964260939752574243e-03
6.867450962792598021e-03
7.058519328547460149e-03
-2.064274808907144015e-03
6.341372219746590350e-03
-2.262408679546426982e-03
4.764408081661838240e-03
2.329175667211860756e-02
-2.230146412428159457e-03
1.006380671097766022e-02
-2.771967622854739320e-03
2.304451708931141117e-03
5.765184885474076461e-03
-6.475461458113040947e-05
3.601083753978886418e-03
-2.191945230624583497e-03
1.845557921604331318e-03
4.531585397056330823e-03
1.084196653664241602e-03
2.240246642599332243e-03
9.617862739055916318e-04
-2.942992993158117555e-03
4.722592601360249640e-04
2.860829936761224643e-03
5.641907654150332251e-04
-5.763322341030026460e-06
-3.056657741528958088e-04
-3.356819078909035158e-03
3.967411012050212939e-03
3.473141194982399919e-03
3.614268247357604359e-03
1.354398397660916929e-02
-5.657786501224585859e-03
7.707865370708013274e-03
3.876533867661757261e-03
2.416889453397877419e-02
6.740972661643891174e-03
-5.352475052893303220e-04
1.284713654227650397e-03
-5.979413237256705864e-03
-3.455087753903311656e-04
2.395510710934448898e-03
5.315277214403717199e-03
6.153850357025010889e-03
-1.300105593091123272e-03
2.961183178010684362e-03
-1.598709819409965035e-03
3.505008067338184069e-03
7.774571528419722995e-03
1.185229868833908131e-03
-4.213484582858572801e-04
-1.466750572393588428e-03
4.654037783046317649e-03
2.665157026109464013e-03
3.501758066396691745e-03
2.872593708511489170e-03
-1.896395457160923639e-03
1.052773239846674543e-02
1.277583329689597168e-02
2.785239780834045976e-03
2.560910291092211109e-03
-2.584170381479818871e-03
3.167703577585168941e-03
5.600791754655618307e-03
8.517078157003977936e-05
3.840268570613578503e-03
9.080885377236445118e-04
5.700052111454024552e-03
4.334059508875931326e-03
7.314145394636969132e-03
2.622529546528511429e-03
3.548232343441915654e-03
3.511944893379916402e-03
9.651615593144081268e-04
2.575274395882151506e-03
-2.093247340029693974e-03
-9.352738514341828440e-05
9.967680469868732494e-04
9.544963813704556918e-03
5.083296199377498620e-04
1.734286291574039032e-03
-1.239644369552606431e-03
-5.546999670771629587e-03
3.284957935534232138e-04
2.646450622879557239e-03
2.028729088873193042e-03
4.503815510010951970e-04
2.219407209873030910e-03
8.939142423984785396e-03
1.909030514914183485e-03
-9.354173183264258935e-04
6.653656373107900892e-04
7.200868918911294304e-03
2.136624216380903158e-04
2.746241008867052885e-03
4.749785358751868131e-04
5.448318022744903788e-03
1.659492134927872085e-03
1.756819115160380973e-03
2.759599201622207811e-03
1.361203476929740558e-03
2.572215520442594494e-04
-1.088349796444898054e-03
4.800246719196716054e-04
3.578609259336347059e-03
6.225418506797490183e-03
5.794703863812257407e-04
1.842952708102239953e-03
2.962262629795132940e-03
9.397387994050643983e-03
1.445832169380864562e-03
-8.979950259445034465e-04
-3.152650950480873591e-03
1.485048868037237889e-03
2.281983667778080677e-03
2.873092737519485421e-03
1.162720456538976011e-03
-9.086032123616879282e-04
1.261914740701251467e-02
1.990908324816442840e-03
2.071289034950478739e-03
9.974112656492991301e-04
7.405013820695281919e-03
1.391973226515460268e-04
-3.218699808160936171e-04
4.755240369494097416e-04
4.771739702709222944e-03
-1.198723988889337450e-03
2.385016976692749466e-03
-3.957337616576848613e-03
-1.079988349372733476e-03
3.415182834834717962e-03
2.437124983793326357e-04
8.575588780307353762e-04
-9.836566407894784068e-04
1.410103962234336272e-03
1.299859396011333098e-03
5.242768140051761068e-03
3.661138999733656516e-03
2.033027580822962394e-03
6.673158993309604272e-04
4.245680700736598895e-03
8.831858743566729287e-05
4.900436846443782454e-03
1.041107568583336980e-03
3.209574256966560638e-03
5.331994257194510971e-03
2.588690878962241794e-03
2.592566738033057119e-03
1.858210876217008785e-03
2.014188015251587192e-04
1.507306362694132247e-03
-8.559485773725976875e-04
1.610340524642933299e-04
1.025796892475975544e-03
-1.893996834648556003e-03
1.835852403620776572e-03
-2.255058816727553098e-03
-9.110226698659067146e-04
3.801139615054793591e-04
-1.416758697888872509e-03
2.012888462630754455e-04
1.293655403941337823e-02
5.934389622410480777e-03
6.796801773467279692e-03
5.612812009275552558e-03
-4.024755512605258240e-03
4.073089999828133703e-03
9.114766576858966685e-04
2.844825650124461688e-03
1.445487370196331346e-03
2.485518511063577237e-03
-1.842575498013680150e-03
5.488982476929762933e-03
-4.824505213485406094e-04
4.721385395036252659e-03
-2.390496837524283200e-03
-4.220618100864108498e-03
3.120126213593725148e-03
8.218944203086629707e-04
-1.834569588389973983e-03
5.196695567955972490e-03
-2.104014928559600275e-03
4.589805190832353253e-05
-5.497845698171739508e-03
-2.747493531131872148e-03
1.625405152295454690e-04
3.138134453245690868e-03
9.588012990123453852e-04
2.830371561006335066e-03
3.938864109125522241e-03
-3.414439863722362745e-03
1.651928621018690889e-03
-1.450729633556909186e-03
-8.892057914612187287e-04
-2.123447926574242341e-04
4.366076006085897071e-04
-2.331722253687954806e-03
4.039059385533418783e-03
5.104524495103332504e-03
6.239462895123077529e-03
5.486224949382584749e-04
8.170165961851501291e-03
2.037404390331708399e-03
3.069569660319223202e-03
3.287425085863992635e-04
7.457087617505420759e-04
4.371617605553862647e-03
-6.923384902274671519e-04
-2.085661041617827179e-03
5.278151746371758692e-03
-2.357776538830723759e-03
3.116519060982038316e-03
5.578508176621646813e-04
-1.664739779859343918e-03
-1.891008455269440214e-03
9.608764606682201979e-04
2.033112858003653482e-03
-2.152537894761302750e-03
4.769590408034243313e-03
7.541257489897986756e-03
8.875345912047864078e-03
1.772474710517665114e-03
-6.133799573523354785e-04
1.893431666091096883e-03
-3.081698648213350954e-03
6.302479508562656117e-03
1.174488223522017309e-03
-4.295793132662458717e-04
-7.815002373382728094e-04
-7.062966330718832477e-04
1.466373673263700848e-03
-1.367457894265688284e-03
-1.698417507564458804e-03
9.078365853774163262e-04
2.611177159973088061e-04
1.828709436311541344e-03
-1.222670443931060018e-03
7.401903858498377897e-03
-3.766499839584029879e-04
5.350153778156398546e-03
1.443513463841760791e-03
2.725236294311009395e-03
1.275965287713303267e-03
-2.800114482371976812e-03
-4.490970536927863552e-04
1.039471381681858356e-04
1.312010164270175760e-03
-1.360262483069901458e-03
3.680864175463518769e-04
1.896079605895130459e-04
2.339710960103789494e-03
8.536203328198602863e-03
6.945892247657231913e-04
-5.751930463781832099e-03
-2.167464778455217411e-03
-4.533019592770083997e-03
-1.847617025615622653e-03
1.041487554670308610e-03
3.439756698994796916e-05
-2.709930354080373246e-03
3.390942252707450973e-03
2.345178762978352652e-03
2.074581372099437455e-03
7.373469869468539384e-04
9.604369464468848986e-04
8.490976403790856343e-04
-3.228767015537832748e-03
-1.506189572391090047e-03
-1.204729569538241524e-03
5.238226606208622703e-03
-1.802274670108319071e-03
2.197011975140430225e-03
-1.323671210175281915e-03
1.553788626359197539e-03
2.507654147709344541e-03
7.583154665263726855e-03
-1.128735037582717822e-03
-1.408040764581319423e-03
1.885154352809576906e-03
3.180959070147580691e-04
-2.249276942538097623e-03
-4.159137189558933037e-03
1.792339909218670403e-03
-2.092819179176788960e-03
2.224648685524582489e-03
1.850994242962356734e-03
-2.153534915967024801e-03
2.587201932993597655e-03
1.245613235958883090e-03
4.927492670982682073e-03
-3.301398528189941964e-03
3.407455610879882475e-03
2.087154553900045107e-03
3.630531335345727091e-03
-7.047416207231444818e-05
4.172675153743498656e-03
-2.308226576664427609e-03
9.580863228636358336e-03
4.006105511211625371e-03
4.492676270774328333e-04
2.742113761871620061e-03
3.287515296705388092e-03
2.071433696518762066e-03
9.567370784554396664e-04
-3.898416227812948661e-03
5.438697534357315490e-04
7.371315975555316679e-04
3.291330339629120263e-03
2.892980422184394072e-03
-1.326543415171522067e-03
2.760941001801718760e-03
-1.992418020469695415e-04
-8.680664040077205271e-04
-1.036524353644763903e-03
-9.031569295737193340e-04
3.121620516463443490e-03
2.297121447546148203e-03
2.064796933318194683e-03
-3.739471236767373790e-04
9.002001198066949053e-03
2.832759400319948863e-03
1.589686545080987602e-04
3.776947568736776974e-03
9.315638348907096791e-04
8.272813417432730264e-04
1.953959834151330378e-03
-6.258922897094524630e-04
8.417398551166530365e-04
7.379822767190740698e-04
2.554138290256848139e-03
1.700847360405777827e-03
1.996900051767793415e-03
1.602564461108541439e-03
2.882628629951146295e-03
5.940192364004876976e-03
2.867915652734235547e-04
-4.107568338339586192e-03
4.709061928578258185e-03
3.962846312460974532e-03
3.220276210445582182e-03
5.931814082744469793e-03
1.023434586451411887e-02
2.053931418923466909e-02
9.059530311566673169e-03
1.147023639611660650e-02
1.483352535555008261e-02
5.479903715973414614e-03
7.979713169147691770e-03
4.385838451628864057e-03
1.558288312759981489e-02
9.609708255785703174e-03
-3.274171650451510561e-03
-4.194132519452128602e-03
-1.469202412198758706e-04
3.031836698446605666e-03
-2.651885328145174754e-03
7.406442735720427783e-04
7.359625281333583013e-03
2.280387072943077832e-03
-1.005142966959018383e-03
2.160773320727881700e-03
-1.007971749519346195e-03
3.251241477509258029e-03
8.527886069210671629e-04
-2.176523782754596469e-03
1.604121236262712104e-03
-7.887423396345099062e-04
3.283601433869491257e-03
-6.273559730673209604e-04
1.309700436972147932e-03
3.494737167073380018e-04
7.017275920596886818e-03
-4.042310125119265123e-03
5.490124516315653298e-03
1.624721032335233253e-02
1.087901496445076339e-02
9.440204193143605926e-03
1.178981260771339717e-02
3.295945589460321911e-03
1.699800943220406086e-03
7.201470918210313085e-03
-5.051726385092993390e-03
2.638624317885519127e-03
-3.865608087850644706e-03
1.144890843326515709e-02
1.632396651716305313e-04
-2.696883647319196688e-03
-1.273361466535906134e-04
4.687591668845724098e-03
-3.544933950416664752e-05
5.436414452142392627e-04
-9.891564859322793737e-04
-3.378803172783808630e-03
-2.514936665793888397e-04
8.046129616505106469e-03
8.982621090434369723e-03
2.008109441144023330e-03
4.435773479613682596e-03
-1.267097132182526658e-03
4.898028605164791559e-04
4.049233617168442392e-03
2.522970638657705961e-03
2.434835844370274432e-03
-5.980566812389871180e-04
-4.038435874594156587e-03
-2.635390810167998485e-04
-5.346181801234733705e-04
-1.592111741200574661e-03
7.148954259699932248e-04
1.638405029632448409e-04
1.376979108244507722e-03
8.161893936738521746e-03
-5.807723697431112740e-03
1.855923272567693450e-03
4.026410373159882566e-03
-2.148787721686610738e-03
-1.481242314502008439e-03
2.620403361813111037e-03
4.390391910409922362e-03
8.598245864219864094e-04
1.295907782948070228e-02
4.182893821327341236e-03
-1.088093813061426825e-03
4.661751592867201081e-03
1.522721109167660472e-03
1.388394369442969532e-03
4.134911762873278232e-03
4.459172211312997444e-03
-1.840667969956851207e-03
-1.569143248013154992e-03
-2.645672611856431035e-04
1.193571541947376557e-04
2.172721082512167959e-03
4.056216141964557806e-03
2.821583151231701544e-03
4.049506004812595227e-03
-4.596153353712436468e-03
5.755139956059798431e-03
1.935565209171333668e-03
4.623309419691701457e-03
-1.582968420375616397e-03
9.877301789663893092e-03
-2.172143748408335816e-03
3.873573584834150672e-03
-3.164811009697392642e-04
9.423506911359306060e-04
4.885815056038739571e-04
4.826994575328935784e-03
4.753278438000142769e-03
1.139116895441429902e-04
3.559642795214458966e-03
-8.701505414695397816e-03
4.938006849809148391e-04
1.940333319790192405e-03
-1.389841547271034863e-03
1.406798242498555427e-03
6.663843329082454886e-03
-3.137851618543614426e-03
3.239849771225741630e-03
-2.883927725679154026e-05
1.712036660240530547e-03
3.245031980977806582e-03
1.391317594467767534e-03
-3.400900120755963492e-03
2.336500675703916466e-03
2.193629586763328355e-03
5.657205430552099401e-03
-1.872440601496800348e-04
2.882566627048206362e-03
8.494329310315801816e-04
4.694955675273171369e-04
-1.991387918273244831e-04
7.522113347414775310e-03
6.330450323553873417e-03
-3.146184241762341269e-03
1.684965931389123886e-02
1.857152584612240930e-03
2.393103199068398641e-03
4.442883943571466956e-04
-2.422025462151037017e-03
-2.671650722645644953e-03
1.018700088163325933e-02
6.642028923558906776e-03
3.718593688124713532e-03
5.394276108776008749e-04
-2.951803588875200144e-03
3.279205735086966438e-03
-2.236216816786744215e-03
8.257519751290930132e-03
5.720152109369761560e-03
-1.279070313208688792e-03
-4.621578204634640280e-04
3.313282223341666635e-03
1.038224014787545238e-03
1.259323024402394511e-03
5.483394425618108841e-04
-3.799442210574782534e-03
4.404510653190762265e-03
-3.170434394200508793e-03
-2.637133250174867639e-03
2.227648951475653895e-04
-2.484500082010158810e-03
1.970244822614062707e-03
2.559341132209833926e-03
-1.297747279728196689e-03
-3.148430036904770711e-03
6.318783174499044246e-03
-2.502043277405574875e-03
7.088245980691997190e-03
2.846982446977334991e-03
8.924269917137758398e-03
4.780892738423531650e-03
-1.866441784743190935e-03
2.048300965595727368e-03
2.125670173538478369e-02
1.203590695435108326e-02
2.074087416890394667e-03
5.723769513987568731e-03
1.116543698661906113e-04
2.004641490473100217e-03
8.571051819107189731e-03
-1.916625095305217637e-03
-4.615704563837391694e-03
5.293477802928527910e-03
2.102057441164594323e-02
-1.016321972453041594e-02
8.277994763180484411e-03
9.921134281090730409e-03
-3.908750277166934267e-03
-3.721035636772396672e-03
6.587474923850300361e-03
2.017459512614741979e-03
1.178729174864807851e-03
6.300499411198150386e-06
-9.876016186924130302e-03
4.556079199915495821e-03
1.193861027250377703e-02
9.738471172863565756e-03
3.787994924806751401e-04
-1.077433660266914530e-03
9.281395231519483716e-03
8.632497980485796547e-04
6.754026729693584849e-04
9.450384571472817893e-03
4.720147005824435610e-03
-1.157816090579645877e-03
8.970189791029158782e-03
2.477332373004693597e-03
8.636850980878007025e-03
-1.312127606478369216e-03
2.446604551075009203e-03
6.551672618517015954e-03
1.169403290959849379e-02
1.221991910295537479e-03
1.377329001489103165e-02
3.081916738174577536e-03
-5.181265185371968429e-04
6.201981385220708271e-03
1.937150043513328904e-05
8.090152742791532903e-03
9.828131586017828381e-03
2.535070612401821473e-03
9.325112965960309988e-03
6.247534731160808014e-03
-6.038341563833235330e-04
3.209075155102147740e-03
2.676280000711779225e-02
1.953667981530969426e-03
4.295476968773909512e-03
